-0.002966 0.034931 -0.043579 -0.003562 -0.000714 0.006774
0.101653 0.164414 0.042335 0.094786 0.098237 0.069613
-0.088224 0.031174 -0.092004 -0.037174 -0.022984 -0.033784
-0.003034 -0.017485 -0.032766 -0.007461 0.014035 0.042338
-0.003128 0.046439 -0.040726 0.007688 -0.007916 -0.018774
-0.089275 -0.121440 0.109860 -0.037937 0.025116 -0.007890
-0.107118 -0.071798 0.070343 -0.045698 0.013044 0.041953
-0.041866 -0.047478 0.023292 -0.042455 -0.001377 -0.004351
0.092745 0.112825 -0.191840 0.052035 0.098762 -0.008418
0.040952 -0.232143 0.198980 0.001045 -0.004498 -0.003998
0.053926 0.129211 -0.097116 -0.003861 0.001263 0.003073
0.095387 -0.008494 -0.024636 -0.041831 -0.072537 -0.038776
0.091807 0.032935 0.119756 0.004808 0.005113 -0.009684
0.184449 0.188084 -0.080069 0.013174 -0.066889 -0.046023
0.120560 0.007706 0.060899 -0.054830 -0.008040 0.103134
-0.032541 -0.016737 0.023199 -0.002016 -0.022085 0.027242
-0.049749 -0.019962 0.063317 0.013014 -0.019844 -0.010089
-0.139776 0.017477 -0.144578 0.125326 0.064184 0.093854
0.001836 0.034184 0.045645 0.031699 0.037264 0.085696
0.064105 0.053763 0.066897 -0.029641 0.060105 -0.017403
-0.014603 -0.024154 0.026859 -0.050043 0.000863 0.055578
0.013509 0.022863 -0.036703 0.103748 -0.074874 -0.061316
-0.019041 -0.028921 -0.055468 0.007363 -0.023772 0.012912
-0.147832 0.077620 0.082097 -0.012700 0.102105 0.085324
0.032946 0.063021 0.049395 0.005322 0.076350 -0.044306
-0.174661 0.000695 -0.035216 -0.063920 -0.042671 0.009415
-0.120106 -0.025560 -0.180968 0.007221 -0.020432 -0.066586
-0.150257 -0.154080 0.079022 -0.009386 -0.038831 -0.034016
0.085536 -0.166940 -0.111804 0.014761 -0.022422 0.008447
-0.187389 -0.120022 0.018223 0.004724 -0.007603 0.014023
0.101708 0.071288 -0.019884 0.007111 -0.006734 -0.011311
0.009468 0.043234 0.072114 -0.141708 -0.014645 -0.021592
0.076242 0.000836 -0.003018 0.065800 0.053410 0.062092
0.028965 -0.121562 -0.006580 0.001567 0.017950 -0.019849
0.009696 0.058260 0.063066 0.044666 0.040160 0.005006
0.131803 -0.140814 -0.225185 -0.123432 0.006913 -0.005657
0.002136 0.041677 0.062145 0.042536 -0.070790 0.080067
-0.057858 -0.045900 0.005902 0.033930 -0.043034 -0.033488
0.026435 0.015775 0.126935 -0.079585 -0.015961 -0.000873
-0.037474 0.026102 -0.149882 0.002903 0.009714 -0.043530
