0.091186 0.108598 0.078406 0.002773 0.006475 0.025536
0.138418 0.045897 -0.114186 0.010224 0.045476 0.028253
-0.024438 0.019790 -0.001416 0.024001 0.028497 0.103778
0.085135 0.092753 0.071639 -0.005865 0.002618 -0.007548
-0.122584 -0.059234 0.165225 0.066403 0.036564 0.017419
0.031824 0.181072 0.125155 -0.020587 -0.023073 0.005302
-0.128908 0.040759 0.027964 0.097544 -0.071723 0.052624
-0.015243 0.179432 -0.160386 -0.012636 0.034969 0.013624
0.190715 0.160988 0.053991 0.013768 0.024289 0.015933
0.079646 0.017489 -0.040762 0.011371 0.112410 -0.083748
-0.048725 0.067872 -0.012795 0.001222 -0.009421 -0.008387
0.047647 -0.046967 0.131916 -0.108018 0.004423 0.034493
0.008421 -0.018333 -0.069296 -0.003772 -0.029430 -0.041121
0.188727 0.202201 0.110542 -0.000220 -0.015003 0.000228
-0.007696 0.110364 0.140367 0.017339 0.011447 0.006826
-0.033646 -0.085493 -0.102503 -0.010972 -0.031122 -0.015198
-0.080007 -0.126997 -0.065453 -0.011276 -0.040276 -0.030247
-0.012824 -0.044545 0.037675 -0.046541 0.098229 -0.004852
0.137944 0.138060 0.073114 0.053759 -0.050332 0.042484
0.072681 -0.154807 0.009322 -0.051851 -0.018805 -0.018050
0.055908 0.014810 0.031217 -0.049312 -0.039380 -0.034581
0.227268 0.028085 -0.081779 -0.013396 -0.040369 -0.080931
0.124220 -0.120731 -0.002836 0.021505 0.055771 0.016976
0.010314 0.005880 -0.042205 0.058553 -0.005139 0.061621
-0.077122 0.156094 -0.011983 -0.002026 -0.002428 -0.002229
0.020672 0.026110 0.027306 -0.026134 -0.024030 0.015288
0.040167 0.022147 -0.011478 -0.009636 0.005818 -0.014506
-0.022696 -0.082714 0.080648 -0.015321 -0.014085 -0.046541
0.193216 0.178853 -0.115338 0.028780 -0.029010 0.024922
0.103887 -0.149067 -0.249484 -0.091949 0.054359 0.100633
0.122823 0.069037 -0.122877 -0.015995 -0.006296 -0.002277
0.051525 0.222055 -0.008344 0.081414 0.007755 -0.024726
0.043574 0.112200 0.121946 0.037877 0.028912 -0.001300
0.012040 0.017068 -0.047919 -0.012822 0.013773 -0.011122
0.056592 -0.111321 0.056992 -0.046255 -0.048074 0.009132
-0.018805 -0.004351 0.011219 -0.041950 0.066489 0.070378
-0.053425 -0.029795 -0.033844 -0.006544 -0.006757 0.011519
-0.099971 -0.033355 -0.121756 -0.017319 0.018927 -0.000680
-0.092874 -0.024629 -0.045053 0.091491 0.072635 -0.091063
0.028814 0.017420 0.008455 -0.098258 0.060277 -0.069134
