0.083099 0.051711 0.037016 0.019117 -0.032352 -0.012533
-0.005123 0.149274 0.155359 0.085841 0.060737 0.002070
-0.124399 -0.013798 0.104876 0.035326 0.022708 0.020158
0.153946 -0.058384 0.098893 -0.004137 0.010512 0.018109
-0.014979 -0.000035 0.061672 -0.017078 -0.015915 -0.016268
0.166965 -0.138136 0.159858 -0.037956 -0.034468 0.009528
0.176574 -0.090509 0.201747 0.093875 0.089965 0.020818
0.157012 0.159544 0.000048 0.078502 0.044608 -0.073929
0.095780 0.043978 0.139598 0.065307 0.108617 0.014404
0.196340 0.215366 0.025426 -0.008210 -0.004539 0.000104
-0.081375 -0.025788 -0.072714 0.002222 0.001350 -0.003351
0.025074 0.017501 -0.032923 -0.028883 0.031473 -0.009580
-0.109579 -0.001747 0.062770 -0.003759 -0.029427 0.020997
-0.025685 -0.232626 0.201621 0.031939 0.038175 0.076362
0.016885 -0.065047 -0.040136 0.007326 -0.010742 0.017896
0.073013 0.111620 -0.112212 -0.072813 -0.060131 0.053298
-0.183816 0.033773 0.246778 -0.008349 0.066718 -0.080317
-0.042666 0.071679 -0.067696 0.012146 0.048725 0.018424
0.018876 0.012670 0.026658 0.009376 0.027504 -0.045986
0.057810 0.015354 -0.089913 0.135308 -0.120740 0.109720
-0.019041 -0.020868 0.001193 -0.007186 -0.000711 0.001463
0.080611 0.035612 -0.005177 0.004273 0.004748 0.003009
0.033068 0.001709 0.000232 -0.022588 0.044805 0.049009
0.030579 -0.047321 0.020373 0.098503 0.031483 -0.006179
-0.015737 -0.077121 -0.014000 0.034960 0.091985 -0.055390
-0.023190 -0.010931 -0.020295 -0.044499 -0.036778 0.094456
0.095628 0.109635 -0.151639 0.044311 0.049888 0.012315
-0.013789 0.153393 -0.003723 -0.095998 -0.022647 -0.048163
-0.016488 0.038588 -0.102079 0.061235 0.030654 -0.048996
-0.006316 -0.024412 0.079723 -0.010124 0.006680 -0.013182
0.094300 -0.037376 0.030607 0.106992 0.034484 -0.066380
0.089109 -0.123515 -0.128510 0.057818 0.097867 -0.097199
0.029052 -0.045098 0.062727 0.005098 -0.032867 -0.043070
0.028593 0.031877 0.031083 0.008534 0.049644 -0.052921
-0.000663 0.027473 -0.009350 0.084458 -0.008377 0.072572
-0.186522 -0.039011 0.115257 -0.052727 -0.097683 -0.101359
0.034165 -0.186675 -0.077767 -0.040573 0.100575 -0.088031
0.011179 0.032726 -0.043710 0.078328 0.007013 -0.075114
-0.087910 -0.054536 0.123725 -0.011753 0.035258 0.049052
-0.102963 -0.113055 -0.221674 -0.131314 -0.079571 0.021151
