0.035902 0.090230 0.046130 -0.074688 0.080810 0.032352
-0.032816 -0.170667 -0.179325 -0.035302 0.079520 0.005152
-0.153227 0.127051 -0.102230 0.022977 -0.002811 0.069615
0.018989 -0.036712 0.035064 0.083035 -0.000220 0.055023
-0.017145 0.043459 -0.014844 0.033854 0.050600 -0.008977
-0.023792 0.081174 -0.033215 -0.032950 0.058664 0.048937
-0.030716 -0.009059 -0.084401 -0.145841 0.026425 0.136487
0.039176 -0.016138 -0.128216 0.038713 0.045576 0.044699
-0.042673 -0.076429 -0.104136 -0.054420 -0.045813 0.063644
-0.103629 0.069169 0.002150 0.007767 -0.037366 0.085586
-0.052810 0.028278 -0.032991 -0.003359 0.006886 -0.002785
0.110252 0.124161 0.216853 0.029931 0.007178 -0.030636
-0.007018 0.044456 -0.050749 0.039016 -0.038036 0.035559
0.054814 0.070723 0.064135 0.027580 0.044279 -0.050609
0.123475 0.078766 0.079407 0.046126 0.037024 -0.065750
-0.118570 0.025260 0.110633 0.026650 0.000253 0.030852
0.012348 -0.027920 -0.038034 -0.000157 -0.000360 0.000027
0.160239 0.187475 0.063886 0.029432 0.021915 -0.008385
-0.035336 -0.062869 0.014080 -0.057757 -0.007547 0.078792
-0.015685 -0.064821 -0.060476 -0.091290 0.092745 0.002526
-0.000893 0.017272 0.001610 -0.018863 -0.020894 0.049481
-0.013537 0.040905 0.160902 -0.040172 -0.031340 -0.036975
0.191509 -0.125917 0.121558 -0.007661 0.003361 -0.005163
0.011384 0.067641 0.052352 0.003883 0.011600 -0.017414
-0.068171 -0.044808 0.031335 0.010118 -0.004206 -0.019405
0.112533 0.097077 -0.052467 0.035674 0.092493 -0.024924
0.139805 0.062890 0.108317 0.004068 0.041367 -0.034121
0.135831 0.015522 -0.055880 0.001473 0.001134 0.001402
0.119336 -0.084049 -0.093289 0.004715 -0.090107 -0.058064
0.221141 -0.153751 0.104284 -0.010416 -0.045171 -0.017042
-0.054623 0.008300 0.000695 0.017885 -0.000209 0.016995
0.170904 -0.069492 -0.101926 -0.007697 0.003659 -0.012759
0.052884 -0.044437 -0.124063 0.062116 0.024107 0.072236
-0.059687 0.110232 -0.057272 0.080534 0.040182 -0.019982
-0.071813 -0.156289 -0.136488 -0.005990 0.051855 0.127797
0.012704 -0.034417 -0.006392 0.065355 0.008731 -0.084866
0.063365 -0.155838 0.098714 0.038247 0.042511 0.036456
0.002650 -0.007843 -0.015655 0.000051 0.017148 0.015036
0.049934 0.046627 0.009783 -0.023017 0.071024 0.050997
-0.087290 0.057648 -0.087574 -0.017313 0.025046 0.047777
