-0.137933 0.127756 -0.064599 -0.016658 0.066596 0.100971
0.067859 -0.056693 -0.073710 -0.004026 -0.079198 -0.007242
0.086810 0.085739 -0.116383 0.117645 -0.040684 -0.082909
0.011148 0.027250 -0.019767 -0.083654 0.077986 0.062723
-0.084324 0.139440 0.140990 0.021781 -0.009375 0.022601
0.029704 0.085261 -0.078025 -0.078773 0.069483 0.008756
-0.008082 0.044793 -0.024832 -0.055678 -0.085649 -0.058901
-0.042048 -0.150662 -0.167683 -0.023218 0.010442 0.004213
0.037873 -0.101572 0.104221 0.044823 -0.053932 -0.056983
-0.009165 -0.057541 -0.044426 -0.020738 0.108121 -0.040918
-0.031079 0.037471 0.046515 0.038548 0.030812 0.020746
0.115627 -0.014058 0.000405 0.112573 -0.106141 0.092376
-0.116104 0.197375 0.132240 -0.125376 -0.113488 0.004826
0.084606 0.136880 0.242311 0.004634 -0.019959 0.032117
-0.176893 -0.070009 -0.127281 0.074958 -0.063909 0.109921
-0.031730 0.007112 0.064553 0.106548 -0.128865 -0.047903
0.013376 -0.006369 -0.022053 -0.064411 0.056733 0.022064
0.046017 0.158388 0.164859 -0.008016 0.009288 -0.041557
-0.028445 0.026737 -0.034378 -0.015141 0.016748 -0.003074
0.000225 -0.104198 -0.044820 0.019093 0.039522 0.056924
-0.064661 -0.111675 -0.069241 -0.001000 0.008675 -0.000964
0.058140 -0.047132 0.010114 -0.063185 0.027435 -0.023137
-0.072708 0.016212 0.047751 -0.015486 -0.000735 -0.014246
0.019271 0.054942 -0.021384 0.045997 0.066730 0.050191
0.079930 -0.058751 0.148316 0.072952 0.092049 0.032616
-0.122509 0.086617 -0.029368 0.063969 0.107801 -0.046852
0.059170 0.022724 0.159673 -0.064919 0.051452 0.062541
0.020116 0.023764 0.010812 0.001447 0.001788 -0.002032
0.025341 -0.035192 0.041034 -0.138940 0.099881 -0.105117
0.024980 -0.032930 0.009418 0.054064 0.028174 0.108632
0.022277 0.160711 0.103708 -0.005297 0.020078 0.007900
-0.030281 0.048059 -0.005847 -0.068809 -0.075590 -0.108094
0.176658 -0.127103 -0.031543 0.002736 -0.015658 -0.008036
-0.010953 0.070256 -0.042489 -0.010436 0.083753 -0.109458
-0.056351 -0.056219 0.059257 -0.065554 -0.075169 -0.090566
0.020676 -0.001791 0.011089 -0.009651 0.010986 -0.003444
-0.010020 -0.023298 -0.039037 -0.023252 -0.004431 -0.041267
0.008868 0.099328 0.008364 0.034768 -0.011473 -0.025672
0.066150 -0.065476 -0.065786 -0.001318 0.001080 -0.005394
0.064170 0.010752 0.005993 0.062759 -0.031724 -0.053406
-0.141091 0.146429 0.138685 -0.025688 0.027706 -0.012558
