0.158569 -0.071246 -0.062628 -0.060741 0.011875 0.001583
-0.130530 0.047722 -0.047272 0.032378 0.026035 0.001265
-0.018798 -0.074110 0.127104 0.017541 0.002376 0.013499
0.201358 0.063130 -0.002791 0.001213 -0.000290 0.009530
0.017764 -0.038433 -0.019633 0.053987 -0.089366 0.048570
-0.048805 0.000705 -0.040109 -0.021028 0.045015 -0.035021
-0.016336 0.050130 0.111003 -0.110595 -0.132459 -0.042020
-0.022943 -0.014765 0.061786 0.022604 0.022965 -0.015046
-0.047414 -0.049705 0.062322 0.085918 0.013666 0.066500
-0.032146 -0.065773 0.070674 -0.037277 0.029994 -0.054065
0.042474 0.046811 0.034406 -0.019241 -0.027079 0.011161
0.149585 0.143607 -0.099661 -0.011587 0.024692 -0.034683
0.037761 0.003795 0.020989 -0.026598 0.011363 -0.006014
-0.086628 0.085812 0.155445 0.061990 -0.005682 0.079973
0.007314 -0.010074 0.009815 -0.009079 0.087905 -0.111520
-0.098050 0.083356 0.024824 0.117701 -0.045662 0.045276
-0.016698 -0.002010 -0.008493 0.039598 -0.043832 -0.016111
-0.151482 0.073596 0.100621 0.003371 -0.010100 0.010567
-0.115810 0.034039 0.100199 0.011423 0.017091 0.008570
-0.053241 -0.055711 0.055163 -0.008877 -0.004597 -0.000151
0.062978 -0.017846 -0.075990 -0.082733 -0.115561 -0.104939
0.008773 -0.084165 -0.201949 0.079628 -0.093706 0.119465
-0.138008 -0.149796 -0.116185 0.041382 -0.102903 -0.130285
-0.128092 -0.117988 -0.130039 -0.064479 0.037812 -0.050927
0.146660 0.126213 0.144928 0.083895 -0.069535 -0.018249
0.012562 -0.000226 -0.008520 -0.006585 0.086582 -0.041319
-0.004799 -0.040216 0.004418 0.058739 -0.036926 0.025577
0.009815 -0.047911 0.001585 0.087037 0.108121 0.033254
-0.074015 -0.027711 0.044532 -0.042099 -0.042335 0.044712
0.050101 0.027834 -0.046059 -0.001645 -0.030399 -0.034686
0.074495 -0.034938 0.068065 -0.018341 -0.002767 -0.014624
0.069045 -0.003003 -0.041940 0.118650 0.025599 -0.040635
0.077236 -0.041394 -0.121173 0.044778 -0.013847 0.088877
-0.020774 0.170483 0.168259 -0.018956 0.015520 -0.002188
-0.157346 -0.039794 -0.097842 0.009455 -0.001372 -0.001559
0.025979 0.020337 0.010675 0.030738 0.015791 -0.090368
0.150410 0.015262 -0.099235 0.004144 0.020403 -0.025397
-0.028088 -0.062836 0.070080 0.036559 0.054666 0.012336
-0.078447 -0.012338 -0.046130 0.073954 -0.015315 0.042996
-0.012391 0.035638 0.034401 0.016112 0.007001 -0.037786
