-0.058176 -0.074354 0.046943 0.084017 -0.016767 -0.018805
-0.087047 0.147939 0.037612 -0.005901 -0.016274 0.009495
0.004232 0.079209 0.141751 0.125227 0.091808 -0.097297
-0.034069 -0.158769 -0.200486 -0.101901 -0.086689 -0.013996
0.243035 0.244532 -0.097990 -0.002186 -0.021410 -0.015834
0.141578 0.063664 -0.139790 -0.091709 -0.040673 0.001537
-0.003430 -0.020103 0.009659 0.091944 -0.090693 0.057425
0.062610 0.083711 -0.007078 -0.010889 0.027844 -0.025598
0.015728 -0.065194 -0.089975 -0.054114 -0.011518 0.027784
-0.056953 0.058911 -0.029848 -0.006515 -0.001838 -0.006712
-0.038652 -0.102227 -0.093512 0.048365 -0.037399 -0.044435
-0.109188 -0.043027 0.194832 -0.091515 0.037670 0.107498
-0.020907 -0.010810 -0.042930 0.005836 0.009019 0.018218
-0.029777 -0.047933 -0.031184 -0.003247 -0.001294 0.059374
-0.072476 -0.058188 -0.173148 -0.033735 -0.127000 0.013910
-0.013201 0.143804 -0.131708 0.046263 0.046561 0.102558
0.123716 -0.152520 0.035922 0.108063 0.002635 0.064244
0.001682 -0.139176 -0.088554 -0.026612 0.002345 0.021305
-0.055911 -0.089621 0.008588 0.047469 -0.070703 0.060187
-0.021589 0.025271 0.001544 0.001281 0.003934 0.002352
-0.189994 -0.099670 0.217690 -0.001537 -0.096992 0.115312
-0.010487 0.117316 0.175430 0.023141 -0.056812 -0.058899
-0.070017 0.117646 -0.072409 0.014965 0.023029 0.006895
-0.089761 0.065258 -0.081821 0.057527 -0.001885 -0.023695
-0.131326 -0.147194 0.067393 0.037025 -0.002416 0.006873
-0.001283 0.021815 -0.011121 0.006964 0.075609 0.046981
0.008365 0.089610 -0.028298 0.034149 0.007550 -0.017203
-0.017095 -0.155132 0.144493 -0.067663 -0.005953 -0.072925
0.040437 -0.018454 -0.045558 -0.002392 -0.001051 0.003281
0.088475 -0.116513 0.055777 -0.052932 0.030766 -0.030306
0.139820 -0.067190 0.079575 -0.113740 -0.079557 -0.069392
0.034470 0.017718 -0.055254 0.099418 0.081641 0.100053
-0.019955 -0.020391 0.052832 -0.084189 -0.139723 -0.036040
-0.176898 -0.008865 0.056337 0.108073 0.075906 -0.101307
0.039189 -0.070772 -0.046502 -0.028687 0.004706 0.111335
0.082569 0.032460 0.138246 -0.025036 0.028884 0.021151
-0.047454 0.073328 -0.018103 -0.072697 -0.104935 -0.090615
0.033031 -0.004651 -0.197634 0.095646 -0.112955 0.087554
0.102381 0.069486 -0.219965 0.049161 -0.040410 -0.003389
-0.005176 0.028163 0.121145 0.026340 -0.011852 0.017554
