-0.155227 -0.163555 0.174089 0.000002 -0.019279 -0.053809
-0.037653 0.007541 0.040931 0.040595 0.012628 -0.039380
0.125869 0.158042 0.150180 -0.031608 0.028589 -0.023328
-0.081392 -0.017601 -0.065007 0.086829 0.008296 0.049636
-0.052008 0.021592 0.085441 0.026815 -0.017552 0.027488
-0.020372 0.015390 -0.013185 0.053018 0.003520 0.014538
-0.009269 0.037775 -0.010763 0.005125 0.087760 -0.052853
0.017535 -0.134617 0.163929 -0.030238 0.025844 -0.045842
-0.008698 -0.049212 0.019702 0.003901 -0.065160 0.092547
-0.111739 -0.124703 0.009574 -0.021671 0.013878 0.027044
0.141620 -0.050547 0.084072 0.015067 -0.000385 0.065702
0.127417 0.098346 -0.077780 -0.028521 -0.008848 -0.032112
-0.006623 -0.019012 -0.048581 -0.015404 0.023158 0.014708
0.000106 0.192972 0.216075 -0.037948 -0.123164 0.003712
0.006399 0.015577 -0.029691 -0.002388 0.009619 0.048313
0.181248 -0.099913 -0.166796 0.013074 -0.006643 -0.000774
0.006535 0.025436 -0.038261 -0.041917 -0.104481 -0.081835
0.099651 0.039656 -0.077234 0.088145 0.062891 0.051197
-0.044392 0.178795 -0.158115 0.063824 -0.079025 0.014609
-0.026220 0.029423 -0.078593 0.026988 -0.015318 0.025750
0.132805 0.126106 0.150249 0.042174 0.080456 -0.056184
-0.035417 0.055330 -0.032929 0.069710 -0.128171 -0.009673
0.036967 -0.035536 -0.032992 0.027981 0.026152 0.067256
0.051922 0.008835 0.004877 0.004857 0.004574 0.003225
-0.088256 -0.066854 -0.046599 0.086726 -0.009976 -0.102661
-0.245602 0.013102 0.044589 -0.007167 -0.000717 -0.010734
-0.000069 0.026255 0.077142 0.048178 0.030546 0.015508
0.048742 -0.067108 -0.075444 0.018905 0.076960 0.028759
-0.069737 -0.075559 -0.017554 -0.034062 -0.029882 0.017874
-0.020009 0.050328 -0.048357 0.015111 0.050664 -0.100129
0.182927 -0.161008 0.000652 -0.006894 0.005325 0.005183
0.040401 0.044692 -0.026034 -0.082126 0.032404 -0.074444
0.027183 0.018026 -0.071548 0.020225 0.009721 0.027209
-0.087935 0.068937 -0.176984 -0.061524 -0.072021 0.040053
0.020268 0.053155 -0.048407 0.072368 0.054234 0.057715
0.194774 -0.015432 0.106389 -0.112791 0.093621 -0.139825
0.101014 -0.031179 0.055429 0.007803 -0.026689 -0.014393
-0.068067 -0.034761 -0.040329 0.022406 -0.047251 -0.021485
-0.000133 -0.008101 0.005026 -0.062108 -0.061578 0.025609
0.004598 0.077346 -0.024697 -0.015763 -0.024197 -0.016117
