0.075731 -0.053209 -0.054018 -0.024993 0.001860 -0.022339
-0.050142 -0.084671 -0.000911 -0.018196 0.004568 0.012028
-0.005650 -0.022121 -0.020967 0.042705 -0.029146 -0.023338
-0.059496 0.064259 0.003951 -0.092022 0.004626 0.053693
-0.059891 0.029290 -0.078229 0.001821 0.029390 0.040142
0.046463 -0.049024 0.066498 -0.010175 -0.021128 0.044144
0.073192 0.004733 -0.144588 0.000539 -0.001228 -0.001322
0.094003 0.033330 0.015054 0.015862 -0.007589 -0.015300
0.101909 0.018633 0.013885 0.086767 0.027749 -0.061386
0.066684 -0.048357 0.029770 0.000235 -0.031288 0.045029
-0.005262 0.148628 0.000517 -0.039431 0.028654 -0.075209
-0.087420 0.048500 -0.136209 -0.002810 0.002558 -0.025490
-0.076359 -0.014541 -0.037078 0.037858 -0.067406 -0.077973
0.004082 -0.006270 -0.021238 0.013229 -0.008863 0.012520
0.222199 0.005522 0.130768 -0.086345 0.054959 0.007416
-0.197649 -0.047734 0.043133 0.017225 -0.029352 0.035912
0.049475 0.033309 0.064575 0.022660 0.012617 0.009750
0.044477 -0.037540 0.001762 -0.054618 0.012505 -0.041663
-0.080873 0.019853 0.137994 0.013944 -0.055996 0.043681
-0.096187 -0.031965 0.078794 -0.014630 0.003141 0.037632
0.000612 -0.060148 -0.029918 0.005572 0.004752 0.002862
-0.097205 -0.115481 -0.008633 -0.082941 -0.020335 0.011757
-0.032258 -0.085779 -0.110146 -0.012755 0.036485 0.044479
0.027296 0.002383 -0.138175 -0.004589 0.007003 -0.001090
0.151301 0.082151 -0.047599 -0.083977 0.051589 -0.090134
0.085537 0.134429 0.187578 0.005334 0.003588 0.011978
0.143975 0.131027 0.142783 -0.001733 0.003412 -0.010611
0.036202 0.085223 0.066009 -0.050052 -0.050956 -0.030564
0.057549 -0.123016 0.177449 -0.008910 0.000268 0.008538
-0.068615 -0.048416 -0.017878 0.084227 -0.025343 -0.006274
0.023200 -0.048940 0.038941 0.033741 0.032187 0.000747
-0.035260 -0.020528 0.115953 -0.024081 0.087534 -0.040970
-0.177465 0.159648 0.124777 -0.023294 -0.011936 0.003105
-0.071474 -0.030797 -0.059873 0.127729 0.063986 -0.025113
0.001409 -0.126836 -0.048178 0.003991 0.001401 -0.006948
0.067579 -0.076774 0.111302 0.006741 -0.061703 0.078850
0.025212 -0.014994 -0.071190 0.090833 -0.057325 0.038508
0.023319 -0.018533 -0.034317 0.028659 -0.023181 -0.009245
-0.027357 0.040301 0.059546 -0.002815 0.038918 0.076348
0.000959 0.050642 -0.012197 -0.084239 0.079295 -0.050143
-0.201377 -0.061356 0.238441 -0.010201 -0.015042 -0.008339
