0.004989 -0.111826 -0.048026 -0.015866 0.022899 -0.040263
0.165020 0.172177 -0.130729 -0.005121 0.005342 0.013096
0.081043 0.099923 -0.055933 0.011189 -0.005054 0.008561
0.046081 0.067609 -0.013029 -0.054970 -0.100283 0.088858
-0.127505 -0.102491 0.082596 0.074892 0.074563 -0.061762
0.083074 -0.037143 -0.079931 0.012479 0.074996 0.087286
0.080510 0.074497 -0.121300 0.053099 -0.025337 -0.034904
0.121741 -0.100716 -0.246631 0.007085 0.005011 0.012068
0.036064 0.012567 -0.050644 0.000137 -0.007607 0.005528
-0.019816 -0.008430 0.015179 0.049245 0.056561 0.034391
-0.207606 -0.000672 0.079726 0.026672 -0.022556 -0.003409
-0.166330 -0.032978 0.127804 -0.014196 0.004489 0.000804
0.105337 0.102913 -0.008709 0.009007 0.042695 0.034952
-0.063455 0.022779 -0.077474 0.001638 -0.005435 0.010272
-0.043293 -0.013221 -0.046821 0.010418 0.038172 -0.012393
-0.061117 -0.048421 -0.051691 -0.023448 -0.065572 -0.083239
-0.058461 0.081496 0.056178 0.012154 -0.023738 -0.001284
-0.097237 -0.127090 0.020128 -0.007111 -0.009275 0.015586
-0.182161 -0.183303 0.151470 -0.050093 -0.021465 0.007912
-0.064348 -0.113383 0.086853 -0.088701 0.045914 0.005357
-0.037463 -0.092671 -0.044235 -0.014415 -0.004982 -0.017530
-0.091800 0.059296 -0.136481 -0.025145 -0.013414 -0.104899
-0.023319 0.009813 -0.008219 0.025397 -0.003640 0.003424
-0.031384 -0.022913 -0.027795 -0.019629 -0.034165 -0.017338
-0.103407 0.127897 0.063652 -0.010571 0.003879 -0.007035
0.011110 -0.021695 0.021491 0.011807 0.085728 0.031740
-0.088791 0.062178 0.066313 0.027378 -0.076120 0.019936
0.103524 -0.084922 -0.158747 0.014138 -0.018599 0.008597
0.014197 -0.068030 -0.017241 0.059955 0.061791 0.000711
-0.050240 -0.232809 0.042904 -0.010154 0.001349 -0.033483
0.077774 0.079512 -0.063004 0.094703 -0.069954 -0.009456
0.025160 -0.009493 0.000860 -0.014659 0.008254 0.063034
0.030491 -0.057092 -0.078111 0.056740 0.037638 0.001431
0.088040 -0.125881 -0.107582 0.003114 -0.015141 0.017865
-0.066100 -0.202426 0.179898 -0.024501 -0.006040 0.012778
0.135634 0.032632 0.061721 0.008858 -0.010926 0.004125
-0.060904 0.024644 0.034354 0.087069 -0.015342 -0.011900
-0.108921 -0.155338 -0.067651 -0.009424 -0.025304 0.003411
0.128439 0.141988 0.000589 -0.068729 0.012891 -0.073203
-0.008559 -0.027668 -0.000620 0.050997 0.027526 -0.010450
