0.128315 0.105281 -0.076177 0.034008 0.008205 -0.017963
0.035382 0.020099 -0.006891 -0.037522 0.033514 0.041756
-0.031313 -0.242326 -0.165121 0.089721 0.054963 0.019067
0.003485 -0.032343 -0.033508 -0.044383 0.003893 -0.009539
0.114415 -0.105438 0.182108 -0.000259 0.017438 -0.015002
-0.039276 -0.056081 -0.025752 -0.000850 0.095928 0.033287
-0.026913 -0.225406 0.241953 0.052380 0.045986 -0.016983
-0.083234 -0.017664 0.027284 0.002147 -0.048858 -0.005797
0.002282 -0.047070 -0.005736 -0.063620 0.047062 -0.037826
-0.076272 0.020836 -0.064899 0.060582 -0.063803 0.014941
-0.006774 -0.009629 0.019416 0.000128 0.000064 -0.000479
0.009221 -0.036277 0.013847 -0.004844 0.006411 0.001853
-0.060184 -0.006046 -0.021619 -0.010125 0.007504 0.014242
-0.013043 -0.066743 0.046866 0.007699 -0.008128 0.007111
-0.002053 0.066743 0.067421 -0.059384 0.039393 -0.040957
0.102526 -0.170752 -0.116951 -0.090467 -0.017089 -0.062351
-0.086098 0.002806 0.036046 -0.049696 -0.054081 0.019426
0.060367 -0.057411 0.007781 -0.027161 0.093952 -0.072204
0.117232 0.100489 0.088692 0.083670 0.004053 -0.005295
-0.020610 -0.153771 0.018939 0.053128 0.035202 -0.051889
0.010919 0.022137 -0.023336 0.022368 0.030229 0.000140
-0.019230 -0.008054 0.017366 0.046258 0.024866 0.055477
0.183252 -0.212352 -0.029206 -0.095277 -0.133067 0.021635
0.049887 0.058842 0.109982 0.000206 -0.029289 -0.025306
0.109382 -0.076146 0.142833 0.008494 -0.009901 0.006997
0.004721 0.027029 -0.028771 0.035362 -0.013783 -0.022800
-0.018952 -0.084704 0.048337 -0.035536 0.103646 0.081015
0.010970 0.030004 -0.005036 -0.113145 -0.106422 0.055261
0.134307 0.121148 0.171474 -0.028495 -0.007494 -0.008680
-0.102301 0.044627 0.057924 0.080549 -0.074422 -0.016849
0.145311 0.039499 -0.186080 0.052328 0.050028 -0.071673
0.149880 0.027376 -0.080376 -0.095791 0.052780 -0.053614
-0.003134 -0.050047 0.034655 0.048174 0.018118 0.046153
0.194380 0.142797 -0.002974 -0.011274 0.001964 -0.022272
-0.225913 -0.151481 -0.157598 -0.108222 -0.072826 0.135372
-0.061613 0.075486 -0.048535 0.021074 0.021657 0.024659
0.020032 -0.013321 -0.002267 -0.098321 0.073709 0.082380
-0.099838 0.035024 0.063620 -0.025117 -0.074122 -0.029238
-0.193743 -0.051447 -0.038974 0.046843 -0.026272 -0.030440
0.144471 0.062682 -0.098650 -0.021950 -0.021872 -0.010188
