-0.113943 0.129036 0.232400 0.016411 0.012138 0.020653
0.046369 0.058181 -0.029370 0.002924 -0.002833 -0.013728
-0.003917 0.199920 0.110507 -0.042859 -0.012102 0.008708
-0.084312 -0.007148 0.003971 -0.000367 -0.038574 0.045819
0.021684 0.018573 -0.030958 0.133530 -0.118409 -0.007033
-0.013087 0.057473 0.030233 0.087905 -0.019213 -0.105793
-0.019705 0.001078 -0.130373 0.020079 0.033059 -0.036538
0.079120 0.015738 0.034041 -0.060751 0.041648 -0.071229
-0.023886 -0.047531 -0.005984 0.048841 0.109896 0.087882
0.063579 -0.110285 0.002191 0.001083 -0.018918 0.017978
-0.183750 0.026535 -0.171514 -0.033578 -0.065057 -0.059330
0.053782 0.008736 0.022458 -0.029203 0.026943 0.058233
0.184749 0.002071 -0.161942 0.012358 -0.048186 0.022403
-0.018495 0.015665 0.026508 0.099198 0.072319 -0.025867
-0.110754 0.030657 0.010250 -0.000433 -0.003176 0.000361
0.151058 -0.120421 -0.109440 0.060456 0.044249 0.040382
0.002896 0.030572 -0.020493 0.033532 -0.004108 -0.039790
-0.106240 0.023540 -0.023562 -0.012752 -0.006099 0.014476
-0.017217 0.023892 -0.025005 -0.033839 -0.053059 -0.010398
-0.084975 -0.075434 0.030914 -0.042661 -0.076319 -0.059039
-0.124648 -0.134068 -0.057013 -0.009346 -0.050298 0.057247
0.032373 0.030133 0.037790 -0.003213 -0.003765 0.011212
-0.051986 -0.052990 0.037898 -0.071025 0.026175 -0.010079
0.048324 -0.002064 -0.051178 0.054528 0.007863 -0.024497
0.130936 0.096971 0.098380 -0.006785 -0.006255 -0.004309
0.084844 0.085850 -0.014675 0.116798 0.110183 0.129965
0.103377 0.063843 -0.104289 -0.029840 0.022964 -0.058655
-0.075497 -0.038024 -0.012922 -0.019320 0.058206 -0.043059
0.051735 0.050478 -0.012031 -0.045192 0.000116 0.008412
-0.061309 -0.018197 0.182329 0.016651 0.006161 0.003846
0.175328 0.018960 -0.005748 0.021155 0.016346 -0.012730
0.028713 -0.035432 -0.020722 -0.035074 -0.035242 0.009598
0.199922 0.241759 0.012265 0.011553 -0.012217 0.048662
-0.157198 0.132834 0.089498 0.010132 0.006735 -0.005259
0.019051 0.217175 -0.172183 0.035928 0.021021 -0.036258
-0.011593 0.117448 -0.073468 -0.038780 0.055705 0.043239
-0.200335 -0.008550 0.177893 -0.012256 0.099110 0.100985
0.032201 0.053429 -0.117352 -0.018568 0.027162 0.025494
-0.050493 0.014300 0.101272 0.078154 -0.042820 0.055423
0.091590 0.093313 0.014423 -0.053639 0.052364 -0.005557
