0.096790 0.007194 -0.012242 0.004933 0.012530 -0.113216
0.078049 0.220195 0.204750 -0.090899 -0.005895 -0.066750
0.011236 0.034038 -0.017642 -0.043972 0.009528 0.046625
0.006118 0.014041 -0.024159 -0.005639 -0.000304 0.004162
-0.113441 -0.095356 -0.107669 0.006832 0.004405 -0.001685
0.010303 0.002107 -0.011630 -0.011681 0.014918 -0.011089
-0.072417 -0.159230 -0.102565 0.004931 -0.039892 0.001702
0.145943 -0.047037 0.010987 -0.073209 -0.024446 -0.029356
-0.069428 -0.085060 0.125659 0.085620 -0.008532 0.032134
-0.048186 0.018055 0.167995 -0.054894 -0.106275 -0.089190
-0.017405 0.028078 -0.058653 0.029231 0.091405 -0.056983
0.167536 -0.014597 0.143125 -0.052439 0.076813 0.111748
-0.178571 0.029327 0.051884 -0.006726 -0.003578 -0.008538
-0.027954 0.029861 -0.023790 0.029470 -0.022464 -0.028010
-0.032386 0.050954 -0.042167 0.039418 -0.009814 -0.032373
0.051711 0.053314 -0.009505 -0.060855 0.059057 -0.009400
0.043363 -0.119417 -0.103253 0.076810 -0.031202 -0.038940
-0.024625 0.170281 0.170789 0.026830 0.056824 0.000793
0.053777 -0.025146 -0.048229 -0.030822 -0.013469 -0.010457
0.056495 0.042085 0.073211 0.034391 -0.037716 -0.011386
0.018489 -0.010462 0.015133 -0.011751 0.047915 0.012501
0.024582 -0.005524 -0.015559 0.015716 -0.015945 0.006069
-0.058394 -0.044486 0.058109 -0.003125 -0.012767 0.006733
0.004248 -0.036185 -0.029050 -0.011830 0.002932 -0.009967
0.023820 0.005229 -0.016465 -0.012509 -0.095749 -0.083771
0.099335 -0.110004 0.131193 0.100096 -0.004698 0.005761
-0.184070 0.051999 0.104969 -0.053555 -0.036526 0.005241
0.100035 -0.015754 0.062497 0.031747 -0.024014 0.037014
-0.004121 0.219380 -0.077388 -0.001636 0.006252 0.008447
-0.201946 -0.065465 0.057157 -0.019212 0.022560 0.029962
0.017503 -0.117182 -0.065567 -0.077415 -0.036814 -0.068932
0.049939 0.045257 0.131933 -0.042044 0.000523 -0.011702
-0.031148 0.036458 -0.075641 0.059801 -0.040577 -0.085673
-0.021918 0.000006 -0.005428 -0.043973 0.003861 -0.012171
0.056441 -0.055641 -0.059820 0.000000 -0.000001 -0.000001
-0.024558 -0.002659 0.026204 0.019839 0.003626 0.065836
0.016506 -0.004183 0.011328 -0.008929 -0.059345 0.080483
0.067755 -0.030258 -0.055765 -0.069048 0.077729 0.089418
0.033510 -0.097367 0.123472 0.014711 0.012616 -0.001378
0.037213 -0.013182 -0.027160 -0.045720 -0.024524 -0.039164
