-0.168861 -0.158476 0.096753 0.041245 0.118922 -0.091056
0.004152 0.009373 0.004082 -0.031730 0.000003 0.044963
0.034446 0.119178 0.089568 -0.031470 0.015624 0.027522
-0.184449 0.239919 0.090883 0.069909 0.085198 -0.018910
0.141261 0.131570 -0.054431 0.016379 0.107991 -0.087128
-0.009766 0.043869 -0.132503 -0.005614 -0.013708 0.022329
-0.024476 -0.053840 0.013650 0.020764 -0.083473 0.066359
0.003884 0.024921 -0.032896 0.095093 -0.004408 0.108775
0.115618 0.081511 -0.030227 -0.058526 0.004726 0.005446
-0.183873 -0.010193 -0.062411 0.003168 0.006238 0.005194
-0.037566 -0.027918 -0.015730 0.033772 -0.019949 0.005890
-0.043820 -0.004266 -0.109595 0.000876 -0.001439 -0.000762
0.052865 -0.065021 -0.106858 -0.057556 -0.031112 -0.036339
-0.001804 -0.006862 -0.058747 0.100662 -0.060321 0.034688
0.152907 -0.129376 0.135245 -0.027446 0.046521 -0.002523
0.004239 -0.029106 -0.029339 -0.090362 -0.045290 -0.081902
-0.079817 0.199329 0.188155 0.005594 0.012360 0.005840
0.032206 0.060140 0.038925 0.035011 -0.115701 0.017429
0.066277 0.205219 0.135729 0.029842 -0.001079 -0.050315
0.039781 0.086619 0.016782 -0.015614 -0.023051 0.003816
-0.091311 0.097883 0.100861 0.042228 0.062724 0.088770
0.032797 0.038288 0.048875 -0.040070 0.019958 0.056149
0.063954 -0.071217 0.074004 -0.031903 -0.066884 -0.015914
0.075493 -0.100624 -0.084546 -0.046429 0.082997 0.082711
-0.016886 -0.011968 0.020586 0.062243 0.044506 0.004059
0.123049 -0.016598 -0.170596 -0.038596 0.008594 -0.013841
0.072149 0.045144 0.003220 -0.051165 -0.089578 0.096233
-0.126286 0.190154 0.025952 -0.138162 -0.040448 0.024646
-0.031811 0.023759 -0.007245 -0.023952 -0.010290 -0.035225
-0.074283 -0.077769 -0.008538 0.018389 0.070071 0.027341
-0.067962 -0.086172 0.058298 -0.003928 0.037078 0.045040
-0.011721 -0.158000 0.011433 0.068682 -0.029361 0.022509
-0.034229 0.027783 -0.031937 0.028085 0.026015 0.089443
-0.030765 -0.010757 -0.050622 -0.050537 -0.091888 0.051913
-0.175117 -0.156099 -0.128387 0.018451 -0.032142 0.034519
0.053710 0.100444 -0.124009 -0.004036 0.029288 -0.027964
0.048152 -0.045764 0.075058 -0.046908 0.051047 -0.061085
-0.009151 0.016513 0.009836 -0.000734 -0.004933 0.015249
-0.042956 0.013552 0.060593 -0.000678 -0.000484 -0.000618
0.138235 0.047751 0.102632 0.006402 -0.003650 -0.019166
