0.102124 -0.087866 0.063052 -0.018869 -0.010282 -0.013909
-0.113294 -0.043720 0.005491 -0.001044 0.004904 0.007286
-0.063811 -0.026726 0.041697 -0.015237 0.032940 -0.015335
-0.116692 -0.118287 0.079084 0.017310 -0.016051 -0.001154
0.071378 -0.015714 -0.067459 -0.042935 -0.009371 -0.022075
-0.115927 -0.018628 -0.031158 0.014743 -0.002965 -0.020587
-0.197999 0.036707 0.172240 0.017436 -0.048214 0.045642
0.133287 0.180037 -0.101247 0.019112 0.038544 -0.059499
-0.086811 -0.075884 -0.004265 -0.075444 0.055742 -0.030374
0.014084 0.073808 0.015034 0.019066 -0.017425 -0.003046
-0.063760 -0.048063 0.062619 0.022515 0.085247 -0.023211
-0.096172 -0.069963 0.153951 0.056769 0.094541 -0.110988
0.060793 0.014883 0.071029 0.078813 0.008031 -0.042770
0.021359 0.113840 0.025312 0.000369 0.024431 0.033895
0.086810 0.080131 -0.070732 -0.029329 0.012375 0.013185
0.154701 -0.207640 0.017088 -0.061757 0.035827 0.095103
0.007280 -0.012293 -0.049678 -0.000585 -0.008575 -0.006783
-0.029828 0.027197 -0.038713 -0.020322 0.011900 -0.004331
-0.226857 -0.215180 0.088706 -0.061216 -0.012923 -0.042329
-0.010637 -0.090606 0.192321 0.037024 0.069774 -0.079180
-0.127925 -0.011846 0.087901 0.002494 -0.010768 -0.012779
0.127445 -0.171555 -0.074740 0.025170 -0.074418 0.126415
0.165882 -0.070450 -0.112464 0.011028 0.000033 -0.003093
0.118693 0.121119 0.044696 0.056525 0.013613 -0.047183
-0.119871 0.132394 -0.178136 -0.001843 -0.021608 -0.024065
-0.051095 -0.022070 -0.058245 -0.047414 0.047751 -0.010848
0.011493 0.036291 0.043945 0.131029 -0.054918 -0.104979
-0.084863 0.019752 -0.077393 0.019209 -0.031286 0.033798
0.126589 0.024654 0.203700 0.050939 -0.028843 -0.014301
-0.105296 -0.056442 0.010506 0.023966 -0.008530 -0.052413
-0.180736 -0.006490 -0.014523 -0.053000 0.056222 -0.009494
0.085892 0.020722 0.095153 -0.054217 -0.020334 0.053765
-0.019787 0.006610 -0.017594 -0.005625 -0.059570 0.000228
-0.037579 0.044230 -0.078309 0.063948 -0.076508 0.028819
0.086657 -0.073502 0.049829 -0.025773 -0.068456 0.001227
0.003807 0.017762 0.007305 0.046362 -0.009563 -0.035436
-0.011290 -0.019802 0.019251 -0.001260 0.001395 -0.000968
-0.061757 -0.046753 0.078033 -0.128442 0.002510 0.116199
-0.059699 -0.003759 -0.103875 -0.013168 0.012248 -0.006462
-0.065717 -0.073671 -0.053070 0.064541 -0.001552 0.059657
-0.000380 0.053858 -0.086872 -0.021715 -0.007027 0.029400
