0.014294 -0.092817 0.085013 -0.025013 0.018621 -0.096318
-0.162300 0.063908 0.215228 -0.030858 0.071890 -0.055584
0.150720 0.055002 0.060497 0.055414 -0.044249 -0.030088
0.029170 0.094509 -0.011397 0.025155 0.034313 0.018157
-0.158285 0.186460 -0.158963 0.031119 -0.037146 0.010062
0.221446 0.012555 0.104448 -0.002228 -0.008241 0.004926
0.004839 0.074290 0.118900 0.027815 -0.054024 -0.008030
-0.120134 0.072426 -0.043030 0.030563 0.115936 -0.083660
-0.077048 -0.068624 0.007675 0.079136 -0.009637 0.016745
0.050893 -0.061870 0.018963 -0.064188 -0.064007 -0.033499
0.031704 -0.072383 0.017372 -0.004094 0.021179 0.092364
-0.117314 0.037348 -0.090916 -0.001203 0.004824 -0.005292
0.192595 -0.217479 0.123830 0.010311 -0.025342 -0.023558
-0.028222 0.021104 0.007514 0.005752 -0.006169 -0.005295
-0.226017 -0.115351 0.010235 -0.084329 -0.049121 0.073092
0.003314 -0.054669 0.061786 0.003273 -0.005244 0.000467
-0.052129 -0.057704 0.047566 -0.094508 -0.090994 -0.028012
-0.019148 0.055739 0.110774 -0.009067 0.064357 0.056287
-0.015861 0.011458 0.032152 0.014097 0.040828 -0.005752
0.010702 0.058466 0.029253 -0.004834 0.061159 0.003843
0.089394 0.094817 0.073227 0.086266 -0.067374 0.094976
0.027476 0.050778 0.061971 0.008719 0.010402 -0.008056
0.013610 0.034277 -0.077203 -0.000185 0.000027 -0.000028
-0.003762 0.056726 -0.008666 0.061448 -0.021072 -0.026359
-0.011415 0.008785 -0.001151 0.010473 -0.051929 -0.053991
0.002814 -0.007137 -0.000329 0.028555 0.010138 0.008609
-0.062102 0.216620 -0.174657 -0.012965 0.044968 -0.030453
-0.148467 -0.037877 0.014468 0.035707 0.035863 0.031328
0.011848 0.004985 -0.000296 -0.078478 -0.106964 -0.054455
-0.037277 -0.018604 0.010264 -0.083416 -0.082877 -0.034225
-0.020004 -0.038250 0.015752 -0.014653 0.019658 -0.065578
0.178606 0.030786 0.187437 -0.026973 -0.006020 0.023763
0.177784 0.005109 0.206079 0.049512 0.072986 0.030474
0.059287 0.059212 0.065076 0.073527 -0.002544 -0.059585
-0.193309 0.085066 0.175343 0.039418 0.086356 -0.024955
0.029904 0.009642 -0.027388 -0.001095 -0.042260 0.037747
-0.178093 0.028761 0.091357 -0.113064 -0.055446 -0.005591
0.015737 0.037475 -0.024685 -0.008261 -0.000106 -0.009785
0.207464 -0.052765 -0.068727 0.039148 -0.020862 0.007646
-0.098860 -0.130710 0.041978 -0.002775 0.000389 0.002236
