0.072325 -0.070618 -0.063389 -0.007477 -0.022135 -0.003871
-0.128012 -0.117329 0.010007 0.085660 0.054555 0.013629
0.060374 0.105198 0.011260 0.000075 0.000056 -0.000212
-0.133381 -0.008436 0.028675 -0.013837 0.012306 -0.048072
0.114620 0.045310 0.017160 -0.012696 0.032694 -0.044144
-0.029070 0.121757 0.181176 0.099955 0.037014 -0.074016
0.027372 -0.151216 0.189668 0.147046 -0.057763 0.090676
-0.039939 -0.208714 -0.174719 0.011973 -0.015885 -0.019981
-0.150146 0.059510 0.133414 0.050712 0.104917 -0.020160
-0.088546 -0.053924 0.003101 0.037431 0.065494 -0.018128
0.205956 -0.074215 0.112923 0.037377 -0.015770 0.000537
0.112894 -0.068648 -0.115342 0.058850 -0.032654 0.045263
-0.056156 0.116408 0.088899 0.002160 0.025184 -0.061647
0.166356 0.016921 0.122615 -0.013962 -0.021645 0.063869
-0.017930 0.063952 -0.085157 -0.027931 0.028221 0.013191
0.180388 0.056719 0.035943 0.082753 -0.070812 -0.033651
-0.052295 -0.090238 -0.002645 -0.096067 0.085262 -0.014887
-0.076098 0.011715 0.043992 0.064722 -0.045555 0.088660
0.049125 -0.047218 -0.030742 0.015452 0.019194 0.059253
0.130763 0.227999 0.105653 -0.019843 0.024583 -0.055057
-0.010946 -0.006635 -0.011916 0.014632 0.010793 0.007093
0.100118 -0.149890 -0.144211 -0.002610 0.011984 -0.009478
0.180372 -0.176747 -0.097797 -0.012206 -0.005878 0.012233
-0.005297 0.012264 0.019928 -0.116307 -0.057439 -0.100923
-0.154576 -0.194648 0.060539 0.034017 -0.031404 0.033394
0.014852 0.030394 0.029577 -0.020348 -0.009569 -0.011430
-0.125595 0.040368 -0.123363 0.009752 0.028173 0.013161
0.134821 0.022248 0.127856 0.014840 0.046595 -0.123772
-0.044794 -0.049243 -0.105072 0.013279 -0.037102 -0.035453
-0.162860 0.111188 0.115895 -0.016699 0.028497 0.009277
0.143126 -0.166491 0.096571 -0.027286 -0.003737 -0.035239
-0.223403 0.089494 0.195092 0.039299 0.041115 0.133946
-0.091553 -0.100165 -0.100203 0.030200 -0.059867 -0.018828
0.002404 0.010323 0.064277 0.105345 -0.051646 0.084095
-0.022933 0.068875 -0.067397 0.029649 0.071469 0.073340
-0.118761 -0.009386 0.171642 -0.055138 0.048272 0.024331
0.084458 -0.155802 -0.015828 -0.092818 0.129385 0.046830
0.003540 -0.041967 0.004416 -0.011158 -0.006314 0.001826
0.009146 -0.038533 0.034489 -0.101779 -0.079745 0.012862
0.173010 0.091531 -0.144000 -0.105387 -0.008621 0.122440
