-0.004285 -0.027288 -0.015738 0.049714 -0.077171 -0.022779
0.108632 0.103993 0.121361 0.000068 -0.000661 0.000252
-0.088561 0.084025 -0.065490 -0.037263 -0.007557 -0.011745
-0.015105 0.166146 0.028240 0.080040 -0.088964 -0.049143
0.062632 0.039447 -0.143065 0.075834 0.077417 0.119145
-0.057198 -0.039913 -0.002915 -0.005833 0.002859 -0.018760
-0.000375 -0.032305 0.033403 0.007218 0.008720 0.006622
0.016110 0.078657 0.055204 0.051631 -0.071632 -0.057723
-0.087747 0.012724 -0.086398 -0.012046 0.032132 -0.003464
0.032169 0.134247 0.027619 -0.017251 0.033218 0.045720
0.049262 0.044730 -0.019247 -0.007907 -0.021469 0.035109
0.007746 0.020589 0.183372 -0.063974 0.132449 -0.130761
0.096149 0.177853 -0.113168 -0.090443 -0.035000 0.061923
-0.042941 -0.047829 0.057651 0.024465 0.004984 0.006583
-0.070193 0.109338 -0.027813 0.000396 -0.040762 -0.017944
-0.076299 -0.023534 -0.000227 0.035576 -0.074481 0.139393
0.045094 -0.110321 -0.096985 -0.019786 -0.026730 -0.055674
0.115330 -0.029585 -0.038441 0.012338 0.025136 0.020102
-0.097570 0.075745 0.107462 -0.110311 -0.003337 -0.031279
-0.042901 0.136893 -0.135541 -0.005499 -0.020203 0.020691
-0.162316 0.136641 -0.142970 0.060385 -0.051510 0.046494
0.072669 -0.091379 -0.146392 -0.016956 0.041510 -0.002241
0.032402 0.105190 -0.113356 0.001734 -0.000119 -0.000862
-0.007630 0.016902 0.073006 -0.130945 -0.098205 0.127328
0.049574 0.015026 -0.117395 0.116972 0.139583 0.095857
-0.022309 0.087382 0.175725 -0.114458 -0.066524 0.020389
-0.025400 0.054649 -0.046754 -0.056169 -0.003875 0.018088
0.011164 -0.029819 0.031129 -0.014382 0.008289 0.003427
0.083369 0.072502 -0.035760 -0.019698 0.006075 0.009580
0.010990 -0.004835 0.010889 -0.101690 0.114283 0.121386
0.105329 0.133323 0.010083 -0.113904 -0.033011 -0.009713
0.103686 -0.143189 0.091876 -0.002665 -0.047564 0.011674
-0.000313 -0.001393 -0.041556 0.017038 0.017984 0.033057
0.017285 -0.026826 -0.014959 0.018762 0.034486 -0.014117
0.201970 0.198842 0.116848 -0.019578 0.035051 0.044895
-0.037927 0.058734 -0.017682 0.000787 -0.076504 0.030128
-0.027418 0.100174 -0.015471 -0.073645 0.026841 0.080912
-0.009109 0.023046 0.098939 -0.008525 -0.001337 0.011409
0.149362 -0.141603 0.012871 0.050206 0.122746 -0.076433
-0.032687 0.053958 0.031770 -0.003604 -0.022405 -0.018502
