0.018683 0.048259 0.062225 0.036064 0.039439 0.047682
-0.018550 -0.040315 -0.076500 -0.049617 0.020783 0.096338
-0.048402 -0.074239 -0.043132 -0.106458 0.080623 0.038607
0.037751 0.019387 -0.030473 0.003038 0.091218 -0.040226
0.087747 0.013913 0.006140 -0.034402 -0.085533 0.105820
0.012586 -0.018259 -0.003449 -0.038014 0.045686 -0.037785
0.113615 0.096503 0.083964 0.036316 -0.033623 0.066549
-0.004727 0.003399 0.021867 -0.008480 -0.008021 -0.003652
0.042501 0.134422 0.123683 -0.082564 0.108358 0.031838
0.088134 0.094534 -0.134626 -0.017310 -0.029320 -0.011687
-0.207778 -0.234253 0.185263 0.010903 -0.033212 0.032576
-0.090843 -0.128409 0.020880 -0.000715 0.000437 0.001239
-0.016872 0.027816 -0.022880 -0.055905 -0.063558 -0.079197
0.156547 -0.191566 -0.199112 0.004674 0.073680 -0.070228
0.166607 -0.083938 0.047403 -0.010519 0.083305 0.087484
0.075312 0.032435 -0.130537 0.030636 0.021177 0.009928
0.013111 -0.079163 0.101995 0.009370 0.068297 0.002081
0.040339 0.188732 0.184578 0.044431 -0.013112 0.120440
0.026263 0.021792 0.034795 -0.074891 -0.023805 -0.073288
-0.019547 0.023135 -0.006591 0.031618 -0.028379 -0.105950
0.133163 -0.011536 0.079846 -0.111233 0.054234 0.109052
0.184628 0.047503 -0.048477 0.118716 0.087608 -0.117825
0.064637 -0.157914 -0.016262 0.089923 0.104717 -0.005232
-0.021285 -0.080065 -0.004949 -0.122081 -0.088011 -0.104990
0.008238 -0.034432 0.029013 0.026399 0.118008 0.091124
0.125539 0.218691 -0.095276 -0.033166 -0.030046 0.014244
-0.013802 0.011886 0.018304 -0.072892 -0.012532 0.038592
-0.052027 -0.052368 -0.006585 -0.016375 0.015919 -0.005447
0.176383 -0.032077 -0.198680 0.051765 -0.033354 0.045933
-0.029182 -0.040366 0.053179 0.071179 -0.099612 0.022644
-0.043636 0.044534 0.022288 -0.004144 0.013576 0.021763
-0.006967 -0.019586 0.043102 -0.025746 -0.025649 -0.033471
-0.112101 -0.076478 0.174687 0.049563 -0.068115 -0.055052
-0.033851 0.008889 0.071105 0.074330 0.038271 0.056737
-0.087676 0.018487 0.003101 0.067972 -0.067959 -0.021979
-0.056948 0.089006 0.075927 -0.002391 0.060757 -0.016834
-0.013494 -0.022151 0.128276 -0.002450 0.056067 0.051941
-0.081702 0.139804 -0.164732 -0.081364 -0.133182 -0.067389
-0.120955 0.098312 0.100445 0.017097 0.045203 0.026117
-0.108957 -0.031001 0.059540 0.067879 0.035367 -0.028655
