-0.005231 -0.025438 -0.013842 0.060787 -0.010654 -0.014579
-0.001616 -0.016695 -0.016501 0.021818 -0.013547 0.024229
0.111254 0.103514 0.000865 0.111919 -0.077549 0.026737
-0.046475 -0.049336 -0.002891 -0.030475 0.093235 -0.012198
-0.237453 0.060640 -0.000779 -0.006417 0.020586 0.007402
0.027780 -0.013534 0.100703 0.049700 -0.032947 -0.068066
-0.024282 -0.038674 -0.013428 0.025157 0.119376 0.110044
0.107763 -0.216559 0.037088 -0.023920 0.042674 -0.030743
0.180087 0.146382 0.105217 0.000761 -0.000120 -0.000342
-0.035596 0.024151 -0.003182 0.027309 0.104834 0.084638
0.085387 0.061621 0.032125 -0.055487 0.029007 0.038291
0.016172 0.023489 0.017585 -0.028651 0.014075 0.107526
-0.011367 -0.051200 0.023490 -0.023644 0.066607 -0.071452
0.021273 0.116436 0.098855 -0.021334 0.015526 -0.026588
-0.107891 -0.016856 -0.108454 -0.043270 -0.010449 -0.027855
0.048519 0.006176 -0.039643 0.043398 0.051534 -0.078370
0.098647 0.076950 -0.024734 0.028796 0.035311 0.035266
0.094496 -0.002714 -0.013611 -0.025574 -0.032193 0.000173
0.072172 -0.014579 -0.069314 0.023483 0.031619 -0.056716
0.049206 -0.055169 0.096828 0.084245 0.090045 -0.012181
0.054564 -0.030193 0.016721 0.000214 0.000219 -0.001076
0.015352 0.041559 0.002154 -0.076046 0.049200 0.061462
0.006330 0.043875 -0.143587 0.003913 -0.095168 0.004783
0.032716 -0.217313 -0.025795 -0.016917 0.010613 0.029619
0.093514 -0.079677 -0.021773 0.124332 0.105234 0.018805
0.038067 0.016513 0.000357 0.090133 -0.017810 -0.001959
0.016950 -0.085532 0.026580 -0.077369 0.049896 0.048479
0.050495 0.022916 0.062004 0.044143 0.077060 0.089989
0.014249 -0.004858 -0.003859 -0.072156 -0.022180 -0.060626
0.107212 0.008880 0.064800 0.084477 -0.011478 -0.097857
-0.195732 0.043741 0.027265 0.005490 -0.008103 -0.000914
-0.110572 0.020515 0.044375 0.069599 0.065781 0.084840
-0.005354 -0.199301 0.188320 -0.002027 -0.006076 -0.002821
-0.078165 0.055453 0.003807 -0.076172 -0.028952 0.054409
-0.047824 -0.126683 0.156546 0.019696 -0.041647 0.008510
0.016033 -0.013504 -0.002894 0.021484 -0.018573 -0.002338
-0.053943 -0.042278 -0.008518 -0.016368 -0.000151 -0.012729
0.103959 -0.005733 0.113457 0.100861 0.051160 -0.024806
-0.163342 -0.033797 0.023414 -0.048245 -0.028287 -0.007389
-0.090845 0.006100 -0.001233 0.038266 -0.053029 -0.088815
