-0.016003 0.047229 0.054668 0.009156 0.055669 -0.052277
-0.007955 -0.017467 -0.073240 -0.115391 -0.060556 -0.014069
0.023931 0.035589 0.030277 0.020257 0.005619 0.015174
0.141167 0.173215 0.098688 -0.013046 -0.037056 0.084121
-0.100929 0.016960 0.026727 0.016967 -0.074340 0.047172
0.115218 -0.054987 -0.158317 0.018388 -0.024269 0.004855
0.039925 0.042115 0.037267 -0.136117 -0.113882 -0.018564
-0.019369 -0.012647 0.010697 0.115589 -0.035822 0.027835
-0.034772 0.007331 0.015099 -0.086342 0.057978 -0.024837
-0.037976 0.124186 0.088269 0.051912 0.109327 0.004775
-0.162345 -0.074457 0.159955 0.007453 -0.089333 -0.085561
-0.173674 -0.074580 -0.063335 -0.009851 -0.006367 0.000157
-0.006598 -0.036508 -0.055294 -0.005608 0.024671 -0.038729
0.074497 0.028647 0.078589 0.034728 -0.039593 0.019401
0.052701 -0.039425 0.051751 -0.019136 0.004080 -0.065057
-0.117699 -0.002711 0.102833 0.003667 -0.044009 -0.054290
-0.013585 -0.010899 0.055054 -0.003615 -0.007400 -0.003925
0.144364 -0.117304 -0.141106 0.082903 0.026764 0.024428
-0.020420 0.001765 -0.006913 0.023093 0.013919 0.025880
0.113472 -0.096535 0.165026 0.035689 0.003600 0.026281
-0.127072 0.022877 -0.178545 0.069577 -0.011066 -0.060342
-0.042064 0.128083 0.063147 0.105174 -0.064846 0.043310
-0.095214 -0.060516 0.072020 0.016810 -0.058987 -0.037140
-0.002548 0.029501 0.094704 0.017066 -0.023054 -0.020337
-0.151542 -0.131492 0.076609 0.019079 -0.024231 -0.023189
0.179592 -0.128273 0.024345 0.041834 0.043471 0.018081
-0.035755 -0.021854 0.049188 -0.050329 0.041457 0.011677
-0.030063 0.001137 0.026339 -0.111156 -0.054151 0.047846
-0.044896 0.006304 -0.022528 -0.020778 -0.035135 -0.006066
0.044477 0.015849 -0.050261 0.001672 0.001231 -0.002067
0.000185 0.054898 0.025506 -0.042272 -0.014877 -0.041649
0.056169 0.032915 0.050101 -0.037498 0.060761 0.033593
0.204892 -0.043351 0.070263 -0.032720 0.036382 -0.021694
0.022935 0.148844 -0.093369 0.009066 0.020099 -0.052219
-0.040744 0.016612 0.034002 0.007845 -0.002332 0.013237
0.027954 0.027328 -0.045735 -0.023557 -0.031638 -0.023712
0.051997 -0.008760 -0.087955 0.007233 0.035386 0.035756
-0.025309 0.020481 -0.028202 -0.005588 0.008033 -0.000520
-0.023609 0.068571 0.029337 0.047383 -0.008707 -0.031878
0.100006 -0.052540 -0.178747 -0.037595 -0.039048 0.004660
