0.022998 -0.000090 0.067696 0.030788 -0.014671 -0.035266
-0.165320 -0.007564 -0.096469 0.118872 0.086235 -0.082332
0.133023 -0.016181 0.047416 0.097824 -0.117839 -0.056901
0.071433 0.052662 -0.039796 -0.026719 0.008347 0.012732
0.005481 0.140959 -0.095438 -0.029841 -0.030205 -0.047556
0.021394 -0.194331 0.056620 0.023567 0.013965 0.000236
0.062220 0.006183 0.014247 0.003511 0.003458 -0.014655
0.192256 0.007827 -0.087515 -0.060244 0.103271 -0.058684
0.030574 -0.028978 0.018876 -0.074550 -0.010858 0.038758
0.030352 -0.000473 -0.045958 -0.053385 0.015687 -0.003194
0.063740 0.089775 -0.015324 -0.007119 0.001891 0.001133
0.163090 0.095230 0.053731 -0.070054 0.037993 0.021364
0.134444 -0.069686 0.023172 -0.022481 0.010945 -0.020110
-0.173846 0.201072 0.073828 0.063953 -0.046895 0.036231
0.189019 -0.169188 0.185065 0.038457 -0.019857 -0.081338
0.135153 0.188108 -0.095684 0.038817 0.019322 -0.033508
-0.149464 -0.032029 0.144234 -0.007302 0.029448 -0.049044
0.021210 -0.002005 0.002458 0.009389 0.013024 -0.063314
-0.004202 -0.003691 0.007863 0.010120 -0.056748 -0.065201
0.018262 -0.009023 -0.030108 0.080672 0.049306 0.065322
-0.004917 0.092827 -0.135431 0.069826 -0.035176 -0.028529
0.148813 0.056699 0.074903 0.000082 0.002710 0.000484
0.075842 0.107883 0.137394 0.000557 0.141371 -0.075953
-0.010872 0.006468 0.014817 0.014456 0.012925 -0.015043
-0.170164 0.099541 -0.164996 0.076955 0.111085 -0.016263
-0.043768 -0.039353 -0.045731 -0.047330 0.040819 0.054877
-0.015814 0.012985 -0.019000 0.026216 0.008700 0.034688
-0.081553 -0.157091 -0.066399 0.028895 -0.030001 -0.086305
-0.000498 0.045039 -0.069046 -0.018487 0.014236 -0.017428
0.008460 0.023243 0.038749 0.028784 -0.040098 -0.056496
-0.027571 -0.096594 0.087263 0.032852 -0.031523 0.012432
-0.069230 -0.183941 -0.073377 0.020376 0.001573 0.012390
-0.003496 0.004967 0.017122 -0.033058 -0.104960 -0.058676
0.085919 -0.057973 0.109741 -0.046324 -0.076449 -0.073545
0.087633 0.061340 -0.173813 0.036776 0.107929 0.066325
-0.041550 0.087473 -0.072004 0.055167 -0.115570 -0.024810
0.037841 0.041700 -0.062304 0.039615 0.099575 -0.056292
0.076148 0.009709 -0.006255 0.081886 0.078558 -0.032800
-0.005700 -0.005809 -0.008534 -0.052906 0.026278 0.029722
-0.015530 0.006825 -0.012381 -0.104746 0.101685 -0.007340
