-0.086705 0.115806 0.095816 0.029958 -0.046791 0.007990
0.011513 -0.073125 0.142344 0.014126 -0.003375 0.006882
0.017822 -0.033084 0.041710 -0.000248 0.000352 -0.000731
0.113320 -0.054392 0.083889 -0.008609 -0.006352 0.014214
-0.127404 -0.035140 0.190392 -0.037047 0.007238 -0.064245
0.010318 -0.176605 -0.083464 0.102594 0.117055 -0.097580
-0.057393 -0.040792 0.020234 -0.118974 -0.108963 -0.001440
0.144271 0.008352 -0.096319 -0.029899 -0.093350 -0.042086
0.010081 0.094307 0.097563 0.001225 -0.004251 0.001866
-0.073290 -0.014350 -0.059594 -0.005093 -0.011815 0.002884
-0.016377 0.013829 -0.027257 0.052261 -0.041829 0.002932
0.012850 0.029340 0.002267 -0.009299 0.025651 -0.025251
-0.174291 -0.093694 0.057104 -0.121658 0.135226 -0.063474
-0.165561 0.107898 -0.197172 0.003849 -0.000904 -0.003771
-0.053041 -0.053613 -0.011193 -0.008658 0.024301 0.002713
0.126031 -0.177394 0.155786 -0.002657 -0.001351 -0.000550
-0.092760 0.067916 0.010575 0.015167 -0.022475 0.030113
-0.236027 0.217079 0.140939 -0.043820 -0.034479 0.100003
0.244974 0.124511 -0.162677 0.054029 0.130137 0.068081
0.195527 0.012591 0.111100 -0.043715 -0.083797 -0.001523
-0.089498 -0.032104 -0.109594 0.110236 -0.032999 -0.126848
-0.037684 0.020872 -0.075965 0.053216 0.140815 -0.037130
0.076483 0.128799 0.033425 -0.047916 -0.049306 0.012888
-0.139229 -0.161336 -0.064199 -0.004731 -0.056210 0.018557
0.029017 0.065206 0.038012 0.052414 0.113376 0.110207
-0.028092 0.087465 -0.244738 -0.000176 -0.087962 -0.091869
-0.169672 0.092694 -0.112521 0.133040 0.068160 0.077451
0.099215 -0.145582 -0.102147 -0.096039 0.105867 0.109778
-0.051935 0.032903 -0.006425 0.110897 -0.101047 -0.046730
0.134432 0.108103 0.096657 -0.030074 0.046213 -0.025807
0.003113 -0.029928 -0.021047 -0.052046 0.057530 -0.050667
0.031243 0.116535 -0.164700 -0.039972 -0.010814 -0.010284
0.098735 -0.012791 -0.098578 -0.046926 0.044083 -0.027186
-0.101281 0.165629 0.171190 0.012558 0.026561 0.018903
-0.149434 0.113784 0.080850 0.005489 0.027417 0.006786
0.113416 0.162201 -0.103267 -0.009129 0.016124 0.002487
0.030980 0.040149 -0.028990 -0.120042 -0.038780 -0.087256
0.066661 -0.057311 0.123154 0.107602 -0.031950 -0.119319
-0.015064 -0.020240 0.013668 -0.003717 0.041637 0.017622
