0.141687 -0.170086 -0.201080 0.000291 0.000498 -0.001762
-0.057683 -0.059761 0.026643 -0.010084 0.036497 -0.067077
0.019952 0.010315 0.002434 0.037254 0.004698 0.005219
0.202002 -0.030663 0.136168 0.047489 -0.049401 0.092761
-0.073507 0.025878 -0.017791 0.067858 0.069531 -0.080315
0.154136 -0.076829 0.114000 -0.016379 0.045894 -0.007152
-0.012683 -0.110746 -0.069033 -0.049840 -0.024098 0.051666
-0.080471 0.058641 0.034217 -0.067007 0.132617 0.053633
-0.129923 -0.097127 0.098244 0.057702 0.007235 0.024303
0.137753 0.120637 0.119831 -0.021767 -0.040641 -0.017440
-0.043128 0.131243 -0.134219 -0.032293 -0.051242 -0.008804
-0.066732 0.087766 0.090879 0.045460 0.024740 0.075079
-0.011900 -0.024301 0.017517 -0.002709 0.003298 0.003585
0.091942 0.076135 0.009897 0.038645 0.055406 -0.050739
0.059882 -0.194435 -0.230138 -0.027844 -0.011855 -0.012323
-0.107897 0.090535 -0.016539 0.042015 -0.059306 -0.044541
0.069963 0.141412 -0.158172 -0.003634 0.002015 -0.004689
0.006021 0.100836 0.045146 0.009054 -0.011542 0.019798
0.068648 0.040369 -0.061522 -0.002223 0.004436 0.048617
-0.125883 -0.022396 -0.120622 0.006772 0.023110 -0.030015
0.084711 0.156815 0.141965 -0.009196 -0.023048 -0.030969
0.138391 -0.058356 0.112176 -0.026128 -0.008712 0.015630
-0.047803 -0.025615 0.002973 -0.034266 -0.090765 -0.083833
0.142815 -0.142298 -0.202545 0.013686 0.000669 -0.086095
-0.160580 0.034734 0.097745 0.013213 0.014490 0.061231
0.049577 0.039647 0.052836 -0.009964 0.032754 -0.022221
0.127938 -0.150298 -0.157252 0.068627 -0.057845 -0.019355
0.038316 -0.107216 0.042430 -0.021546 -0.011375 0.010135
0.139848 0.026350 -0.035378 0.064480 0.106037 0.120027
-0.047152 -0.067071 0.102331 -0.007325 -0.013113 0.004054
-0.073158 0.183198 0.066090 -0.084113 -0.046972 -0.034835
-0.001189 0.031690 -0.011740 -0.009341 -0.002529 0.001171
0.042211 0.026141 -0.123141 -0.005899 -0.010988 0.001011
-0.106510 0.144909 -0.018324 -0.000656 -0.000617 -0.000960
-0.041011 -0.062498 -0.000310 -0.014158 0.002855 -0.017855
-0.098973 -0.044413 0.099244 -0.007227 -0.006793 -0.010048
0.021284 0.017969 -0.005544 0.005384 -0.006085 0.007968
-0.124748 0.071048 -0.042584 -0.023263 0.011701 0.042244
-0.102838 0.036099 -0.025694 0.010460 0.074917 0.088289
0.110955 0.026108 0.048793 0.002132 0.030206 -0.004011
