-0.186470 0.159317 0.098906 -0.026102 -0.006204 0.018539
0.064060 -0.012046 -0.089966 0.067414 -0.061751 -0.027309
-0.180191 0.216962 0.046469 -0.027532 0.058555 0.026382
0.083764 0.084947 -0.070756 0.038462 0.053410 -0.036885
-0.165197 -0.112006 -0.174495 0.026461 0.026764 0.057339
0.015804 0.023221 -0.064394 -0.042144 0.006862 0.016378
0.098071 -0.123025 -0.091706 -0.008403 -0.023756 -0.008985
0.115781 0.115497 0.196954 -0.014841 0.000986 -0.005747
0.028213 -0.027471 -0.001871 -0.013632 0.004029 -0.018409
-0.036251 -0.033439 0.028374 0.055514 0.019212 0.089529
-0.023077 0.066045 -0.191259 -0.064862 -0.007071 0.003944
-0.099728 -0.020021 -0.038899 -0.019611 -0.090515 0.087679
0.020362 -0.046142 0.035157 0.012696 0.030758 -0.019643
0.024251 0.185276 0.173784 -0.049197 0.021322 -0.012171
-0.043859 -0.042797 -0.046392 -0.074643 -0.073181 0.056189
-0.115018 0.095481 0.104185 0.008860 0.013285 -0.002008
-0.021737 0.016208 0.006293 -0.134131 -0.042007 -0.040196
-0.050707 0.058122 0.063269 0.067433 -0.080576 -0.015578
-0.074680 0.066472 -0.159251 0.023821 0.101262 -0.065982
0.097464 -0.035769 -0.094657 0.015808 -0.023290 0.023623
0.120047 -0.092777 0.091970 -0.085118 0.064313 0.081152
-0.039121 0.108551 0.133269 0.116577 0.070464 -0.091157
0.101400 0.072494 0.075842 0.096069 -0.038692 0.020081
0.083114 0.139018 -0.035607 -0.150967 -0.058417 0.124964
0.140527 -0.096458 0.064833 -0.025658 -0.048967 -0.041219
0.006994 0.012841 0.000807 -0.032676 0.037074 -0.009244
-0.138150 0.024116 0.098439 -0.020449 0.059212 0.000453
0.054309 -0.034793 0.034257 -0.015764 -0.024213 -0.022292
0.022386 0.112670 -0.019401 -0.026458 0.095049 -0.085902
0.075269 0.044278 0.093044 -0.040675 -0.002256 0.040257
-0.052267 0.003272 0.013843 -0.060939 0.016443 0.013432
0.014634 0.012979 -0.011868 0.010798 -0.005175 -0.003661
-0.161551 -0.237025 0.193324 0.001740 0.001211 0.007783
0.005312 -0.082293 0.049571 -0.009471 0.000485 0.061379
-0.096509 -0.154729 0.014684 -0.005278 0.003311 -0.011903
0.073339 -0.094346 0.045869 -0.003377 0.096566 -0.015771
-0.025739 0.006104 -0.010634 -0.068173 0.104340 0.035959
-0.009347 0.041768 -0.001559 0.008413 -0.024398 -0.009263
-0.119846 0.133585 -0.148487 -0.034511 -0.039877 -0.088529
-0.008118 0.112722 0.125116 0.067322 -0.125014 -0.117266
