-0.087928 -0.075331 -0.033289 0.001058 -0.115597 0.076723
-0.010119 -0.037489 0.029909 -0.023089 0.073649 0.059963
0.140845 -0.055472 -0.203124 0.078845 -0.071461 0.050677
-0.041846 0.088996 -0.083850 -0.020676 -0.017193 0.019330
-0.089832 0.106819 -0.057892 -0.104026 -0.043352 0.043664
0.198801 -0.064167 0.150845 -0.046611 0.112605 0.068092
0.140946 -0.237618 0.251559 -0.073748 0.019664 -0.083732
-0.145381 0.141432 -0.146189 0.016855 -0.006526 0.008029
-0.038184 0.042119 -0.018544 -0.036358 0.070975 0.013279
-0.163228 0.167773 0.071344 -0.061592 -0.076504 -0.047506
0.000817 0.037042 0.017435 -0.010630 -0.032018 -0.020064
0.236316 0.000074 -0.220981 -0.034865 -0.001747 0.030862
0.081122 -0.110977 0.050358 -0.067180 -0.028856 -0.011100
-0.001238 -0.004848 -0.037344 0.045393 -0.002502 -0.019679
-0.103311 -0.151818 0.040533 0.077579 0.019137 0.044312
-0.033363 -0.122610 0.180558 -0.043030 -0.034307 0.046122
0.099710 0.031357 0.038964 0.009706 0.005356 0.004800
-0.029520 0.167089 -0.218573 0.008678 -0.083877 0.014650
-0.079586 0.092690 0.092877 0.001974 0.004234 0.001299
-0.000829 -0.005784 0.009045 0.011067 -0.001322 0.006849
0.152749 -0.081053 0.109287 -0.121517 -0.019757 -0.079049
0.067859 0.015726 -0.084810 0.001229 -0.026001 -0.012649
0.036709 -0.032959 0.057453 0.021135 0.010375 0.019159
-0.057657 0.030093 0.069701 0.024588 0.033819 -0.028646
-0.106801 0.160284 0.096020 0.051717 -0.126348 -0.102853
-0.026702 -0.111292 0.095332 -0.132350 0.094286 0.055209
-0.051353 0.039242 -0.055560 -0.028958 0.001604 0.038894
-0.013803 0.002618 0.013255 -0.018943 -0.022625 -0.025881
-0.125307 0.037152 -0.002478 -0.004186 0.026083 0.007515
-0.094517 -0.042607 0.127640 -0.004339 -0.005501 -0.010962
-0.047128 -0.030245 0.012104 -0.001483 0.003262 -0.001234
-0.087466 0.011954 0.028470 -0.014901 -0.015333 0.034974
0.036314 0.043383 0.099509 -0.051580 0.093185 -0.001895
0.003075 0.030106 -0.015162 -0.022885 0.032521 0.043369
0.010053 -0.056138 -0.086378 -0.000962 0.001507 -0.001594
0.009908 -0.004937 -0.039980 -0.028392 0.042802 0.060159
-0.066897 -0.110467 0.028921 -0.128193 -0.087785 -0.101236
0.185645 -0.118199 0.226790 -0.005327 -0.003692 0.059324
-0.168841 -0.173611 0.210915 0.015815 -0.077620 -0.015536
0.065779 -0.109362 -0.101915 -0.010021 0.001426 0.006011
