-0.027565 0.017406 0.033705 0.030683 0.072116 -0.007968
0.019476 -0.031349 -0.012128 0.024450 0.082053 -0.039923
0.010553 0.058144 -0.149431 0.042180 -0.030855 -0.021820
-0.018265 0.003882 -0.009843 0.042071 0.015967 0.070486
0.017999 0.020541 0.012131 -0.003235 -0.001453 -0.001228
0.035284 -0.029594 0.032534 0.003891 -0.001952 0.005787
-0.092384 0.169106 -0.174506 -0.038896 0.055977 -0.024499
0.109202 0.185449 0.179703 0.043540 0.029511 0.020495
-0.016978 0.137340 -0.019160 0.014532 -0.024990 -0.020900
0.046047 -0.078858 0.198513 0.032760 -0.025401 0.067998
-0.060011 -0.137150 0.014085 0.080753 0.088959 0.066296
-0.156048 -0.191980 0.081889 -0.068122 0.061051 0.124118
0.183206 0.187255 0.182070 -0.008835 0.002289 0.002845
-0.042290 0.037192 -0.011004 -0.030205 0.005979 -0.054718
0.014681 0.069941 -0.003196 0.023051 0.039888 -0.025855
0.081303 0.083258 0.199900 0.004106 -0.005541 -0.000209
0.013320 -0.013038 0.012427 0.071915 0.052940 -0.021558
0.031193 -0.041195 -0.021787 0.000525 -0.000353 0.000787
0.220220 0.019867 0.147657 0.060140 0.034892 0.013961
-0.083915 -0.115180 0.212644 -0.087413 0.070461 -0.060928
-0.172738 -0.055480 -0.039285 0.052811 -0.020285 -0.025378
-0.120253 0.122358 -0.130820 0.123423 -0.056902 0.025022
0.047554 0.134877 -0.107887 -0.033251 -0.045308 0.003891
-0.042769 0.013166 -0.007668 -0.030620 0.065798 -0.049860
0.054160 -0.158916 -0.175116 0.026415 0.025116 0.047031
0.153738 -0.093647 -0.163965 0.073744 -0.061098 0.022513
-0.112468 0.106823 0.116409 -0.134503 0.054539 0.063015
-0.081463 -0.042015 0.034171 0.002070 0.008093 0.013157
0.080330 -0.018045 0.054933 -0.077873 -0.021476 -0.098946
-0.103910 -0.074561 0.097649 -0.008928 0.035641 -0.035033
0.015326 -0.012237 0.056432 -0.015110 -0.013308 0.000878
0.179645 0.125692 -0.155455 0.098843 0.036027 -0.109041
-0.048896 -0.002175 0.064405 0.033463 0.045721 -0.108744
-0.000283 0.019363 0.058723 0.026541 0.058533 -0.063318
0.082123 0.016609 0.181295 -0.073106 -0.032466 0.013010
-0.197569 -0.049258 0.163987 0.009575 -0.003700 0.011807
-0.154568 -0.013369 -0.096403 -0.000001 -0.000001 -0.000002
-0.046758 0.143163 0.002787 0.012692 -0.005162 0.000639
-0.003463 -0.019518 0.029449 0.127491 -0.044895 0.039890
-0.033819 -0.121148 0.031112 -0.057734 0.008144 0.003644
