0.047469 0.035790 -0.033486 -0.126253 0.004074 0.261185
0.027439 0.016136 0.046979 -0.056020 -0.011672 -0.017637
0.010395 0.003641 0.006738 -0.090598 -0.401749 0.307966
0.016734 -0.007074 -0.000134 -0.310320 -0.366273 -0.344725
0.041860 0.004351 0.051536 -0.029404 -0.078441 -0.088490
-0.000491 0.005249 0.083780 0.196485 -0.118759 -0.141810
-0.034620 0.012515 -0.003435 -0.033030 0.022863 0.007100
0.018948 -0.011682 -0.049983 0.108181 0.031425 -0.000995
-0.015981 -0.004851 0.001907 0.157808 0.262165 -0.426936
-0.023658 0.021708 -0.024486 -0.230163 -0.004767 -0.097691
-0.009436 -0.050656 -0.038621 -0.074238 -0.028319 0.014496
0.044869 0.048530 0.045025 0.281953 0.081387 -0.104938
0.062223 0.056949 0.049988 0.030612 0.208706 -0.408422
-0.021854 -0.015870 -0.010165 -0.149643 -0.221609 -0.089466
-0.023880 -0.009126 -0.026037 -0.091793 0.057697 0.028835
-0.000163 -0.000325 0.000062 -0.050221 0.134328 -0.166330
0.002877 0.015319 0.007087 -0.039886 0.044820 0.051943
-0.015612 0.027369 -0.016912 -0.283382 0.040077 -0.067981
-0.060874 -0.017071 0.053320 -0.042251 0.016574 0.001043
-0.006061 0.002283 -0.011560 -0.226621 0.295060 -0.257431
-0.021761 0.005914 0.006360 0.233934 -0.381613 -0.253553
0.048247 0.007691 -0.054259 0.035827 -0.129125 -0.154277
-0.042472 -0.047059 0.044210 -0.026189 0.223375 0.168581
-0.006388 0.020551 -0.020446 0.000393 -0.132100 -0.111245
-0.007886 0.007104 -0.004499 -0.204651 -0.218101 -0.050454
0.016103 0.050732 -0.024206 -0.116793 0.011349 -0.065525
0.024178 -0.006482 -0.020651 0.010089 0.006140 -0.003909
0.001390 -0.002241 0.005000 0.225060 0.093085 -0.090302
0.055529 0.046111 -0.024268 0.034083 -0.117369 0.013120
0.021126 0.064893 0.004526 -0.016401 -0.012786 0.010573
0.042168 0.070964 -0.069412 0.005533 0.095201 -0.071115
0.000421 -0.002574 0.001269 -0.000641 -0.000473 0.000262
0.021760 -0.025939 -0.014222 0.275354 0.016709 0.149638
0.001579 -0.000704 0.001114 -0.090330 0.169342 -0.002634
0.013402 -0.025602 -0.020962 -0.083757 0.052494 -0.022336
-0.011665 -0.002833 -0.013182 0.047860 -0.318046 0.032707
-0.004584 0.016844 0.033246 0.006835 -0.010389 0.012587
0.000069 0.027048 0.007717 -0.184605 0.068360 0.090968
0.036430 -0.033574 0.022509 0.141774 0.051200 -0.095251
0.000487 0.031869 -0.071820 0.017718 -0.041547 0.016077
