-0.003124 0.001510 0.013064 -0.062927 0.155398 0.032159
0.007628 -0.029279 -0.010096 -0.031148 -0.063385 -0.061208
0.038641 -0.005079 0.029443 0.157516 -0.126115 -0.079572
0.006528 0.037333 -0.024450 0.231518 -0.111448 0.236487
0.048740 0.010471 -0.010157 0.080015 0.091026 0.039368
0.029067 0.018642 -0.025410 -0.081560 0.194865 0.126045
-0.003828 0.038157 0.013264 -0.208038 -0.318070 -0.320407
-0.004871 -0.010027 -0.010785 -0.041324 0.094278 -0.207866
0.044778 0.036450 -0.071381 0.025947 0.101111 0.098211
-0.013346 0.016451 -0.057509 -0.084921 0.051103 -0.202256
0.061392 -0.007597 -0.028938 0.301304 -0.324227 0.031797
0.000525 0.001703 0.001048 -0.084966 -0.224489 -0.234681
0.069623 0.041329 -0.007111 -0.005782 -0.006186 0.006831
0.008741 0.012442 -0.020365 -0.040196 -0.183184 0.001529
-0.001258 -0.000156 -0.000559 -0.171913 -0.055412 0.327559
-0.080354 0.030336 -0.035691 -0.161778 -0.166097 0.036525
0.040901 0.015278 0.018193 0.139464 -0.193119 0.068908
0.015157 0.020281 0.033296 0.214768 -0.039244 -0.125056
0.058573 -0.004357 -0.022603 0.195341 0.228919 -0.049019
0.019445 -0.032384 -0.003647 -0.377047 0.014165 -0.289692
0.024075 0.036842 -0.079754 -0.047931 0.032166 0.035698
0.001126 -0.001126 -0.002048 0.167043 -0.338022 0.351800
-0.036953 -0.001872 0.042732 0.264561 0.297683 -0.018101
-0.048327 0.014739 0.048889 -0.071760 -0.307054 0.241231
-0.024972 0.010562 -0.017769 -0.005254 -0.109336 0.104202
0.002299 0.004049 -0.005760 -0.014024 0.064462 -0.015937
0.004826 0.019935 0.001415 -0.082189 0.439337 0.411827
-0.061040 0.001076 0.018964 -0.146578 0.004688 0.213436
0.023425 -0.005484 -0.016304 0.010097 -0.032912 0.174023
-0.038606 0.050175 -0.043862 0.174877 -0.052502 0.154352
-0.013604 0.026518 -0.018782 -0.045884 0.009724 0.334319
-0.002523 -0.007706 -0.017132 -0.014561 -0.018747 -0.040759
0.025945 -0.023899 -0.024837 -0.357671 0.315719 -0.328609
-0.005033 0.006258 0.020056 -0.137176 0.025669 -0.019231
0.013472 0.000208 -0.013063 0.011921 0.026460 0.306180
0.004260 0.001334 0.048751 -0.311282 -0.182270 0.058459
-0.016092 -0.073157 0.028286 -0.106459 -0.095572 0.096610
-0.002228 0.003545 0.003057 0.098953 -0.079690 0.067691
0.001805 0.002802 -0.003551 0.052162 -0.029232 0.249168
-0.040343 0.046372 0.045270 0.000186 0.003986 -0.004200
