0.012294 -0.000452 0.006112 -0.023923 -0.000346 0.048352
-0.048015 0.029368 -0.034839 -0.032043 0.062760 -0.017416
-0.011974 -0.019669 0.014895 -0.035713 -0.026140 -0.061147
-0.028910 -0.049128 -0.008799 0.119773 -0.068812 0.073644
-0.030071 -0.011175 0.044736 0.230525 -0.122203 -0.128550
0.018278 -0.008277 -0.019874 -0.241856 0.043024 -0.238860
-0.048234 -0.039370 -0.005008 -0.098485 -0.061592 0.005577
0.009295 -0.001927 -0.014338 0.079520 0.091226 0.177959
0.036310 0.007895 0.044384 0.096929 0.086765 -0.071846
0.001851 0.018855 -0.000098 0.036415 -0.005174 0.231391
-0.024455 0.056053 0.025491 -0.004158 -0.003768 -0.000339
-0.002392 -0.000492 -0.000120 -0.172583 -0.127458 -0.090835
0.006178 -0.008304 -0.014041 0.188000 0.214039 -0.001127
-0.034557 -0.009524 0.030864 -0.025366 -0.232931 -0.196653
0.016449 -0.021761 0.006922 -0.025899 0.122525 0.100460
0.017905 0.048042 -0.040313 0.080621 -0.058079 0.026628
-0.007879 -0.004604 0.013028 0.008885 -0.061281 0.221910
-0.060242 -0.001176 0.046447 0.405663 -0.427255 -0.141287
-0.012032 0.010354 0.001992 0.015049 0.190483 0.005979
0.002789 -0.058054 0.002719 0.062985 -0.075032 0.064358
0.019275 0.010075 -0.000041 -0.154886 0.313145 0.086294
0.000837 0.023164 0.001420 0.210616 -0.052631 -0.296622
0.023124 -0.001147 0.046991 -0.493696 -0.380394 0.321414
-0.005789 0.043334 -0.042311 0.002974 -0.002283 -0.000584
0.020816 0.000723 -0.019175 -0.020927 0.127547 -0.051195
0.071914 0.024489 0.062467 0.001987 0.000436 0.001262
-0.024327 0.006970 0.017116 0.062632 0.013832 -0.090571
-0.036877 -0.023387 0.004547 0.038810 -0.003023 0.036194
0.026304 0.021347 -0.020998 -0.205080 -0.231353 0.000144
0.019801 0.021256 0.069619 -0.041432 -0.039775 0.117251
-0.014502 -0.012053 -0.009799 -0.020283 -0.070453 -0.057056
0.001157 -0.006501 -0.000980 0.275200 -0.114525 -0.141526
0.020084 -0.016452 0.050433 0.039839 0.410451 0.344987
0.003296 -0.014353 -0.001800 -0.385829 0.361750 0.043517
0.005120 -0.005316 0.000366 0.040668 0.031876 0.018103
0.005663 0.005995 -0.004526 -0.017185 0.184238 -0.053443
-0.000405 -0.000271 0.000878 0.039821 -0.323662 0.032122
0.020422 -0.031500 -0.062607 -0.018196 -0.015666 -0.011219
0.074121 0.018469 -0.060543 0.165277 0.385379 0.129893
0.000956 -0.000494 -0.000306 0.016991 0.202439 -0.199240
-0.043402 -0.045386 -0.033391 -0.053170 -0.126327 -0.107035
