0.010990 0.030930 0.026902 0.128204 0.292480 0.190844
-0.039402 0.029177 -0.052340 0.056320 -0.014317 -0.077107
-0.003047 -0.006091 0.016259 0.240175 -0.009106 -0.286482
0.002170 -0.001937 0.002279 0.020207 0.220838 -0.019081
0.003181 -0.002206 -0.001231 -0.197712 0.143174 0.176082
-0.009957 0.028460 -0.011652 -0.170061 -0.238510 -0.198737
0.013586 -0.015307 0.031200 0.012411 -0.013232 -0.030707
-0.012285 0.073137 -0.056951 -0.019172 -0.209940 -0.124567
-0.009436 0.020426 0.010511 -0.161467 -0.136878 -0.272049
-0.038850 -0.062827 -0.057926 -0.093052 -0.311852 -0.068038
-0.014897 -0.009852 -0.010802 -0.183227 0.016823 0.210632
-0.010299 0.030918 -0.009471 -0.073405 -0.024087 -0.032175
-0.026392 0.020875 -0.025131 -0.069266 -0.149283 0.051318
-0.010598 -0.003499 -0.002606 -0.014353 0.008857 -0.043127
-0.028049 -0.036174 -0.044399 -0.014814 -0.009237 0.012452
-0.014519 0.017344 0.002746 0.230231 -0.108545 0.176843
0.018279 0.003977 -0.017203 -0.164119 -0.020077 -0.259502
0.000876 -0.002381 0.005262 -0.023905 0.050493 0.105405
0.011853 0.043124 -0.039058 0.035994 0.049758 -0.021875
-0.040094 -0.071502 0.007496 0.188667 -0.160810 -0.053773
-0.038610 -0.025151 0.057819 -0.043075 0.214577 0.066974
-0.003438 0.005048 0.006597 0.426490 -0.297201 0.146129
0.015660 0.017663 0.013320 -0.293744 0.112293 -0.164943
0.007164 0.060997 0.069961 -0.191821 0.055036 0.037535
-0.018880 0.005715 0.018831 0.448217 0.357365 0.027938
-0.026765 0.015538 0.024719 0.043902 0.025971 -0.026566
0.000721 -0.006683 -0.001912 -0.176718 -0.196808 0.024271
0.056053 -0.051020 0.025565 -0.015505 0.036188 -0.018118
-0.007645 0.009531 -0.005805 0.028518 -0.051616 0.105690
0.000503 0.001438 -0.000296 0.148703 0.190505 0.094150
-0.001852 0.010446 0.011026 -0.049581 -0.116864 -0.153810
0.003181 0.000131 -0.000049 -0.310388 -0.060697 -0.145186
-0.029832 0.032494 0.021257 0.431123 0.442163 -0.292251
0.040190 -0.032902 0.012499 0.027106 -0.280376 0.177444
0.005832 -0.008880 -0.003112 0.096060 -0.072562 -0.090287
0.012364 -0.016800 0.058473 -0.029626 0.162167 0.139242
-0.042830 -0.006855 -0.022528 -0.141137 0.015471 -0.204212
0.041174 -0.019511 -0.012453 0.350377 0.163902 -0.159348
0.057110 -0.058006 -0.022176 0.053118 0.007278 -0.074018
0.045070 0.036858 -0.014939 -0.139226 0.085770 -0.113274
-0.016362 -0.041441 0.017208 0.231698 -0.106816 0.192055
