0.033559 -0.015752 -0.060976 -0.037957 0.013891 0.019650
-0.008659 0.043433 0.057959 -0.125561 0.159398 0.148364
-0.002358 -0.005267 0.052210 0.165756 0.058184 0.093574
0.003796 0.020801 0.019706 -0.000433 -0.008540 0.004930
-0.032429 -0.035211 -0.016577 -0.166927 0.099009 -0.189027
-0.002465 0.014598 -0.012128 -0.112779 -0.213799 -0.074070
0.022374 0.038494 0.003154 0.215121 0.109853 -0.025862
-0.072752 -0.065508 0.012903 0.154800 0.179502 -0.104676
0.010190 0.008182 0.021916 -0.142265 0.151174 -0.178618
0.011912 -0.016156 0.008737 -0.126473 -0.132977 -0.102661
0.013890 -0.011295 -0.013952 -0.154667 0.005134 -0.098909
-0.014863 -0.016331 0.008648 0.040660 -0.047594 -0.041094
0.018689 -0.035709 -0.058765 -0.320735 -0.325853 0.096144
-0.016638 0.016239 0.005891 -0.221124 -0.068123 -0.166175
0.012127 -0.006132 0.030280 -0.117393 -0.176098 0.274409
0.007489 0.029833 0.017632 -0.007499 -0.008110 0.009277
-0.036002 -0.032663 0.018406 0.204707 0.181016 -0.033432
0.010526 0.029330 -0.030728 0.028557 -0.078491 -0.014056
0.016770 -0.031671 0.002958 0.028279 -0.150992 -0.036842
-0.048262 -0.029235 -0.033975 0.140478 0.067876 0.267861
0.033113 0.033034 -0.016461 -0.068976 -0.093088 -0.200585
-0.002565 -0.051264 -0.050116 0.106862 -0.108125 -0.217018
-0.027023 0.005193 -0.048044 0.026833 -0.077742 -0.127180
-0.012241 0.008108 0.000662 0.182745 -0.188192 0.154792
-0.000791 0.004496 0.024710 0.097414 0.069736 -0.045529
-0.060372 -0.050995 0.036943 0.168751 -0.159323 0.169846
0.010802 0.029963 0.028067 -0.064746 -0.166979 0.024862
-0.050821 -0.015542 -0.061614 0.384468 -0.115180 0.299535
0.016502 0.024437 -0.032478 0.070832 -0.200953 -0.202845
-0.000409 0.000401 0.000183 0.189531 0.203769 0.133189
-0.024952 -0.000198 -0.026532 0.284632 -0.187191 -0.156626
0.011525 0.005505 0.008072 -0.137765 -0.202645 -0.088275
-0.001038 0.001196 -0.016318 0.106541 0.043191 0.178122
0.039137 -0.001715 0.001170 -0.031798 0.089636 0.018094
0.002437 -0.025361 0.006967 0.033569 0.040826 -0.003314
0.040505 0.027374 0.006550 0.348896 0.187985 -0.223329
0.008927 0.005464 0.000079 0.010209 -0.069212 0.027310
0.007252 0.005455 0.005379 -0.207465 -0.127629 -0.141559
-0.035970 -0.007267 0.037192 -0.033538 0.033157 -0.011338
0.005200 -0.004447 0.002578 -0.118479 -0.007862 0.007090
