-0.063221 -0.071070 -0.021089 -0.084063 0.050951 -0.372984
0.047561 0.030046 0.038220 0.034848 -0.062974 -0.090938
-0.004246 0.016098 -0.008309 -0.159554 -0.370762 -0.313251
-0.000235 -0.003086 0.000169 0.195748 0.215196 -0.182886
0.011954 -0.050045 0.043834 0.030102 -0.067614 0.122692
0.007031 0.035642 -0.016089 0.079955 0.051398 -0.103616
0.003228 -0.022215 0.058526 -0.003541 -0.001374 -0.006194
-0.007517 0.007739 -0.009443 -0.195580 0.088501 -0.273755
0.031198 -0.038655 -0.020639 0.068710 -0.005561 -0.022620
-0.005329 -0.002005 -0.000146 -0.138468 -0.252813 -0.442377
0.007029 0.019506 0.012814 -0.229534 0.258245 -0.028365
-0.008626 0.016810 -0.002634 0.319335 0.017856 -0.035862
-0.019264 0.012913 -0.006020 0.143579 -0.221018 -0.147944
0.038153 0.004460 0.026459 0.208531 -0.092896 0.292502
0.021679 -0.055024 0.017720 -0.017821 0.152112 0.009213
-0.047630 -0.022040 -0.026514 0.038917 -0.292383 -0.128464
-0.061504 0.030040 0.054926 0.008129 0.061249 0.028464
-0.053279 0.029429 -0.042687 -0.093737 -0.008507 0.349446
-0.043377 0.015285 -0.000983 0.214186 0.113751 -0.225551
-0.052215 0.076261 0.006950 -0.140761 0.235395 0.345166
-0.008478 0.006200 0.000957 -0.125921 0.113725 -0.062403
-0.000533 -0.002369 -0.000241 0.233520 -0.055287 -0.293338
0.011606 -0.009798 0.009238 -0.470489 -0.014838 0.142713
-0.075000 -0.028876 -0.024009 -0.170720 0.219649 0.147711
-0.075967 0.030863 -0.067609 0.254954 0.219285 -0.397107
0.014876 0.005263 0.000341 -0.003895 0.011040 0.010354
-0.008207 -0.005239 0.003737 -0.209272 -0.130793 0.167815
0.004682 -0.002333 -0.003314 -0.027141 0.024741 -0.006340
-0.028323 -0.045866 -0.008406 0.020769 0.129707 0.073499
-0.018575 0.018896 0.018497 -0.187037 0.100845 -0.255827
-0.048516 0.067246 0.015808 -0.159993 -0.053430 -0.070893
-0.017945 0.009368 -0.025599 0.104960 -0.078122 0.120272
-0.044435 -0.060309 -0.046468 0.176051 0.117656 0.258817
-0.015534 0.016342 0.013694 -0.099785 -0.124129 0.003624
-0.070745 -0.069276 -0.010980 0.091643 0.094321 0.007903
0.057049 0.024761 0.059665 0.420642 0.148328 0.189860
-0.004061 0.002389 -0.007462 -0.009672 0.006057 -0.007458
0.025824 -0.001223 -0.003764 -0.242685 -0.198430 -0.178882
-0.009505 -0.015379 -0.006481 -0.004969 -0.014789 0.032038
-0.002856 -0.016051 0.012633 0.146019 -0.298114 0.013437
