0.017282 0.043304 -0.003993 -0.005346 -0.015382 0.003092
-0.006091 -0.008345 0.000489 0.009668 -0.000758 0.006884
0.003167 0.006230 -0.008570 0.043664 -0.002559 -0.042502
0.047817 0.012003 -0.004520 -0.170218 0.083811 0.272836
-0.017321 -0.007345 -0.018510 0.152870 -0.040306 0.129769
-0.006344 0.007138 -0.020499 -0.330869 -0.258029 -0.416027
0.007054 0.012014 0.005797 -0.039408 0.045612 -0.019344
0.029214 0.053966 -0.025857 -0.022663 0.017889 -0.016908
-0.020789 0.024738 -0.019322 -0.005419 0.005951 0.006702
-0.015781 -0.004060 -0.015478 0.082698 -0.067597 -0.305754
0.008667 0.001037 0.014416 -0.015779 -0.002893 0.023895
-0.010724 -0.022063 -0.013565 0.216299 0.402524 0.252850
-0.002230 0.039115 0.052819 -0.046541 -0.037783 -0.006033
0.056566 0.012549 0.055351 -0.063036 0.185357 -0.139720
0.007093 -0.046289 0.055076 0.013485 0.007791 0.055725
0.026503 0.046004 0.059049 0.021356 0.018753 0.052563
0.018052 -0.016899 0.021394 -0.025474 0.040496 -0.163605
-0.019085 0.016790 -0.032945 0.133854 0.136262 -0.416777
0.028772 -0.004281 0.029592 0.204514 0.067812 0.004471
0.052329 -0.010244 0.014931 -0.072286 0.319693 0.194922
-0.010033 0.014670 -0.044085 0.040049 0.109807 0.019904
0.010223 0.029543 -0.040406 -0.113182 -0.177192 0.068104
-0.015851 -0.006609 0.015292 -0.083716 -0.275573 -0.294712
0.009162 0.044638 -0.029145 -0.070720 -0.087917 0.010438
-0.050458 0.029298 -0.010807 -0.110960 -0.045521 0.213908
0.012820 -0.010308 0.023234 -0.238186 0.145659 -0.236989
-0.014196 -0.020911 -0.014557 -0.144103 0.191565 -0.151543
-0.018606 0.002670 -0.003915 -0.010114 0.136637 0.135673
0.018498 0.008340 -0.018808 0.134735 0.262377 -0.300583
-0.017284 0.012478 0.011786 -0.014346 -0.007162 0.014246
0.009842 0.016338 -0.064666 -0.277186 -0.272655 0.174869
-0.006960 0.004628 0.001937 -0.215205 0.008894 -0.153444
0.037789 0.031968 0.011731 0.069127 -0.149834 0.105198
0.045757 -0.023424 0.004881 -0.015920 0.012646 0.034599
0.015078 0.000528 0.009814 -0.239608 0.252661 0.214486
0.052227 0.025154 0.021093 0.409370 0.000004 -0.111013
0.024363 0.021300 0.051743 -0.084307 -0.009628 -0.049322
0.008488 0.009305 -0.015364 -0.213494 0.006490 -0.033906
0.009840 -0.007936 -0.043979 -0.002266 -0.012213 -0.010125
0.018186 0.035915 -0.026145 0.030826 -0.281445 0.277937
