-0.020436 0.005885 0.002611 -0.219649 -0.160600 -0.190425
0.001778 0.009252 -0.007954 -0.172226 0.102033 0.005183
-0.054686 -0.043270 0.008938 -0.035036 -0.123886 0.303917
-0.003500 -0.003915 -0.001322 0.015621 -0.013050 -0.061291
0.015536 0.020213 -0.019058 0.126609 0.300729 -0.256328
-0.005371 -0.072756 0.032267 -0.163000 -0.029980 -0.185096
-0.000003 -0.013986 -0.010712 -0.006361 0.018697 -0.006268
-0.015271 -0.036862 0.044117 -0.016931 0.139034 -0.078763
-0.015868 0.006986 -0.010729 -0.045042 -0.017083 0.185971
0.015499 -0.012463 -0.038869 -0.212888 -0.037813 0.145982
0.023449 -0.059548 -0.006883 0.127974 0.099300 -0.189343
0.001524 0.007526 -0.007943 -0.022225 -0.030077 0.024066
-0.016219 -0.015755 0.012580 0.016967 -0.010378 0.129030
-0.010080 -0.012264 0.003612 -0.026707 0.026074 0.064141
-0.032716 -0.000942 -0.024988 -0.240311 -0.074769 -0.280337
-0.011496 -0.031915 -0.073290 0.124449 0.159962 -0.213707
0.057033 -0.058373 0.042681 -0.173804 -0.298429 0.410384
-0.006057 -0.003503 -0.003129 -0.473812 0.155882 -0.115277
0.030563 0.043131 0.048798 -0.167970 -0.406294 0.241348
-0.004639 -0.006241 0.002746 -0.012893 -0.024984 -0.017087
-0.015377 0.066437 -0.070017 0.141301 -0.129385 -0.215280
-0.036732 0.009615 -0.026181 0.128917 -0.127864 -0.114639
-0.006462 0.005736 -0.001684 0.023315 0.013648 -0.055615
0.022421 -0.014513 -0.017080 -0.007386 0.062258 -0.041852
-0.000849 0.009645 0.007889 0.315856 0.094505 0.410411
0.036859 0.021257 -0.002765 0.399881 -0.012900 0.150157
-0.016103 -0.006674 -0.016578 -0.273108 -0.456645 0.300084
-0.001792 0.005677 0.001292 -0.253423 0.054826 0.091790
-0.014780 -0.011405 -0.035344 0.025832 0.360070 0.136289
-0.005052 0.006581 0.001210 -0.180200 -0.083194 -0.180188
0.004466 -0.009839 -0.003006 -0.278802 -0.149555 -0.212804
-0.030247 -0.057081 0.027681 0.357264 0.245799 -0.331555
0.014646 0.019331 0.000095 -0.146199 0.248099 0.155150
-0.041969 0.029882 -0.037839 0.016135 -0.008420 0.018775
-0.008448 -0.030090 -0.002919 0.069271 0.177805 0.169312
-0.017989 0.003852 0.013218 0.043119 -0.035391 0.086006
0.009115 -0.006758 -0.053511 -0.092847 -0.115925 0.153702
0.011286 0.038150 -0.015935 0.030655 -0.062160 0.097204
0.006030 -0.005309 0.006857 0.003192 0.016324 -0.022340
-0.002319 0.009284 -0.008576 -0.271950 -0.136848 -0.026960
