0.019569 -0.013216 0.010494 -0.261849 0.032515 -0.341358
0.015263 -0.040029 -0.026753 0.311845 -0.260351 0.027383
-0.016215 0.000212 0.033060 -0.123043 0.020828 -0.095649
-0.010638 0.003808 -0.014039 -0.096335 -0.083234 0.116685
-0.035703 0.049016 -0.020572 0.011304 -0.025233 0.079058
-0.006514 0.000312 -0.001060 0.045295 -0.074671 -0.010678
0.007673 -0.013768 0.001162 -0.008346 -0.008438 -0.006536
-0.037709 -0.046195 0.017473 0.088997 -0.367705 -0.335515
0.003409 0.002041 0.010189 0.312032 -0.113146 -0.016683
0.000251 0.000231 -0.000354 0.110599 -0.141600 0.221875
-0.031537 0.012758 0.025429 -0.107553 0.036352 -0.337564
0.000721 -0.005678 0.006537 0.152641 -0.267612 0.228289
0.012683 0.040949 0.024588 -0.057872 -0.151996 -0.139398
0.005672 -0.010595 0.007383 0.185904 0.470698 0.128342
0.009907 -0.001867 -0.019666 0.048510 -0.065465 -0.018155
-0.035612 -0.062108 -0.026503 -0.127031 -0.167779 0.040616
-0.007443 0.037763 -0.024698 -0.105883 0.077043 -0.138481
-0.004226 0.002354 0.003703 -0.166908 -0.093541 -0.176375
-0.001783 -0.000023 0.000727 0.015717 -0.054604 0.055805
0.045796 -0.012752 0.032354 0.072349 -0.098527 -0.047260
0.047983 0.036545 0.030427 -0.110513 0.091144 -0.060607
0.041117 -0.060586 0.014376 -0.031613 0.013855 0.079545
0.005071 -0.005210 -0.005764 -0.017758 0.029222 0.030600
-0.029069 0.010808 0.032669 -0.018842 0.118315 -0.151516
-0.007339 -0.032165 0.004788 -0.214828 -0.030204 -0.036704
-0.065037 0.013654 -0.051858 0.047782 0.105842 -0.097609
-0.049334 -0.053467 -0.020751 0.194089 0.080222 0.293069
0.054834 0.017090 0.058556 0.023463 -0.010512 -0.005822
-0.028904 -0.024399 0.018357 -0.060460 0.019913 0.073398
0.007763 0.008369 -0.009152 0.093460 0.223947 0.109729
0.030531 -0.067212 -0.020158 0.079723 -0.109713 -0.417346
0.001447 0.033414 -0.021828 -0.004039 0.016202 0.016551
-0.026335 -0.029596 -0.012214 -0.118780 0.289858 0.301426
0.030148 0.017164 0.019568 -0.252213 -0.289471 -0.144081
-0.033589 -0.037318 0.038428 -0.003928 0.017473 0.019523
0.003218 -0.002124 0.000414 0.043426 -0.033474 0.045813
0.018414 0.023009 -0.020567 0.091647 -0.268546 -0.274377
-0.014773 0.011583 0.022774 0.046273 0.116560 -0.081924
0.010425 -0.003698 0.002321 0.050429 -0.401140 0.278958
0.028121 -0.024262 0.014078 0.023093 -0.019229 0.040740
