0.025525 -0.038056 0.025942 0.190639 -0.070716 0.031475
-0.027738 -0.022284 0.009298 -0.175521 -0.102912 -0.120228
0.050539 0.052431 -0.023388 0.220927 0.221956 0.008732
-0.054476 -0.035019 -0.023632 -0.450928 -0.055039 0.346415
-0.018611 -0.021213 0.035660 -0.136579 -0.324648 0.091403
0.036200 -0.030876 -0.028056 0.138170 0.079646 0.145566
-0.017488 0.050051 0.050963 -0.158367 0.181378 -0.051326
-0.032122 0.029222 0.024647 -0.005333 0.051168 0.015640
0.021179 -0.001775 -0.017515 -0.032599 0.034231 -0.035786
-0.010442 0.013040 0.016846 -0.014864 -0.366029 -0.116375
0.040591 -0.028099 0.006136 -0.008103 -0.003321 0.014863
0.023078 0.040514 -0.040285 0.123410 0.076396 0.220744
-0.033802 0.038894 -0.016380 -0.271908 0.122713 0.293421
0.007039 0.040377 0.063433 -0.074994 -0.062854 0.112652
-0.023892 -0.050248 0.017303 -0.241473 0.240461 0.166839
-0.029423 0.062379 0.044967 -0.290454 -0.151166 -0.313550
-0.040606 -0.008713 -0.024385 -0.125639 0.051258 -0.016782
0.012714 -0.014204 -0.004700 0.317677 0.280429 0.386948
0.069500 -0.000864 -0.051085 -0.052040 -0.334673 -0.153954
0.001189 0.006435 -0.002679 0.363523 -0.400032 0.375776
-0.064035 -0.071274 0.051750 0.000709 -0.000472 -0.000124
-0.008352 -0.033004 0.005735 -0.199834 0.296892 -0.039550
0.028632 0.064838 0.064883 0.046076 -0.070666 0.248819
-0.017961 0.002485 0.000397 -0.010007 0.237145 0.097813
0.038693 0.004601 0.038122 0.005488 0.197087 0.017291
-0.040145 -0.019864 0.010263 0.002062 -0.013776 -0.021832
-0.015559 0.015385 0.004096 -0.060487 -0.127087 0.102295
0.008890 -0.016139 0.015371 0.131856 -0.085042 0.137381
-0.036351 -0.015430 -0.032234 -0.189513 -0.202019 0.179736
-0.068635 0.050083 -0.033668 0.029703 0.010223 -0.072344
0.027104 -0.057761 -0.052399 0.365103 0.093172 -0.043442
-0.007386 -0.009077 -0.000058 0.207681 0.005493 -0.216225
0.028494 -0.053231 -0.041819 0.042703 0.045458 -0.063317
0.046902 0.047928 -0.019804 0.059085 0.008951 -0.049731
-0.028024 0.013862 0.017280 -0.030721 0.120652 0.035972
-0.001339 -0.021859 -0.024687 -0.031328 0.032607 0.014532
0.000571 0.000448 -0.001206 -0.093804 0.085165 -0.077690
0.012993 0.024917 0.021798 -0.061618 -0.088805 -0.093559
-0.058864 0.051682 -0.042961 0.034261 0.038914 0.076420
0.046083 -0.043081 -0.001701 0.023785 -0.138053 0.025785
