0.022081 0.016327 -0.002846 -0.020046 0.035222 -0.056851
0.053842 -0.027305 0.002884 -0.046857 -0.066988 0.159530
-0.009460 -0.026227 -0.017037 0.106165 -0.192516 0.097960
0.016959 -0.006241 -0.046337 -0.008282 0.186949 0.110647
-0.007203 0.009784 -0.039638 -0.047264 0.069262 -0.014047
0.043039 -0.060588 0.000682 -0.018442 0.029926 0.092771
-0.045013 -0.049621 -0.006836 0.094281 -0.303761 -0.110628
0.030921 0.032208 0.012245 0.394826 -0.154070 -0.194139
0.063711 -0.044933 0.046277 -0.392385 -0.262786 -0.244003
0.024725 -0.038727 -0.031054 0.055649 0.092036 0.209473
0.007566 0.001618 -0.011854 0.227007 0.007168 0.186860
-0.045147 0.041348 0.006250 0.028732 -0.045047 0.025555
-0.000085 -0.037062 0.033638 -0.260203 0.300332 -0.161819
-0.007452 0.005023 -0.001356 0.100872 -0.005979 0.227050
0.001608 0.024227 -0.013144 0.059076 -0.275273 0.154948
-0.009397 0.026702 -0.025667 0.091474 -0.077102 -0.097222
0.011685 -0.006776 -0.008773 -0.308248 -0.222497 -0.054878
0.015268 0.003851 -0.021235 0.000997 -0.000109 -0.003497
0.022398 -0.012437 0.021668 0.135842 0.008716 -0.128711
-0.008148 0.025315 0.007659 -0.049348 -0.110103 -0.067422
-0.002315 0.018293 -0.001490 -0.000593 0.000111 -0.000496
-0.042548 0.046926 0.055642 0.045437 0.074050 -0.077310
-0.002262 0.016986 0.001147 -0.035992 -0.053613 0.017743
-0.012310 -0.012685 0.015662 0.061301 -0.165375 0.190210
-0.005827 0.009085 -0.013972 0.096610 -0.206391 -0.012636
0.001446 -0.029004 0.014890 -0.154561 -0.061945 0.205444
0.037920 0.018374 -0.016054 -0.021027 -0.132139 0.138643
-0.012837 -0.006483 -0.008071 -0.415800 -0.159491 0.176127
0.060698 -0.034176 0.024577 0.248112 0.264977 -0.077746
0.003612 0.001622 -0.003949 0.153443 -0.401417 -0.088120
-0.009544 -0.024937 0.054134 -0.141075 0.133827 -0.294435
-0.004863 -0.002735 0.046119 0.008698 0.019360 0.029641
0.009337 0.018188 -0.012630 -0.013649 0.074564 -0.078050
0.018318 0.004027 -0.005626 -0.114148 0.152482 0.101098
0.012184 -0.049767 0.002325 0.236010 -0.321078 0.295571
0.034623 -0.070693 -0.040102 -0.033930 -0.025830 -0.000842
0.009456 0.000342 -0.000514 -0.246331 -0.242236 -0.224082
0.003337 -0.014675 0.027037 0.123807 0.032000 -0.050064
-0.007511 -0.027583 0.039876 -0.034697 -0.420835 -0.459647
-0.029512 -0.006540 0.003574 -0.318992 -0.446624 0.295605
