0.048197 -0.022268 -0.066083 0.108932 0.056353 -0.050910
-0.046237 -0.049508 -0.027428 -0.053556 0.097276 -0.024776
0.039652 -0.070829 -0.010249 0.056196 0.490049 -0.509199
-0.004424 0.010471 -0.011604 -0.097349 -0.171309 -0.070864
0.024138 -0.029465 0.027996 0.005050 -0.019761 0.093520
-0.074427 -0.050870 0.026199 0.031039 -0.049289 0.068826
0.001853 0.008460 0.006291 -0.092257 0.048192 0.030600
-0.023677 0.022348 -0.007374 -0.139485 0.098059 -0.116481
-0.001647 -0.003711 -0.001512 -0.233254 0.219581 0.157469
-0.010153 0.000841 0.008194 -0.118940 -0.202596 0.253512
-0.012584 0.048412 -0.028453 0.011912 -0.020318 -0.025694
0.012302 0.003011 -0.011820 -0.125308 -0.170232 0.022492
0.070354 0.005932 0.003213 0.022960 -0.238057 0.132889
-0.005149 -0.002582 0.038423 0.036990 -0.068873 0.060102
-0.008979 0.035430 0.021398 -0.001135 0.001425 0.002702
0.031488 -0.036591 -0.042306 0.218489 0.258437 0.005209
-0.000900 -0.000765 0.002613 0.003104 -0.018196 -0.015531
0.036512 -0.008835 -0.017754 0.112028 -0.123474 0.060953
-0.000083 0.007529 0.006723 -0.236777 0.349248 0.295687
0.004974 0.019351 0.002801 -0.018305 -0.010785 -0.058019
0.063714 0.019181 -0.007000 0.122560 -0.077350 0.050659
0.008217 0.000321 0.000394 0.064799 -0.089427 -0.090576
-0.002275 0.006915 -0.003491 -0.279490 -0.060388 0.245873
0.023124 0.015825 -0.000475 -0.101318 -0.132693 0.218590
-0.003979 0.009510 -0.023699 0.218330 0.147476 0.239671
-0.017994 -0.019230 -0.006665 -0.303244 -0.302971 0.056371
-0.034278 -0.030939 0.034064 -0.268245 -0.088536 0.198350
-0.005351 -0.034988 -0.003647 0.188604 -0.038812 -0.177339
0.014337 -0.017989 0.037778 -0.108192 0.222357 -0.042621
-0.044837 0.056240 0.024862 -0.085903 -0.047103 -0.061857
-0.040056 -0.065975 0.027185 -0.037392 -0.094597 -0.045612
-0.008422 0.013383 0.019286 0.231930 -0.122235 -0.053497
-0.009606 0.001665 -0.003020 0.123735 -0.204525 -0.116244
-0.005245 0.001028 0.001245 -0.026458 0.245982 0.044157
-0.066688 0.081997 0.045714 -0.011605 -0.127860 0.166378
0.032874 -0.050385 -0.049963 -0.192841 -0.076989 -0.184408
0.036104 0.048267 -0.071679 0.174430 0.488054 -0.373834
0.025819 -0.005925 -0.021797 -0.016434 -0.018041 -0.115395
-0.040813 -0.012907 0.029277 -0.252393 -0.139462 -0.273778
-0.014246 0.015219 0.020642 0.035515 -0.034263 0.029022
