-0.004310 0.009830 -0.057830 -0.372822 -0.013991 0.357268
0.000198 0.000869 0.000056 -0.148309 0.166350 -0.073793
0.007558 0.006498 -0.003011 -0.122196 -0.006848 0.001192
0.011626 -0.013421 0.003128 -0.073551 0.052713 0.153709
0.008748 0.017854 0.010973 0.053668 0.032175 -0.028289
-0.014105 -0.043897 -0.019781 0.353430 0.316811 0.000330
0.009842 -0.078637 0.029991 0.334575 0.210543 0.241727
0.001795 -0.000717 0.000656 -0.317192 0.131607 0.056790
0.016074 -0.017782 0.024581 0.141974 0.034434 0.198070
0.002032 0.052574 -0.021458 -0.140197 -0.257679 -0.220311
0.027950 -0.028948 -0.000786 -0.191888 -0.338691 0.231154
-0.014015 -0.005879 0.004634 0.000897 -0.000572 -0.000399
0.051164 -0.015890 0.027414 0.107526 0.022142 0.010570
0.049452 0.075626 0.009177 -0.147013 0.033940 -0.153536
0.003666 -0.015919 -0.005795 -0.079887 0.127607 -0.052886
-0.021288 0.045936 0.020604 -0.172955 0.227820 0.037381
-0.002409 -0.002843 0.025478 -0.118813 0.100010 -0.291546
0.018512 -0.013348 0.005576 0.009580 -0.028052 -0.031088
0.000760 -0.013420 0.008215 -0.102867 0.156584 0.043744
0.014778 -0.007130 0.016262 -0.088164 -0.270280 -0.065743
-0.046670 -0.064462 -0.075352 0.229831 0.235267 0.263391
-0.026822 -0.016511 -0.016428 0.187794 -0.139658 0.212192
-0.008948 0.002817 -0.001668 0.037310 0.264888 0.236600
-0.063925 -0.066919 0.048861 0.094767 0.253952 0.166342
-0.031361 0.021147 0.004523 -0.074613 0.055556 0.082418
0.022598 -0.025151 0.012915 0.151405 0.413827 0.247922
0.039241 -0.005236 0.003616 -0.153910 0.116600 -0.216793
-0.005395 0.005474 0.003406 -0.050698 0.038726 0.023488
0.011565 -0.001033 -0.013287 -0.106911 -0.168938 0.058187
0.015655 -0.019836 0.009859 0.003537 0.009950 -0.005482
0.001248 0.014990 -0.017869 -0.132547 -0.101546 -0.015571
-0.024288 -0.036336 -0.019611 0.033563 -0.160557 0.138639
0.000947 0.001627 0.003332 0.150688 0.338573 0.162984
-0.028982 0.014221 -0.002647 0.276372 -0.057675 0.030050
-0.043622 0.007575 -0.007128 0.070713 -0.007656 0.116857
-0.020293 -0.029463 -0.021897 0.087861 0.018112 0.021266
0.005410 -0.003442 -0.002264 0.040926 -0.219582 0.169494
-0.019064 -0.069779 0.074359 -0.116583 0.035337 -0.079225
0.034663 -0.028183 -0.003663 -0.361855 -0.455097 0.290300
0.003036 -0.030933 0.045878 0.189625 -0.181888 -0.051628
0.044850 0.018305 -0.057053 -0.049317 -0.277579 -0.266231
