0.011251 -0.008341 -0.056886 -0.006791 0.128894 0.080562
-0.013786 -0.012130 0.021713 -0.120956 0.091147 -0.062484
0.020453 0.048632 -0.031956 0.042030 -0.048283 -0.050359
0.001504 -0.001078 0.000723 0.075280 -0.047032 0.043603
0.012831 0.032391 0.009260 0.352023 -0.297606 -0.046059
-0.003357 0.038877 0.032537 -0.153461 0.248841 -0.174817
-0.006667 -0.004307 0.006805 0.334075 0.011621 0.113628
-0.003668 -0.004570 -0.001548 -0.078940 -0.006049 -0.142197
0.039655 -0.056629 0.037619 -0.089650 -0.055220 -0.154119
0.000589 0.003053 -0.004927 -0.005738 0.177098 -0.205446
-0.004053 0.034610 -0.019249 -0.000615 0.007165 -0.005789
0.007100 0.008005 -0.046681 0.007591 -0.005095 0.021527
0.007239 -0.007320 0.000838 -0.001160 0.011046 -0.004413
-0.016927 0.077548 0.051543 -0.368721 0.026157 -0.307113
-0.063358 -0.008743 0.070519 -0.185970 0.248906 0.341211
0.002962 0.015803 -0.026239 -0.082267 -0.127857 0.038146
-0.015640 -0.056709 -0.041702 -0.149775 -0.055643 0.079412
-0.022806 -0.005389 0.004168 0.105447 0.041692 0.129732
-0.020387 -0.007314 -0.000053 -0.183344 -0.104098 -0.107384
0.069590 -0.019915 -0.045859 -0.282769 -0.169486 0.046763
0.008652 0.004359 0.000445 0.095010 -0.155756 0.251350
-0.012783 -0.003476 0.045864 -0.157259 0.017903 0.249754
-0.065240 0.034423 -0.035876 0.114713 0.169763 0.057433
0.011084 -0.020045 -0.029850 -0.221686 -0.113552 -0.089539
0.016325 0.010864 0.019010 -0.298736 -0.151966 -0.379872
-0.002215 0.001187 0.004378 -0.103102 -0.216706 0.212112
0.003777 0.003253 -0.001028 0.048864 0.297913 0.177752
-0.009926 0.001625 -0.012910 0.000820 -0.000241 -0.000395
-0.004864 0.002115 0.005901 -0.010248 -0.021992 -0.001494
-0.008019 0.029487 -0.065980 0.002046 0.008985 -0.002887
0.009765 -0.016794 -0.021010 0.106268 0.141873 0.065948
0.003758 0.031954 0.005270 0.023272 -0.037742 0.054558
0.026883 -0.010109 0.004053 -0.350830 0.046076 0.192889
0.002512 -0.010293 0.018831 0.166424 0.114840 -0.041143
-0.028686 0.023711 0.030961 0.236691 -0.323027 -0.072467
-0.002870 0.004715 0.002207 -0.015613 0.025327 0.036533
0.066073 0.030318 -0.044597 -0.125093 0.089348 -0.072763
0.000437 0.000576 0.000437 -0.008720 0.012264 0.007207
0.025141 0.011769 0.004843 -0.083608 0.039727 0.154529
0.039346 -0.019495 0.009002 -0.159718 -0.039156 -0.197786
