-0.014536 -0.013724 0.034506 -0.344539 0.107616 0.221104
0.011501 0.037632 0.004038 -0.295964 0.027803 -0.272457
0.053583 -0.042446 0.013825 0.056298 0.178045 -0.122712
0.006361 -0.000307 0.023712 -0.134940 0.204722 -0.202221
0.015677 0.004229 0.053284 -0.058470 -0.210703 0.181296
-0.003419 -0.002798 -0.035707 0.091351 -0.109716 0.198486
-0.000309 -0.022038 0.027335 0.240619 0.100717 -0.182538
0.001823 -0.001956 -0.001214 -0.091592 0.338451 0.305348
0.047209 -0.020929 0.043608 -0.125237 0.254662 -0.259728
0.057700 -0.014697 -0.047440 0.055882 0.200733 0.034637
0.024858 0.022598 0.043202 -0.273531 0.111575 0.187533
0.005677 0.021374 -0.033705 0.186891 -0.170566 -0.044896
0.010554 0.018024 0.047997 -0.018353 -0.059122 -0.074938
-0.041823 -0.009337 -0.046571 -0.166608 0.148391 0.220326
-0.049583 0.030669 0.011234 -0.015167 0.062878 0.000892
0.014328 -0.000821 -0.000886 0.069533 0.070792 -0.097758
-0.001965 0.027640 -0.035407 -0.009333 -0.022343 0.074730
0.002838 0.007220 0.007637 -0.002997 -0.002565 -0.005409
-0.005263 0.008493 -0.007309 -0.003108 0.002227 0.005707
0.018776 0.029454 0.001155 -0.216240 -0.076761 0.134256
0.014862 -0.045955 -0.019189 -0.234305 0.287510 0.020512
-0.007158 -0.016962 -0.003858 -0.080521 0.014426 -0.050309
0.005035 -0.000689 0.007128 0.063466 -0.296412 0.312161
-0.057146 0.025318 0.054894 -0.158001 0.263601 -0.242724
0.057915 -0.023114 -0.053801 -0.057050 0.026315 0.040638
-0.005441 0.010975 0.001297 -0.002871 -0.301957 -0.098865
0.069456 -0.053061 -0.045504 -0.206534 0.081193 0.050702
0.005616 0.003778 -0.007159 0.015504 0.022384 -0.010387
0.071299 -0.029557 -0.063695 0.188731 0.177707 0.028689
0.018568 -0.037431 -0.031795 -0.014702 -0.010784 0.007044
-0.016137 0.007857 0.013533 0.349699 0.247696 0.047547
0.057285 -0.048197 -0.019906 -0.224994 -0.330734 -0.195110
0.017860 -0.009829 -0.006916 0.003717 0.047953 0.264404
-0.004558 -0.020988 -0.017519 -0.316812 0.227495 0.378226
0.069855 0.014474 0.014650 -0.399618 -0.236393 -0.117789
0.012840 0.019698 0.021757 0.099442 0.445845 0.099760
0.018630 0.010498 0.019608 0.240294 0.285971 0.275831
0.032920 -0.008425 0.004538 -0.063512 -0.045335 -0.003530
-0.018994 -0.027285 0.034392 0.004446 0.036797 0.405469
-0.052962 -0.044463 -0.068700 0.289036 -0.079537 -0.156464
