-0.052610 -0.007627 0.023763 0.245318 0.025900 -0.055235
0.031273 0.011535 0.007581 -0.009861 0.009578 -0.000633
0.056023 0.037815 0.027686 -0.080896 -0.179595 -0.082245
-0.005061 -0.013089 -0.003526 0.133300 -0.006584 0.230982
-0.011590 0.004693 -0.007028 -0.026342 -0.066105 0.253513
0.002579 0.004239 -0.002586 -0.003241 -0.024526 0.041177
-0.020650 -0.011166 -0.010413 0.327729 0.102092 0.287657
0.026420 -0.030065 -0.004384 0.182827 0.080899 0.093620
-0.016554 -0.047406 0.035405 0.092764 0.024463 0.227158
-0.027749 -0.003446 -0.046836 0.384688 0.159091 -0.019552
-0.000787 0.001109 -0.000318 0.011086 -0.009628 0.009090
-0.018109 0.014399 -0.012557 0.025598 0.031426 -0.003269
-0.009930 -0.013209 -0.003794 -0.368738 0.350927 -0.210718
-0.043005 0.037786 -0.021748 0.027408 0.058869 -0.091600
-0.003018 0.000673 0.001888 0.004592 -0.024873 0.049504
-0.002907 0.021152 -0.017974 -0.154248 0.142787 0.146868
0.026362 -0.000166 -0.059839 0.088866 0.166264 0.023570
-0.001394 0.000916 0.000687 -0.195550 0.154103 0.019773
0.001478 0.001360 -0.001108 0.001693 -0.078605 -0.018484
-0.022027 -0.010937 -0.036954 -0.169913 0.327435 0.246796
-0.013395 -0.040600 0.018871 0.025803 0.023788 -0.021988
0.025227 0.002823 -0.025524 -0.114549 -0.108598 -0.107155
-0.061898 -0.031819 0.023773 0.314758 0.121008 0.316330
0.000423 0.003157 0.016363 -0.015979 -0.265574 -0.086433
0.007963 0.003686 -0.003469 0.198583 0.173118 0.087355
0.005212 0.004031 -0.009918 -0.082420 -0.268287 -0.153450
-0.020977 0.001192 0.013475 0.091626 -0.072803 0.083854
0.015810 -0.019345 -0.032242 0.057692 -0.075851 0.123330
-0.003679 -0.008074 0.020496 -0.046727 -0.004225 -0.054892
-0.011326 0.031486 0.002748 -0.077291 0.013055 0.022301
0.042039 -0.040085 0.023029 -0.060520 0.070630 -0.105836
0.003039 -0.012754 0.012642 -0.482255 -0.304282 -0.168286
-0.077765 0.063892 0.006369 -0.026260 -0.043814 0.092619
0.007764 0.037188 0.006676 -0.296170 0.050711 0.000143
0.001953 0.002899 -0.003556 0.110573 0.420837 0.260017
0.021447 -0.004854 -0.007539 -0.127033 -0.189930 -0.053459
0.001331 0.005170 -0.003594 -0.058016 0.040244 0.000882
-0.041898 0.038583 -0.029199 0.064646 0.032909 -0.012901
0.001774 -0.000812 0.001517 0.005448 0.037793 -0.019629
0.017554 -0.011658 -0.011162 0.276180 -0.262262 0.166064
