-0.019062 0.028014 0.031939 -0.126320 0.369084 -0.377038
0.006643 -0.002992 -0.016867 0.000654 -0.179170 0.304894
0.026003 0.017525 0.015471 0.008917 0.005888 -0.157609
0.064842 -0.013256 0.001676 0.331211 0.276755 0.285217
0.061322 0.059373 0.023711 -0.025330 -0.031680 0.007921
0.006018 -0.007165 0.001546 -0.112435 -0.098714 0.250743
0.015435 0.018507 -0.003910 -0.006360 0.041218 -0.058229
-0.035083 0.003792 -0.006674 0.025686 -0.070777 -0.031848
0.030118 -0.025969 0.012398 0.137052 -0.188304 0.159374
0.035524 0.033322 0.011703 0.259979 0.156676 -0.074040
-0.014614 -0.057226 0.029697 0.065788 0.058000 -0.141878
-0.073882 -0.078738 -0.057603 -0.215097 -0.025811 0.151478
0.034913 0.068063 0.007626 -0.160720 0.126414 -0.127000
-0.002849 -0.004983 -0.002068 -0.047457 -0.095854 -0.117622
-0.015355 -0.003588 -0.006586 -0.178890 -0.160905 -0.338405
-0.037650 -0.058087 -0.009017 0.406544 -0.347340 0.188376
-0.048918 0.012509 0.010901 0.233458 0.010444 0.250300
-0.005158 0.000420 -0.003331 -0.197573 0.475590 0.155401
-0.004970 0.017359 0.019077 -0.026062 -0.170365 0.033233
-0.046445 -0.040648 0.020086 -0.113043 0.051710 -0.055374
-0.009718 0.012122 0.010225 -0.048673 0.000347 -0.058307
0.042915 -0.014469 -0.018063 0.038409 0.064204 0.123692
0.010477 -0.023203 0.016494 0.048869 0.042705 0.036813
-0.056191 -0.016228 -0.026772 -0.126869 -0.102149 0.225162
-0.004263 0.055720 -0.057665 -0.250146 0.071472 0.255573
-0.032065 0.014346 0.003885 0.122062 0.039101 0.046857
-0.011432 -0.007913 0.009228 0.184296 0.138687 -0.090393
0.013676 -0.050686 0.055078 0.101294 0.040963 0.160187
0.002491 0.001833 -0.001546 -0.043315 -0.012352 0.030174
0.004351 0.004732 -0.001570 0.161549 0.098964 -0.141877
-0.005163 0.002092 -0.000787 0.068260 -0.083033 0.085165
0.064868 -0.027956 0.013258 0.119382 0.103969 -0.208847
-0.026878 -0.025547 0.043369 0.009344 -0.000025 0.008818
-0.035516 0.024486 -0.016712 0.002921 0.002349 -0.001450
-0.052894 -0.030221 -0.016986 0.253708 -0.052114 0.175618
0.054479 0.074716 0.080057 -0.077788 -0.035939 0.194287
-0.037013 0.022943 0.002679 -0.129708 -0.098233 -0.169107
-0.017584 -0.004538 -0.037953 0.050232 0.065534 0.010476
-0.012176 0.012344 -0.012603 0.162581 0.224538 0.149151
0.010477 -0.011180 -0.004978 0.050762 0.170735 0.278346
