-0.070762 0.042946 0.053226 -0.008422 0.008524 -0.003983
-0.057088 -0.051270 -0.009661 -0.062403 -0.031609 -0.094617
0.027606 0.054461 -0.058697 -0.164676 0.012380 0.043702
0.019276 -0.001618 -0.004869 0.023498 0.024204 -0.038968
-0.006655 0.017241 0.012205 -0.043509 0.022117 0.008255
0.006058 -0.056139 -0.005015 -0.320129 0.315746 -0.073926
-0.011205 -0.013770 0.004781 -0.232107 -0.170743 -0.071114
-0.016700 -0.063417 -0.054984 -0.079152 0.016051 -0.048881
0.040114 0.039104 -0.029474 -0.098786 0.154733 -0.065163
-0.035045 0.042030 -0.014732 -0.005778 -0.134263 -0.029992
-0.001519 -0.005568 0.009044 -0.232334 -0.202352 -0.239425
-0.025025 -0.024457 0.010326 -0.125978 0.079257 0.154491
0.005479 0.006155 -0.003264 0.273042 -0.227288 -0.349491
-0.029684 -0.032683 -0.036409 -0.045333 0.254941 0.012575
-0.030306 0.013213 -0.015269 0.299949 0.249586 0.225008
-0.027771 0.004509 0.022883 -0.005632 0.010693 -0.041228
-0.000048 -0.000945 0.000618 0.056563 0.126610 -0.225091
-0.043964 0.050681 -0.055355 -0.098421 -0.075231 -0.002529
0.075781 -0.020230 0.076768 -0.074555 0.166333 -0.222468
0.008721 0.013726 0.003358 0.294475 -0.151369 0.195486
-0.020892 0.003758 0.029308 0.204874 0.204141 -0.107654
-0.025394 0.008065 0.004309 -0.085228 -0.067207 -0.109081
0.010806 -0.011069 -0.011824 -0.094168 -0.107345 0.136333
0.003471 -0.003643 -0.004417 0.305594 0.130798 0.002867
0.008517 0.030010 -0.028405 -0.115342 -0.094280 0.268399
-0.003288 -0.026705 -0.007882 -0.253685 -0.037045 -0.277250
-0.006289 0.013698 0.007993 -0.019567 -0.040271 -0.053485
0.018833 -0.024518 0.053781 0.038781 -0.062693 0.026334
-0.020469 -0.033182 -0.024757 0.001150 -0.000208 0.000449
-0.003949 -0.009152 0.008504 -0.065628 0.106080 0.155622
-0.000990 -0.006900 -0.012569 -0.048866 -0.105011 0.102725
0.076132 0.080105 -0.052371 0.136986 0.091816 0.014769
0.030453 -0.003305 -0.013545 0.132147 0.100329 0.059232
0.025452 -0.053470 -0.062544 -0.099783 0.078543 0.276300
-0.003955 0.031504 0.034670 -0.113870 -0.282083 -0.260476
0.068036 0.041097 0.019959 -0.008862 0.132831 0.032743
0.001570 -0.006719 0.009124 0.418947 0.131373 0.199130
0.047534 -0.049549 -0.054607 -0.403341 0.260111 0.298512
-0.015091 -0.039933 -0.021893 0.056081 0.113923 -0.279368
0.027127 -0.006149 0.028216 0.426885 -0.046619 -0.456196
