0.015023 -0.016702 -0.057964 -0.102596 -0.138028 -0.026879
0.044875 -0.024399 0.055893 0.130862 0.103104 -0.031390
-0.036219 0.056753 0.016417 0.207793 -0.279476 -0.248382
-0.022119 -0.026514 0.080391 0.133630 0.290806 -0.195379
0.041158 -0.050684 -0.019976 -0.288534 0.164405 0.009380
-0.018623 0.018127 -0.049706 -0.117887 -0.129134 -0.137536
-0.056219 0.010681 0.001943 -0.113130 0.004511 -0.070453
-0.041439 0.033620 0.055934 -0.020464 -0.061052 0.052000
-0.024032 0.059963 0.017224 0.058042 0.005696 0.023818
0.005200 -0.013561 0.033711 0.106074 -0.077467 0.006257
0.008036 -0.009948 0.003255 -0.170210 -0.248875 -0.017981
-0.038903 -0.029192 -0.030982 -0.024514 -0.081811 0.069589
0.000089 -0.003294 -0.002857 -0.143680 0.098962 0.023028
0.031226 0.005931 -0.032815 0.103039 0.313486 0.209271
-0.001317 -0.002220 -0.001223 0.081919 0.026125 -0.034443
0.000884 0.000479 -0.000465 0.016591 -0.154828 -0.213125
0.012495 0.001046 0.019510 -0.000588 -0.022379 0.002098
-0.000214 -0.000495 -0.000187 -0.076137 -0.252207 0.049168
-0.007646 0.062982 0.013581 -0.261326 -0.144797 -0.244579
-0.023306 0.031082 0.048702 0.289467 -0.146663 -0.241831
-0.017509 -0.005232 0.031328 -0.065314 0.223536 0.086905
0.074829 -0.004521 0.049812 0.339334 -0.039054 0.117797
0.036706 -0.002115 -0.027555 -0.224211 0.019461 0.125736
-0.000802 0.004119 0.065696 -0.103672 -0.042997 -0.010325
0.007173 -0.007423 0.013525 -0.173648 -0.098068 -0.255556
-0.002905 -0.002952 0.004782 -0.051015 -0.005490 -0.023518
0.015312 0.016993 0.000189 -0.054151 -0.055716 -0.005263
-0.063599 0.071368 0.012336 0.045992 -0.002623 0.043795
0.003235 0.005440 0.002143 -0.001297 0.001558 0.000572
0.010306 0.000875 0.010729 0.027895 -0.165716 0.126721
0.039649 0.041442 0.015274 0.021398 -0.090995 -0.102905
0.028998 -0.008388 -0.017090 -0.043900 -0.083232 -0.124815
-0.036677 0.040002 -0.018571 -0.013247 -0.194287 -0.255291
0.035071 0.004550 -0.013009 0.155361 0.087157 0.173171
-0.016501 -0.006403 -0.021512 0.348754 -0.353284 0.425089
-0.006397 -0.007903 -0.017849 0.020910 0.037957 -0.095109
0.038869 -0.014742 0.036549 0.001980 0.013494 -0.003042
0.063856 0.036064 0.064222 0.043800 -0.170824 0.184769
0.003154 -0.007074 -0.004534 -0.118993 0.100054 -0.191415
0.000616 0.000546 0.000739 0.020424 0.300014 -0.140389
