-0.013502 -0.028541 -0.018386 0.258981 -0.319268 0.123846
-0.000031 0.000047 0.000245 0.200055 -0.219922 -0.177155
0.053434 0.031637 -0.032277 -0.206818 -0.364417 0.358550
-0.071483 0.013662 -0.067511 -0.326288 0.157666 -0.129126
-0.013442 -0.001949 -0.007343 -0.392667 0.204167 0.012230
0.029380 -0.007598 0.024122 -0.003630 -0.026777 0.000805
0.045351 0.016137 -0.011114 0.046617 0.021894 -0.101015
0.038478 -0.023758 0.004048 -0.121296 -0.098324 0.111678
0.000972 -0.041260 0.035184 -0.020498 -0.118072 0.045727
0.022191 0.004136 -0.025074 -0.016928 0.019458 -0.085264
-0.011787 0.025568 -0.010968 -0.045768 0.265041 0.014316
-0.000629 0.012533 0.013457 0.302845 0.214214 0.001594
0.003573 0.002239 0.001519 0.348132 -0.102471 0.296694
-0.011053 0.025180 -0.029534 0.037768 -0.416090 0.146486
-0.030879 -0.023068 -0.052288 0.046809 -0.218680 0.193381
-0.006920 0.019017 0.004976 -0.132389 -0.159671 -0.019406
0.004583 0.016290 -0.011026 0.060302 0.288611 -0.179328
-0.009795 0.000864 0.016265 -0.067717 0.022804 0.116677
0.004201 -0.006758 0.010020 0.404067 -0.083498 -0.028122
-0.003898 0.015266 -0.008014 -0.021950 0.103743 0.017056
0.049891 -0.019060 0.011266 0.028386 0.105028 -0.336659
0.005022 0.001113 0.000694 -0.048193 -0.387224 0.148268
-0.024608 0.033467 -0.016824 0.310785 0.078348 -0.128538
-0.002044 0.006684 0.043058 0.337187 0.063311 -0.373091
0.008659 -0.035416 -0.008231 -0.215262 0.112221 0.202786
0.024586 -0.068499 -0.037027 0.388847 0.116011 -0.306003
-0.011597 -0.014546 -0.012921 -0.055256 0.007982 0.049236
-0.005040 0.012351 -0.024254 -0.003014 0.005056 0.008566
-0.019323 0.026319 0.007631 0.036099 -0.021117 -0.017062
-0.040606 0.002740 -0.070639 -0.009416 0.000142 -0.012978
0.006542 -0.038749 -0.037540 0.232004 0.074539 0.134770
0.012378 -0.009919 -0.010444 0.138657 -0.044681 0.015447
0.001620 -0.000999 0.002080 -0.079632 0.109318 0.089425
0.036482 0.004373 -0.040353 0.080532 -0.003336 0.058877
0.001334 0.008348 0.030881 -0.098247 -0.100883 -0.145656
-0.021412 -0.044097 -0.001158 0.003627 -0.006108 -0.002787
-0.042752 -0.027694 0.044807 -0.003973 -0.003752 0.024849
0.005748 0.038613 -0.024285 0.460426 -0.209460 -0.058602
0.011420 -0.006130 -0.025885 -0.000517 -0.000369 -0.000215
-0.049469 -0.003770 0.043049 -0.023892 0.086744 -0.025814
