-0.031103 0.020083 0.032528 -0.080214 0.193897 0.177386
-0.008361 0.002298 0.002402 -0.409154 -0.370886 0.084937
-0.013202 0.010641 -0.021662 -0.046459 -0.081749 0.026829
0.025092 0.054525 0.048308 -0.130698 -0.122244 -0.107860
-0.001118 0.003843 0.003070 0.055185 -0.052870 -0.079591
-0.001125 -0.000326 0.000910 -0.059321 -0.068241 -0.045175
0.002209 -0.008109 0.010011 -0.172202 -0.081401 -0.063923
0.002335 0.005974 0.015009 0.013336 0.023038 0.044692
0.000377 0.001538 -0.008842 0.025746 0.179093 0.109923
0.008243 0.071451 0.044484 0.115525 0.075839 0.152665
-0.025588 0.015158 -0.006096 -0.057668 0.052982 -0.007740
-0.002876 -0.002078 0.004021 -0.068540 0.211863 0.107153
0.012653 -0.004853 0.008026 -0.039055 -0.139530 0.068752
0.052237 -0.011774 -0.058226 -0.014245 -0.154352 -0.239012
-0.039823 -0.003183 0.009144 -0.396907 0.360969 -0.119111
-0.021707 -0.001552 -0.017680 0.005469 0.258205 -0.115335
0.040734 0.001233 -0.012067 -0.308287 -0.318427 -0.168294
0.000738 0.000028 -0.000755 0.106431 0.141435 -0.139144
0.026809 -0.038370 0.011546 -0.065305 0.135866 0.235655
0.022125 -0.019677 0.021552 -0.133314 -0.332232 0.045582
0.040125 -0.003638 -0.030022 -0.336319 0.181909 -0.287488
-0.003393 -0.059850 -0.004201 -0.038989 0.066640 0.024019
-0.035050 -0.040978 -0.035022 -0.007192 -0.031583 0.163436
-0.025398 -0.010255 0.025225 0.073298 -0.105992 -0.096292
0.001701 -0.000579 0.001197 -0.163577 0.191620 0.016193
0.013841 -0.022514 0.028876 0.096104 0.112744 0.079847
0.009435 0.003548 -0.010540 -0.047238 0.128555 0.207013
-0.019416 0.039636 -0.021707 0.187837 0.205285 0.402088
-0.039210 0.025175 0.003910 0.281724 -0.189079 -0.234306
-0.012622 0.017277 -0.000830 0.253491 0.047582 -0.249686
0.016267 -0.015893 0.025812 0.002331 0.116357 0.037544
-0.070611 0.040938 -0.043559 -0.092990 -0.146970 -0.103453
0.046551 -0.054979 0.033524 0.021009 0.005649 0.000827
0.029476 -0.047303 0.025278 0.083539 -0.079255 -0.018401
-0.016972 -0.048882 -0.005822 -0.073949 -0.179065 0.203204
0.001728 -0.000897 -0.002901 -0.081716 0.047023 0.006311
-0.003251 0.013492 0.001381 -0.084679 -0.039402 0.097135
0.047884 0.017614 0.045668 -0.277974 0.267914 0.067319
0.025266 -0.037863 0.012494 0.119128 -0.190368 0.156674
-0.025502 -0.060774 0.045282 0.000082 -0.000232 -0.018221
0.014277 -0.053026 -0.047898 -0.170948 0.241077 0.214691
