-0.009177 -0.000359 -0.021876 0.069353 -0.026575 0.079316
-0.003391 -0.001289 -0.004114 -0.004406 0.014603 -0.041020
0.003139 0.002851 -0.001557 0.106873 0.112598 -0.026742
-0.005460 0.033537 -0.002139 0.202985 -0.059937 0.061881
0.020714 0.022590 -0.008554 0.393479 0.243689 -0.155547
-0.072457 0.070764 -0.040789 -0.010989 0.004432 -0.000404
0.041523 -0.027721 0.007876 0.021160 0.177286 0.091257
0.022933 -0.018322 0.060484 -0.098295 -0.134421 0.163644
-0.032935 -0.015094 -0.005718 -0.031021 -0.103506 -0.200439
0.040508 0.024496 0.034022 0.478864 0.233116 -0.310003
0.036819 0.076936 -0.021303 -0.228712 0.223105 0.098037
-0.003047 -0.001355 0.003883 -0.030602 -0.171868 0.125005
-0.007252 0.009083 0.006781 -0.111196 0.082161 -0.157179
0.019030 0.065941 0.012891 -0.000478 -0.000487 0.000457
0.022316 -0.009376 -0.030221 0.021739 -0.019522 0.018285
0.019485 0.013223 0.026783 -0.223759 -0.328937 0.174519
0.018010 0.000942 -0.034022 0.054222 0.056257 0.016607
-0.019160 0.004056 0.016487 0.372983 -0.342453 0.178347
-0.003636 -0.015258 0.023399 -0.055712 0.009282 0.123985
-0.012345 0.008997 -0.020691 -0.244843 0.146979 -0.068132
-0.052088 -0.033531 -0.009841 0.283382 -0.015520 0.209536
0.011590 0.017391 -0.021755 0.278517 -0.100947 -0.279295
-0.005954 0.009546 -0.006394 0.317012 -0.184116 0.077712
0.000409 0.017607 -0.007846 0.283979 -0.070437 0.363029
0.028340 0.044665 0.018325 0.109760 -0.034879 0.047912
-0.011644 -0.041492 -0.043312 0.029939 0.423374 0.302178
-0.000727 0.001169 0.002047 -0.026479 0.003849 0.021422
-0.000637 0.010639 -0.005229 0.364625 0.164411 0.205500
0.000350 -0.000900 0.000472 -0.031069 0.003631 -0.116258
0.054623 0.022426 0.004288 0.199964 0.185379 -0.135390
-0.028102 -0.062647 -0.052252 -0.352705 0.300208 -0.330961
-0.001467 0.001216 -0.000714 0.172278 -0.261226 -0.137284
-0.008226 -0.049264 -0.015330 -0.203675 0.439179 -0.072554
0.044640 0.009649 -0.009371 0.120015 0.044303 0.135393
0.010538 0.015587 0.015733 0.074207 0.082569 0.097972
-0.039259 0.003810 -0.043572 -0.137211 -0.136099 0.149603
-0.053281 0.059340 -0.061569 0.090674 -0.031685 -0.076260
-0.042388 0.041450 0.084096 -0.339494 -0.182318 0.056391
-0.060715 -0.040331 -0.024509 -0.059861 -0.124595 -0.232182
0.027099 0.020386 0.021808 0.101071 -0.340875 0.418194
