-0.006186 0.008896 -0.001398 0.121875 -0.005350 -0.190541
-0.003112 0.004930 -0.001406 0.136952 0.080503 -0.039767
-0.006645 -0.061225 -0.010891 -0.296941 0.082499 0.002933
0.017409 -0.038281 0.014630 -0.194859 0.187335 0.032870
0.064458 -0.029149 0.049513 -0.126072 0.144444 0.006313
0.036690 -0.059511 -0.012239 0.008189 0.023209 -0.024445
-0.063690 -0.062402 0.058265 -0.002363 0.028597 -0.001258
-0.005519 -0.002498 0.000636 -0.102414 0.072307 -0.452380
-0.024886 -0.018007 0.010472 0.335931 -0.457097 -0.269198
-0.045014 -0.001778 -0.058332 0.122105 -0.199395 0.160291
-0.027208 0.005648 0.044017 -0.053802 0.094325 0.154128
0.008638 0.057264 0.044798 -0.069212 -0.210284 0.012043
0.056924 -0.015458 0.023937 0.121352 -0.041297 -0.043282
-0.016185 -0.009518 -0.000859 0.380390 0.040952 -0.411554
-0.006043 0.022242 0.005967 -0.076737 0.224668 -0.258895
-0.017740 0.010801 0.025222 0.095223 0.018883 -0.005366
0.023000 0.039432 -0.028049 -0.111704 0.092606 -0.000015
0.075933 -0.056997 0.069516 0.236757 -0.054171 -0.100949
-0.002100 0.000432 0.001638 0.034910 0.003291 -0.029280
0.003374 0.010123 -0.023447 0.012334 -0.130044 -0.133809
-0.039355 0.079974 0.001607 -0.112946 0.089844 -0.214978
0.000803 -0.001231 -0.003696 -0.028182 0.154757 -0.003765
-0.035663 0.036460 0.021051 -0.080026 -0.052571 0.037858
0.000047 -0.009129 0.012223 0.147645 -0.144234 0.154749
0.033938 -0.048096 0.011648 0.078051 0.006742 0.089875
0.000579 0.077858 0.067473 0.113480 -0.101255 0.159140
-0.005019 0.001776 -0.004591 0.468239 -0.382787 -0.428854
0.065132 0.049366 -0.049338 0.152641 0.063950 0.024746
0.066725 0.042120 0.071018 0.025859 -0.004097 0.016004
-0.055217 0.051708 0.021145 0.145914 0.285347 -0.095423
-0.033657 -0.006278 -0.032704 0.133271 -0.099929 -0.204296
0.008891 -0.008440 0.014601 0.160852 -0.069141 0.002018
-0.007533 0.032734 0.059650 -0.322576 0.187945 -0.023617
-0.011142 0.022039 0.018640 -0.079818 -0.065448 0.023373
-0.027755 0.019872 -0.001877 -0.076927 -0.367114 -0.204908
-0.008156 0.008583 -0.009742 0.046048 -0.009481 0.093326
0.002214 -0.001301 0.010021 0.068574 -0.137621 0.083427
-0.013554 0.013347 -0.006808 0.004931 0.004383 0.064065
-0.009306 0.046933 0.030612 -0.137738 0.106394 0.124957
0.038134 0.006570 -0.023328 -0.009395 0.042926 -0.068198
