0.040909 0.061311 -0.020424 0.169280 -0.080067 -0.046858
-0.013602 0.040664 -0.019905 0.156720 0.004021 -0.190865
0.024248 0.008445 0.000996 0.004030 0.045400 -0.027763
-0.001012 -0.002746 0.004404 0.351172 -0.138449 -0.002778
0.000061 -0.052237 0.046749 0.030424 0.023749 0.135485
0.034631 -0.047436 -0.009455 0.027217 0.186285 -0.323275
0.029768 -0.005619 0.012834 0.363129 0.002625 0.167206
-0.039515 -0.005543 -0.020500 -0.158286 -0.173846 -0.135903
-0.056938 -0.036185 -0.016685 0.162569 0.054662 -0.066349
0.058960 0.047073 0.041594 0.019145 0.033964 0.030288
0.000117 0.000174 0.000338 -0.003482 -0.048939 -0.058885
-0.017763 0.002947 0.010107 -0.108800 0.329348 0.232891
0.019457 -0.010607 -0.013705 0.070801 -0.045656 -0.002806
0.021623 0.014081 -0.040735 0.422486 -0.235078 0.129138
-0.018690 0.052324 0.024301 -0.054993 0.150602 -0.044613
-0.078279 0.063371 -0.066629 0.472908 0.291377 -0.014327
-0.024771 0.017845 0.017793 -0.130979 -0.041871 -0.082807
0.043167 0.045636 -0.014438 0.027038 0.039385 0.058669
-0.000004 -0.000001 0.000008 0.089468 -0.005063 0.000789
0.005080 -0.008117 0.004273 -0.007811 -0.021928 -0.028141
-0.021978 -0.011417 0.068298 0.031503 -0.072302 -0.004349
0.053374 -0.013445 -0.047130 0.198032 0.021064 -0.004443
0.001791 0.001917 -0.000063 -0.120590 -0.081056 0.112990
-0.014378 -0.013068 -0.004931 -0.040025 0.429961 0.449678
0.023831 0.032306 -0.037563 -0.116922 -0.283627 -0.380139
-0.000627 0.009536 -0.004544 0.065425 -0.031445 -0.006830
-0.004199 -0.018744 0.005161 0.293023 0.230443 0.199072
0.011230 0.028330 -0.035760 0.029868 0.005307 -0.018772
0.047090 -0.022788 -0.063962 -0.088988 -0.268552 -0.087479
0.003698 0.084436 0.055162 0.192146 0.325995 -0.151822
-0.013325 -0.018957 -0.009713 0.068459 -0.027813 -0.043061
-0.028417 0.023773 0.035097 0.001037 0.006514 -0.038820
0.006460 0.008962 0.000364 0.038989 -0.325578 0.241385
-0.065989 0.064059 -0.024304 0.075146 -0.212925 -0.141932
0.083210 0.006082 0.055034 0.355263 0.219621 -0.294401
0.034217 0.021887 0.004990 -0.007589 -0.006035 -0.001484
0.051198 0.042217 -0.029839 0.316622 0.388558 0.278667
-0.005587 -0.004183 0.017099 -0.009977 -0.017272 0.023256
0.020543 0.037143 0.009868 0.192447 -0.433765 -0.244799
0.071130 -0.033079 0.072376 0.068477 0.387275 -0.276297
