-0.031505 -0.013339 -0.011168 -0.154071 -0.152844 0.206882
0.004298 0.003918 0.018919 -0.070987 0.093572 0.095931
-0.009498 -0.010603 0.022175 -0.078065 -0.026707 0.107717
0.047817 0.041355 -0.055935 -0.249312 -0.230931 0.280373
0.001612 0.002282 -0.000937 -0.361248 0.070938 -0.134210
-0.059683 0.020803 -0.030938 -0.059151 -0.048476 0.025864
0.003891 -0.003340 0.009184 0.144181 -0.048643 -0.251180
-0.015283 0.003485 -0.009275 0.006207 -0.007544 0.021858
-0.016977 0.011845 0.023083 -0.134255 -0.130274 0.254778
-0.036803 0.001490 0.027520 -0.117204 -0.226968 0.160200
0.015017 -0.044876 -0.002614 0.118094 0.019530 -0.195017
0.001417 0.001002 -0.003181 -0.278009 0.045518 0.091209
-0.014013 -0.045381 -0.031666 -0.243732 0.181960 -0.007410
-0.000114 0.005953 0.003534 0.237175 0.352156 0.404106
-0.040872 0.033894 -0.034409 0.272292 0.012717 0.176193
0.003038 -0.010917 0.001274 0.285701 0.152867 -0.251354
-0.015333 0.038349 -0.028904 -0.035061 -0.278482 0.052426
-0.006413 0.006983 -0.004992 0.119133 -0.127721 0.093642
0.016610 0.049182 -0.044601 0.056962 -0.087672 0.074708
-0.068534 -0.001334 0.009085 -0.171396 -0.027336 -0.118566
0.005879 0.005163 -0.008915 -0.219539 0.046888 -0.030152
0.046256 -0.013221 0.034147 -0.080006 -0.047016 0.054416
-0.028938 0.013012 0.028233 0.176730 -0.119395 0.190992
0.023602 -0.026450 -0.024358 -0.221867 -0.277878 0.303650
0.002136 0.005902 0.019852 -0.118391 0.105742 0.131491
0.000015 0.003730 -0.001808 0.035916 -0.031551 -0.035394
0.032805 0.046613 0.052725 -0.249349 -0.015925 0.204014
-0.006658 0.000408 0.004329 -0.035790 -0.026567 0.010729
-0.026669 0.014087 0.051349 0.219027 -0.025276 -0.037797
0.005562 -0.008767 -0.027115 -0.090056 -0.027498 0.042050
-0.049480 -0.024339 -0.036765 0.011892 -0.008027 -0.013424
0.032184 0.011099 0.019043 -0.023594 -0.050529 0.112520
-0.033279 0.014218 0.000501 -0.114340 0.028431 0.189317
-0.014654 -0.016274 0.005247 0.127155 -0.153178 -0.160996
0.000848 -0.012286 -0.002407 0.007466 0.017025 0.185625
0.004847 0.045757 -0.036748 -0.038915 -0.049102 0.031347
-0.002926 0.001332 -0.001916 -0.122930 -0.188398 0.063391
-0.032435 -0.009342 -0.049585 -0.096437 0.054777 -0.041319
-0.021924 -0.013585 0.021052 0.245653 -0.303321 -0.309578
0.018886 -0.031358 0.071190 -0.169519 0.373333 -0.380228
-0.004114 -0.004215 0.005607 -0.087184 0.130327 0.112234
