0.057997 -0.006744 -0.048767 0.377576 0.485110 0.327560
-0.008184 0.006114 0.013380 -0.107680 0.088514 0.084514
0.027337 -0.011902 0.004772 0.368638 -0.235708 0.338087
0.038616 -0.021686 0.003544 -0.024479 0.067345 -0.151308
-0.013298 0.003910 0.026695 -0.065044 -0.251185 -0.115408
0.021305 -0.016582 0.012375 -0.019822 -0.068452 0.086968
0.061491 -0.011570 0.023197 0.135621 0.030410 -0.066340
-0.029760 0.018413 -0.006208 -0.072024 -0.100614 0.021825
0.055211 0.042105 -0.034554 -0.038447 0.223674 0.022338
-0.037797 -0.067208 -0.078961 -0.053416 -0.022842 -0.027422
-0.049191 0.026247 0.035954 0.082616 0.201593 0.194489
-0.034121 0.037640 -0.016872 0.073303 -0.194105 -0.012304
0.024440 0.068610 0.063553 0.040659 0.006519 0.164113
-0.021703 0.010717 -0.013676 0.240405 -0.148067 -0.183314
-0.037521 -0.001936 -0.009786 0.003575 0.002961 0.000681
0.000682 0.000366 0.001879 -0.447236 -0.434173 0.416977
0.012925 -0.022464 -0.021897 0.370713 -0.330120 -0.267720
-0.025412 0.020709 0.037139 -0.002076 -0.007853 -0.014101
-0.048705 0.015591 0.004644 0.046950 -0.099599 0.047253
0.025483 0.026375 0.010640 -0.216266 -0.017806 -0.109605
0.023637 -0.011811 0.033918 -0.012464 -0.027177 -0.051418
-0.000897 -0.028787 0.015479 0.387734 -0.043195 -0.266170
0.038240 0.036418 0.005971 0.146372 0.018783 -0.034461
0.008352 0.007661 -0.010540 0.100253 -0.020256 0.087195
-0.001490 0.000879 -0.020629 0.249206 0.112583 0.210426
-0.020587 -0.021987 -0.009059 0.080866 -0.060987 -0.014074
-0.019812 0.017464 -0.000759 -0.002733 0.014696 -0.005459
0.058129 -0.048516 0.020986 0.196406 -0.073201 0.221894
-0.019978 0.032273 -0.024356 0.019716 0.025769 -0.032127
-0.019392 0.003108 -0.022422 -0.007593 0.183572 -0.153416
0.024853 -0.001357 0.020187 -0.069351 -0.301111 -0.275846
-0.014077 -0.011809 -0.045372 0.122031 -0.093295 0.014099
0.018569 0.022664 0.043625 -0.345289 -0.286731 0.353437
0.007404 -0.005343 -0.007506 0.004975 -0.006971 -0.006723
0.012943 0.030356 0.002040 0.050257 0.037701 0.037787
-0.049644 -0.052528 0.022529 0.346176 0.009280 0.048400
0.037192 -0.022083 0.021060 0.005353 -0.049877 -0.103162
0.009867 0.010319 0.007490 0.407528 0.376542 0.042942
-0.005995 0.006481 0.000325 -0.070535 0.173559 -0.088378
-0.026389 -0.043639 -0.017262 -0.009810 -0.068858 -0.120475
