0.069614 0.058517 0.015942 -0.196189 -0.229393 -0.142646
0.003419 -0.024745 0.048262 -0.411825 0.345810 0.465286
0.031819 0.003678 -0.043275 -0.080240 -0.057813 0.251888
0.046864 -0.031322 -0.020321 -0.141535 0.120240 -0.273368
0.046348 -0.031394 0.036866 0.188580 -0.048647 0.041215
0.030835 -0.029193 -0.058808 -0.464108 -0.002136 -0.079664
-0.011710 -0.031195 -0.040760 -0.215460 -0.347261 -0.160892
0.039325 -0.015148 -0.012902 0.176435 -0.050487 0.002457
0.022981 -0.007409 -0.007654 0.281455 0.236269 0.327314
-0.009252 -0.001847 -0.009005 0.089209 0.006539 -0.000672
0.022927 -0.038868 0.012625 0.031973 -0.016456 -0.001321
-0.009713 0.008488 0.006047 -0.071498 0.118112 0.107664
0.012103 -0.000358 0.025184 -0.175679 0.146480 0.022836
0.060475 -0.053166 0.037417 -0.017187 0.226679 0.198749
0.003272 -0.017314 0.049205 0.004093 -0.061284 -0.071897
0.000279 -0.000935 -0.000327 -0.277132 -0.457933 0.442004
0.020504 -0.028695 -0.037472 0.017141 -0.182844 -0.039962
-0.037544 0.021174 -0.011887 0.093643 -0.080785 -0.057759
-0.038231 0.028998 0.025590 -0.053116 0.084225 0.021492
0.061650 -0.010883 -0.056035 0.173243 0.006930 0.115294
0.015332 -0.000343 0.061278 -0.242300 0.137222 -0.197303
0.027477 -0.029464 0.035855 0.113249 -0.106055 -0.105385
0.024468 -0.027952 -0.019470 -0.198638 -0.243263 -0.253683
-0.015917 0.032482 0.018541 -0.061988 0.064888 -0.013619
-0.011058 0.067514 0.042309 0.018795 0.126966 -0.070629
0.034110 -0.005434 -0.003460 -0.012636 -0.033666 0.033579
-0.051205 -0.030951 0.031125 -0.421337 -0.306177 -0.078408
-0.008404 0.023501 -0.039553 0.040922 0.183444 -0.071156
0.025801 0.031214 -0.021852 -0.038952 0.111501 0.133153
0.082735 0.067316 -0.028048 0.395225 0.301814 -0.307162
0.039390 -0.076198 -0.009481 0.232285 0.299472 -0.490795
0.002610 0.021171 0.019434 0.215640 -0.284192 0.224467
-0.007933 -0.000618 -0.007237 0.105394 -0.048593 -0.077319
0.009216 -0.073479 0.018990 -0.147223 -0.167038 0.069949
0.026001 0.021018 0.027539 0.039194 -0.232559 -0.283267
0.023570 0.005207 0.013597 0.092363 0.184307 0.319793
0.000222 -0.000462 -0.000488 -0.228926 -0.172042 -0.196411
0.010803 -0.009808 0.007161 0.021946 -0.059115 -0.054893
-0.014486 0.019367 -0.052417 -0.011417 -0.025068 0.032711
-0.009098 -0.018056 0.082478 -0.002276 0.000532 -0.003947
0.031133 0.009158 -0.038767 0.335373 0.323749 0.100573
