-0.000472 -0.000067 0.000599 0.122164 0.122530 -0.206583
-0.029315 0.019408 0.057363 0.193148 -0.017295 -0.001211
-0.037196 0.009890 -0.021252 -0.269875 0.293278 0.365309
-0.025820 -0.038337 0.025902 0.102670 -0.315540 -0.300099
-0.031566 0.066523 0.074093 -0.077403 -0.003793 0.035238
0.001924 0.043362 -0.012441 -0.199137 -0.189708 -0.219826
0.029015 -0.002850 -0.033934 0.072231 0.204134 -0.319357
-0.008405 -0.010601 0.004422 -0.142051 0.112581 0.205530
-0.000284 0.009510 0.003071 0.012766 -0.004751 -0.001873
-0.001375 -0.000777 0.003926 -0.102866 0.053817 0.132632
-0.021933 0.040468 -0.002607 -0.024599 -0.215173 0.302591
0.007719 0.035988 -0.034341 0.022853 0.021589 0.052949
0.010732 0.012918 0.013141 -0.136501 -0.025037 0.102053
0.025033 -0.022298 -0.048799 0.080189 0.050070 -0.014785
0.029113 0.009385 0.030640 0.117223 0.002135 -0.066046
0.035757 -0.031407 0.039011 0.014736 0.348639 -0.331852
0.002511 -0.027567 0.002626 0.011698 -0.010488 -0.008622
-0.013654 -0.010031 -0.009514 -0.352547 0.264666 0.072697
-0.019744 -0.014120 0.017374 -0.164141 -0.092781 0.167906
-0.017989 -0.006310 -0.004709 0.271078 0.012482 0.074270
0.025491 0.015893 -0.013498 -0.011977 0.013154 0.008985
0.000957 -0.008839 0.001644 -0.029573 0.031397 0.025666
-0.042079 -0.048170 -0.022462 0.053049 0.010473 -0.016711
-0.058323 -0.032848 0.027925 0.000200 -0.000194 -0.000249
-0.014805 -0.068291 -0.057283 0.030221 0.160604 0.109785
-0.050106 0.051358 -0.057381 0.015810 0.039478 -0.022751
-0.001826 0.015602 -0.025008 -0.178119 -0.275742 -0.067260
0.011586 0.024135 0.056278 0.124388 -0.128617 -0.121460
0.010219 -0.008615 0.026123 -0.022320 0.107202 0.070355
-0.010104 -0.001745 0.026295 -0.026732 -0.003193 -0.052821
-0.022831 0.025362 0.008530 0.011930 -0.021809 0.018959
0.007657 0.003217 -0.009276 0.070551 0.034782 0.003767
0.008911 -0.001700 0.015719 0.137589 0.007236 0.111116
0.016520 0.007505 0.018171 0.170440 0.033365 -0.023567
0.004183 0.002025 0.005523 -0.328655 0.004715 -0.377352
0.046652 -0.038488 -0.033639 -0.021193 -0.123676 0.203701
-0.033231 -0.034252 0.023044 -0.191238 -0.169313 0.115992
0.003110 0.000298 -0.000881 -0.159393 -0.057301 -0.113717
-0.071356 -0.076812 0.019980 0.007765 0.035791 0.060882
0.007310 0.010716 -0.001831 -0.026752 -0.292938 0.027237
