0.019935 0.022275 0.001911 -0.214882 -0.297615 0.008845
0.020199 -0.022194 -0.003360 0.002546 -0.155629 -0.168365
-0.025548 0.042259 -0.054696 0.229074 0.034903 -0.030013
0.021000 -0.019904 0.034264 -0.203191 0.291464 0.048960
-0.002573 0.007729 0.020528 0.082266 -0.026059 -0.062746
0.014117 0.018837 0.025482 0.064167 -0.039205 0.084540
-0.006757 -0.011017 0.009398 -0.005196 0.044326 -0.156293
-0.019943 0.004654 0.008953 -0.079487 -0.045351 0.027771
0.054055 0.050968 -0.036745 -0.414088 -0.089754 -0.040034
-0.037633 -0.013365 -0.042635 0.023357 -0.108737 -0.031932
0.005574 0.029651 0.028614 -0.007986 0.013926 -0.032194
-0.044343 0.018555 -0.022444 0.386126 -0.068935 0.364456
-0.012126 -0.019726 -0.008091 0.183451 0.092069 0.099287
-0.016926 -0.021186 0.033358 0.433270 -0.388835 -0.360614
-0.002008 0.007981 -0.004798 0.040398 -0.036642 -0.067635
0.030032 -0.034367 -0.012154 -0.302811 0.101090 0.287689
-0.037801 -0.037375 -0.021252 -0.105705 0.131030 0.120996
-0.001876 -0.000029 -0.001893 0.012301 -0.173541 0.188936
0.009474 0.016886 0.053883 0.001363 -0.001229 0.002378
-0.023999 -0.005845 -0.004767 0.156247 -0.108255 -0.184849
-0.069798 0.045120 0.041399 0.083125 0.137462 -0.014668
0.033755 -0.009508 0.008925 0.095721 -0.014886 -0.001993
0.037901 -0.027772 0.023780 0.271198 -0.042559 0.293910
0.031218 -0.076948 -0.038039 0.061062 0.166258 -0.077753
-0.003254 -0.004199 0.004268 -0.031457 0.199335 -0.317168
-0.001325 -0.001144 -0.003501 -0.195288 0.058302 -0.103983
0.040223 -0.006073 0.037077 -0.089107 -0.126673 -0.043408
0.017595 -0.009813 0.000629 0.114528 -0.061789 0.037722
0.011370 0.021152 -0.003242 0.346234 0.303313 0.003573
-0.013896 0.038821 0.022992 -0.112919 0.394238 0.128757
-0.008200 0.005909 -0.012367 -0.137753 -0.081379 -0.050810
0.012303 0.013333 -0.015172 -0.059445 -0.201116 0.084334
-0.008459 0.011806 0.000819 0.054584 -0.097069 -0.087343
-0.044905 0.023519 0.022132 0.076114 -0.175127 0.056546
-0.025502 0.037355 -0.037466 0.112006 -0.412434 -0.019580
0.002571 -0.008686 -0.012657 0.374950 -0.025787 -0.086717
0.014420 0.018579 -0.021380 -0.024668 -0.000451 -0.033507
-0.026788 -0.018317 -0.033397 0.289320 -0.322674 -0.095784
0.004736 0.057022 0.020190 0.182918 -0.039916 0.098623
-0.040011 -0.028260 0.011906 0.033873 -0.049822 -0.098995
