0.013860 0.050702 0.055229 0.145031 0.112835 0.065408
-0.000773 0.006868 -0.003590 0.127767 -0.269457 0.229578
-0.008558 0.002138 -0.003372 -0.017143 -0.018169 -0.059459
0.006098 0.006556 -0.003039 -0.013913 0.035047 -0.125430
0.005509 0.015339 -0.043430 -0.206559 -0.046169 0.139674
0.005929 0.004084 0.002426 0.057529 0.147042 0.016050
-0.022032 0.061201 -0.054752 -0.375457 -0.421323 0.075685
0.026792 0.006850 -0.063396 0.089325 0.119110 -0.086956
0.002391 -0.027372 -0.032498 -0.071744 -0.075370 0.208565
-0.013112 0.021685 0.006599 -0.041120 -0.031752 0.036624
-0.004105 0.000826 -0.000879 -0.336533 0.333242 -0.081960
0.009260 0.001896 -0.018838 -0.010335 -0.005769 -0.044994
0.003842 -0.000904 0.001562 -0.216529 0.340408 -0.194299
0.000825 0.001563 0.000417 -0.002932 0.014447 0.066566
0.009810 0.001761 0.000326 0.492666 0.267804 -0.086553
0.022168 -0.013675 -0.013377 0.291215 -0.317877 -0.336806
-0.006479 0.003185 0.008313 -0.000170 0.008425 0.020716
-0.047019 -0.019563 -0.040480 0.036951 -0.166825 -0.076282
-0.000204 -0.000191 -0.000125 -0.066736 0.265560 -0.103238
-0.003616 -0.060200 0.068580 0.013504 0.029881 0.183732
-0.014396 -0.000611 -0.006778 -0.006298 0.036724 0.031842
-0.005868 0.032241 -0.021565 -0.014422 -0.038591 -0.148107
-0.005272 0.032708 0.033614 -0.003970 -0.049932 0.003033
-0.036397 0.045626 0.067275 -0.105562 -0.035507 -0.123096
0.012571 0.035766 0.001547 0.193133 0.300789 -0.171275
0.056362 -0.000576 0.012346 -0.137967 -0.049562 0.111118
-0.010579 -0.025573 -0.010875 0.267736 -0.252685 0.026457
-0.029753 -0.039924 -0.014756 0.038664 -0.167322 -0.047681
-0.028621 0.001149 -0.004681 0.230610 0.318399 0.053202
0.031438 -0.008309 0.051502 -0.282155 0.037703 0.057210
-0.030065 0.007166 0.046249 0.089214 0.005916 0.179175
0.043847 -0.031197 0.052643 -0.094912 -0.231103 -0.150961
-0.035277 0.033964 -0.062592 -0.031621 -0.069284 -0.149250
-0.000220 0.000520 0.000121 0.123592 0.401231 0.055847
-0.009084 0.010647 0.021472 -0.009750 0.019395 -0.251009
-0.030910 -0.028532 0.039831 -0.231488 0.117893 -0.239619
0.028345 0.046318 0.040108 0.220915 0.186170 -0.159120
-0.003421 0.002596 0.000430 -0.004053 0.068198 0.067458
-0.005840 0.041917 -0.050119 0.040687 0.040717 0.024117
-0.011902 0.019111 -0.017910 0.031487 0.301651 0.224988
