-0.014317 0.011536 0.016490 0.018256 0.021445 0.003817
-0.033496 -0.027366 0.015535 0.288117 -0.047298 0.252750
-0.012773 0.002593 0.020892 -0.035069 0.000801 0.004025
-0.020161 -0.008352 -0.022483 -0.009953 -0.068839 -0.056841
-0.017783 0.034201 -0.024324 -0.007791 -0.007284 0.124144
-0.001933 -0.000796 -0.003389 -0.246217 -0.078466 0.327743
-0.004452 0.008950 -0.010549 -0.087069 -0.058282 -0.036538
0.008039 0.030369 0.015976 0.078536 -0.261790 -0.014183
-0.037387 -0.006178 -0.041048 0.315696 0.252446 0.432719
0.004207 -0.006770 0.000152 -0.139888 0.109316 0.042464
0.022173 -0.036506 0.043914 0.049023 0.062979 -0.047501
0.001896 -0.003612 0.002527 0.258971 0.070830 0.192535
-0.031598 0.012947 0.053584 0.206795 0.059199 0.000318
0.003760 -0.006617 -0.005699 0.028050 0.052545 0.043365
0.006033 0.001894 -0.000376 0.017728 0.045136 -0.053895
-0.025640 -0.014546 -0.002836 0.059973 -0.008137 -0.006531
0.003486 -0.031965 0.026214 0.067748 -0.014033 -0.057342
0.041290 0.037927 0.057498 -0.003045 -0.001715 -0.002738
0.013215 -0.008386 0.013696 -0.043134 -0.173369 -0.031805
-0.033175 0.032550 0.034552 -0.084254 -0.100191 0.071644
0.012320 -0.000916 0.009699 -0.211983 -0.025536 0.111213
0.010631 0.012152 0.037289 0.022516 0.033807 -0.042645
-0.028737 -0.028227 0.050148 0.025973 -0.013129 0.046352
0.020289 0.012881 -0.033351 0.107281 0.190923 0.113520
0.059571 -0.052295 0.041232 0.252220 -0.351714 -0.242465
-0.011157 -0.012049 0.020948 -0.162161 0.070132 0.014423
0.054987 0.040330 -0.022581 0.075945 0.018039 -0.001078
-0.053721 -0.022319 0.046290 -0.203806 0.042303 0.196272
0.001199 -0.007060 -0.011037 -0.108226 0.136063 -0.122788
-0.026634 0.024005 -0.008876 -0.003242 -0.014283 -0.006743
0.000949 0.029273 0.026001 -0.082517 0.155944 -0.195039
0.003670 -0.006749 0.014205 0.104385 0.008301 -0.091543
0.024858 -0.005458 0.028212 0.286440 -0.264719 -0.118100
0.003887 0.002233 -0.005705 -0.438552 -0.486421 -0.451661
-0.017181 0.030596 -0.006459 0.054410 -0.092475 -0.200319
-0.011340 0.047017 -0.040863 0.039778 -0.135906 0.055754
-0.024229 -0.069837 -0.008523 -0.192410 0.211846 0.132575
0.019596 0.061359 -0.044415 -0.147036 0.170065 -0.072047
-0.003229 -0.000167 -0.001985 -0.010173 0.018230 -0.002959
-0.016998 -0.020667 -0.030618 0.173867 0.063462 -0.001778
