0.003942 -0.006144 -0.003723 -0.408204 0.423827 -0.462012
0.023396 0.002760 0.001563 0.118074 -0.005565 -0.017974
-0.018691 -0.068777 -0.071410 0.069970 -0.008138 0.065088
-0.031550 -0.033550 0.020563 0.017729 -0.021697 0.008833
-0.004664 -0.006268 0.015276 0.049850 0.055687 0.038104
0.003011 0.006163 -0.004185 0.099190 -0.173423 -0.045593
-0.005643 0.005078 -0.009205 0.289192 0.206508 -0.010155
-0.000374 -0.000028 -0.000209 -0.281634 0.013132 -0.203903
-0.007470 0.005910 0.008013 0.048985 -0.036850 -0.004353
0.005328 -0.005718 -0.030421 -0.003669 0.002927 0.015556
-0.026619 0.018605 0.034460 0.024850 0.144282 0.199647
-0.006439 -0.020138 0.028383 0.382403 -0.170175 -0.111309
-0.008319 0.006602 -0.004052 0.189603 -0.107956 0.184783
0.000132 -0.001705 0.001046 -0.022818 -0.070823 0.042536
-0.019746 0.047510 -0.001699 0.028124 0.094881 0.217832
0.008725 0.010746 -0.005445 0.044670 0.062424 0.003485
-0.027912 0.030697 0.029982 -0.111404 -0.087969 -0.083339
-0.049298 -0.004991 -0.063669 -0.256163 -0.149522 -0.274835
-0.019187 0.004527 0.006236 -0.356104 -0.225964 -0.383669
0.008241 -0.010581 0.035866 -0.275386 0.180866 0.381987
0.005696 -0.023506 -0.002255 -0.005955 -0.005931 0.011020
0.007999 0.011665 -0.023553 -0.204981 -0.198637 0.256613
0.008062 -0.010989 -0.017873 -0.063916 0.008699 0.065401
-0.002587 0.004568 0.004049 0.059572 0.093584 -0.199863
0.007488 0.004909 0.006317 -0.006565 0.025823 0.113172
-0.002713 -0.011153 0.010128 0.098536 0.220046 -0.193755
-0.044448 -0.057887 -0.027391 0.006553 -0.229955 -0.383273
0.004734 0.011613 -0.008762 -0.002969 -0.032509 0.025873
-0.008436 0.001933 -0.008448 0.018169 -0.083539 0.080410
-0.035294 0.028257 -0.009106 -0.372784 -0.153395 -0.085100
0.050860 0.054144 0.016648 -0.166312 -0.123777 -0.033257
0.023245 0.015553 0.001058 0.149982 0.193383 0.125439
-0.005586 0.001056 0.028679 -0.088493 -0.094487 0.126929
0.063161 -0.017605 -0.028716 0.149702 0.015154 0.055442
-0.000090 -0.000179 0.000063 -0.299450 -0.124421 0.358718
0.035459 0.037146 0.021810 -0.076513 -0.020557 -0.275267
-0.051562 -0.037604 -0.015394 -0.062518 -0.000967 -0.066910
-0.007299 0.003257 -0.036352 -0.006110 0.019213 -0.045975
0.005578 -0.013671 -0.011339 0.082398 -0.183092 -0.135262
