-0.021333 -0.003322 -0.037457 0.047982 0.366689 0.139957
-0.040410 0.013471 -0.037957 0.165781 0.125424 -0.089392
0.022633 0.032006 0.015195 0.024097 -0.075157 0.102899
0.024959 -0.059237 -0.030151 0.009301 0.289425 -0.269484
-0.028985 -0.038065 0.017066 -0.409449 0.057569 -0.048445
0.006464 0.026859 -0.007777 -0.140142 0.183307 -0.231693
-0.031901 -0.041476 0.002967 0.372752 -0.415908 0.072651
-0.009911 0.003208 0.011963 -0.028161 0.010376 0.047547
0.052240 -0.009965 -0.039730 -0.004107 0.007133 -0.012947
-0.026076 0.030497 0.012428 -0.101270 -0.164905 0.107221
0.004156 -0.063779 0.035358 -0.009322 0.108946 -0.242920
0.022763 0.003713 -0.006484 -0.340220 -0.377163 -0.233007
-0.020589 0.000354 0.002155 -0.023005 -0.027420 0.077372
0.006448 -0.000969 0.021670 -0.065507 0.136278 -0.063900
0.015500 0.005429 -0.021347 -0.389308 0.304894 -0.267739
-0.021349 0.017496 -0.028896 0.023872 -0.022519 -0.050593
0.018392 0.016200 -0.041475 0.003651 -0.260271 0.242474
0.005381 -0.003508 0.020203 -0.007388 0.007051 -0.006789
-0.017191 0.068004 0.067703 -0.052933 -0.002731 -0.091288
-0.009582 0.004850 -0.007901 -0.158997 -0.311929 -0.256896
0.027757 0.016619 0.000095 -0.022496 -0.144603 -0.067205
0.047532 -0.063109 -0.020100 0.061910 -0.040521 -0.259952
0.007290 -0.033835 0.031215 -0.145879 0.127988 0.149186
0.005535 0.059512 -0.019606 0.131799 0.017642 0.198673
0.002342 -0.010849 -0.016128 -0.035783 -0.044534 -0.013805
-0.025779 0.048115 0.062507 0.010462 0.177044 -0.136936
0.014189 0.027533 0.021449 -0.115867 -0.002921 0.040288
0.000029 -0.017174 0.005788 -0.198758 -0.086522 -0.168019
-0.005117 0.005701 -0.009689 0.036015 0.014771 -0.135700
-0.004726 -0.027332 -0.064326 -0.293035 0.011092 -0.111745
-0.050252 0.050150 -0.000059 -0.034447 -0.012845 -0.043392
-0.031772 0.006044 -0.002313 -0.011390 -0.011720 0.005008
0.029078 0.033266 -0.009072 0.012482 -0.027959 0.138219
-0.015314 -0.014626 -0.006786 -0.163927 0.205740 0.176253
-0.007362 0.012088 -0.005126 -0.022985 -0.145163 -0.168226
0.027467 0.024127 0.012465 0.095542 0.109951 0.213179
0.003185 0.005532 0.002780 -0.165527 0.301628 0.371586
0.018945 -0.036125 -0.003816 -0.076065 -0.182322 -0.142676
0.001727 0.058591 0.031968 -0.166187 0.113694 0.015996
0.049415 0.049148 -0.029639 0.136981 0.189534 -0.127342
