0.043136 -0.052040 -0.028918 0.053395 0.363121 0.308559
0.000516 0.002009 -0.003458 0.028850 -0.066255 0.038282
-0.001926 0.002436 0.010670 -0.058320 -0.199777 -0.099633
0.019313 0.037215 -0.007852 -0.198798 -0.092187 0.082869
-0.040745 0.004516 0.027830 0.361765 -0.350114 0.147807
0.001307 0.009824 0.057393 0.049617 -0.135333 -0.050869
-0.054436 0.009753 0.017643 -0.068370 -0.066520 0.080121
0.007935 -0.010478 -0.017626 0.361466 0.142657 -0.078275
0.035998 0.015746 0.017585 -0.058816 0.036961 -0.125177
-0.001092 -0.023238 0.015266 -0.152806 0.115459 0.156833
-0.036183 -0.042599 -0.031559 -0.010531 -0.088413 0.080098
-0.008215 -0.008210 -0.001095 0.223520 -0.344883 -0.074407
-0.068325 0.050913 -0.053660 -0.186289 -0.026806 0.148677
0.030078 0.033792 -0.032337 -0.296997 -0.234461 -0.049736
0.008905 0.040449 -0.040561 0.022632 0.079618 0.033368
0.001298 0.045334 0.063198 0.144175 0.185040 0.133441
0.004209 0.013389 -0.008139 -0.274856 -0.292126 0.316652
0.038529 0.006168 -0.027248 -0.019516 -0.085834 0.027693
0.018255 0.024650 -0.025435 -0.170410 0.052194 0.204867
0.022519 0.011291 0.036753 0.194482 -0.007340 0.021621
-0.026591 0.014280 0.026910 0.055894 -0.096303 -0.166240
-0.023175 0.023725 -0.066600 0.148478 -0.134059 0.025125
0.006013 -0.017855 -0.024060 -0.137255 0.136557 -0.175075
0.025849 0.031383 0.032015 0.084297 -0.116426 -0.083937
0.050303 -0.017891 -0.049373 0.226357 0.036225 0.244100
0.046951 0.065990 -0.061925 -0.323545 0.314223 0.042348
-0.065581 -0.047736 -0.045906 0.375209 -0.106251 -0.018427
0.011558 -0.016546 0.006150 0.014938 -0.107269 0.022625
0.005787 -0.026379 -0.032161 -0.064906 0.058283 0.099026
0.051639 -0.047754 -0.049128 -0.022561 -0.015399 0.031562
0.007001 -0.050829 -0.002941 -0.003569 -0.013343 -0.059461
-0.016405 -0.023707 -0.062231 0.205505 -0.049809 0.231683
-0.038466 0.042903 -0.037415 0.175113 0.236453 0.063461
0.001190 0.001841 -0.000012 -0.051015 -0.090887 0.142050
0.032490 -0.043687 -0.048283 -0.268763 0.011683 -0.282831
0.057191 0.043702 0.010327 -0.225556 0.015401 -0.121493
-0.041587 -0.025704 0.056147 -0.222222 -0.175412 0.298750
0.024277 -0.019571 0.010338 0.001428 0.099342 -0.326576
-0.020874 -0.005743 -0.002133 -0.084962 0.180880 0.209113
-0.022092 0.000058 -0.007411 0.001107 -0.237453 0.242820
0.046099 -0.025361 -0.042139 -0.114728 -0.091377 0.134194
