-0.005440 -0.034388 -0.003577 -0.217638 -0.022921 -0.349863
0.057778 -0.001977 -0.053865 -0.070404 -0.010061 -0.022450
0.077557 -0.010533 0.045878 0.008665 -0.250403 -0.227309
-0.012090 -0.037153 0.018501 0.063084 0.007995 0.121465
0.011792 0.023151 -0.002760 -0.271078 -0.214485 -0.231227
0.068447 -0.073012 -0.062952 -0.110599 0.084669 -0.025766
-0.001302 -0.000433 0.000391 0.280445 0.162196 -0.137888
-0.009515 -0.006671 -0.012849 -0.075320 0.128282 -0.207318
-0.008117 -0.018528 0.001458 0.273887 0.050075 0.087523
0.020873 -0.024824 0.004162 0.226363 -0.229605 -0.093829
0.063118 0.048192 -0.071923 -0.088743 -0.131385 0.133906
-0.039023 0.020891 -0.002090 0.115848 0.133072 0.175593
0.059902 0.052375 -0.051794 -0.213081 0.000852 0.104489
-0.002300 0.000448 0.000839 -0.146542 0.267680 0.464371
-0.008077 0.023277 0.033998 -0.483874 -0.093249 0.280831
-0.005557 0.016374 -0.045345 -0.078751 -0.021701 0.070510
-0.004687 -0.031283 0.032547 0.106926 -0.243625 -0.117142
0.024029 0.040558 -0.030324 -0.000801 0.438357 -0.309392
0.011456 0.009838 -0.011887 -0.030287 -0.076216 0.374801
-0.014396 0.044100 0.019541 0.174728 -0.033361 -0.098326
-0.001260 -0.000564 -0.021574 0.078631 -0.008603 -0.021973
-0.006541 0.004708 0.018884 0.139017 0.050569 0.019521
-0.018626 0.018478 0.007811 0.011153 -0.006424 0.009988
0.073497 0.031287 -0.079466 0.201632 -0.231420 0.373489
-0.008546 -0.002448 -0.015337 0.148973 -0.306785 0.359825
-0.014597 0.001843 -0.000946 -0.284226 0.045786 0.159586
-0.019601 -0.030716 -0.033573 0.004331 -0.006799 0.006634
0.029140 0.027783 0.015738 0.292889 0.195324 0.115783
0.013847 0.001639 0.017941 -0.077081 0.091784 0.006764
-0.011546 0.000535 -0.029100 -0.019494 -0.044827 0.008792
-0.033980 -0.018469 0.010182 -0.011632 -0.039197 -0.035434
0.000185 0.001019 0.000791 -0.163731 -0.083667 -0.238736
-0.005976 0.005098 -0.001684 -0.110338 -0.293644 -0.273653
-0.025030 0.012615 0.008480 0.283239 -0.146594 -0.150833
-0.019115 0.000446 0.028498 0.001291 0.078902 -0.311746
0.013421 -0.014142 -0.012068 0.058980 0.056158 0.056628
0.007014 0.020606 -0.006019 -0.318861 0.390361 0.229906
0.047221 -0.021386 0.037540 0.127546 0.234885 -0.258619
0.008342 -0.036572 0.072273 0.133485 0.277401 0.128022
0.035219 -0.009125 -0.045918 -0.000150 -0.005704 -0.002103
