0.000000 -0.000031 0.000118 -0.138287 -0.254623 -0.185099
-0.055132 0.043910 -0.060508 0.142385 -0.008094 0.134282
-0.011796 -0.059199 0.057918 0.062881 0.100978 0.036957
-0.000170 0.034193 0.017285 -0.229120 0.388447 -0.358930
-0.000004 0.000793 -0.001938 0.127392 0.122750 0.298588
-0.008205 -0.007207 -0.013591 -0.097446 0.046859 0.014923
0.015297 -0.019752 0.003556 -0.247182 0.053366 -0.023755
0.003921 -0.020503 -0.014523 0.069357 -0.077915 0.014857
0.017330 -0.032665 -0.061455 0.132930 -0.085026 0.127127
0.032396 -0.006194 -0.033795 -0.003281 0.012766 -0.002195
-0.057056 0.046525 -0.076216 0.316464 -0.370856 0.116396
-0.000456 0.047162 -0.035763 -0.054490 0.028856 -0.091049
0.022373 0.017200 0.013757 -0.098689 0.006925 -0.160325
0.035069 -0.024951 0.020402 0.217877 -0.185044 -0.075365
-0.013247 0.019469 0.001517 -0.015241 0.047541 -0.038741
0.004552 0.045789 -0.029546 0.027070 -0.040660 0.004974
-0.055441 -0.043940 0.022948 -0.414742 -0.132639 -0.373759
0.050736 0.029197 -0.038106 -0.180132 0.193476 -0.213869
0.000129 -0.000649 0.000002 0.041751 -0.044972 0.073185
-0.000399 -0.014611 -0.030358 -0.103869 -0.113844 0.103439
-0.020205 -0.010556 0.000318 -0.213390 -0.195162 -0.257279
-0.003192 0.025320 -0.044393 0.094281 0.122083 -0.072999
0.022031 -0.080415 0.035408 0.099276 -0.123124 0.077910
-0.025936 0.011036 -0.001055 -0.142381 0.142854 -0.066372
-0.008602 0.040286 0.024614 -0.146810 0.069243 -0.224054
-0.000393 0.000308 0.000066 0.164709 -0.034196 0.108870
0.020801 0.004276 0.050247 0.045441 0.027352 -0.026315
0.017752 -0.004228 -0.031090 0.099655 -0.427488 -0.276674
0.041315 -0.070207 0.040458 -0.346902 -0.030699 -0.178373
0.007091 0.016156 0.012724 -0.337815 -0.138037 -0.294187
-0.034828 -0.019121 -0.009924 0.005375 -0.003408 0.010363
-0.027359 0.019422 -0.013988 0.174437 -0.082158 -0.036602
-0.033093 -0.025773 0.037296 -0.423062 0.183465 -0.016296
-0.000087 0.007544 0.008890 0.031207 -0.039573 0.004249
-0.001318 0.053743 0.032994 -0.218277 -0.278291 -0.060490
0.029535 0.051261 0.020667 0.035432 0.033525 -0.041697
0.016505 0.011071 -0.008507 -0.303468 0.142029 -0.267828
0.001538 -0.041388 0.063521 0.005160 0.168208 -0.155439
0.014804 -0.033923 0.044508 -0.158862 0.039216 -0.104706
0.020557 0.001725 -0.025328 0.006142 0.038215 0.001300
