0.012227 0.000338 0.003316 -0.224965 -0.020767 -0.240954
-0.014450 0.076571 0.003553 0.098593 -0.279066 0.103453
0.029206 -0.040245 -0.024567 -0.073413 0.097978 0.084101
0.001932 0.013720 0.008180 -0.133117 0.139222 0.112373
0.007951 -0.041243 0.000785 -0.318583 0.383586 0.334815
-0.014951 -0.019340 0.003097 0.154425 -0.025950 0.085800
-0.047724 0.068461 -0.040998 -0.255241 -0.168073 0.206630
0.014713 0.026797 -0.035484 0.171455 0.150924 -0.361487
0.027032 -0.007072 0.027369 0.050465 -0.025495 0.053037
0.067834 -0.029872 -0.030359 0.208209 0.104177 0.242708
0.046152 0.006459 -0.005793 0.021682 0.021931 -0.013275
0.012438 -0.007921 -0.000809 0.053968 0.015449 0.033988
0.054868 0.031218 -0.051668 -0.077241 0.221608 0.257778
0.018308 -0.053705 -0.038254 -0.244769 0.244615 -0.198238
0.010736 -0.004450 -0.008505 -0.156097 -0.190948 0.067291
0.005431 0.018725 -0.047631 -0.359365 -0.192890 -0.248017
-0.037773 -0.054246 0.014473 0.028636 -0.112785 -0.055999
-0.022611 0.002671 -0.007838 0.001098 0.013787 -0.065437
-0.008126 -0.003966 -0.009554 0.075529 -0.137441 -0.178527
-0.019264 -0.001134 -0.031113 -0.033541 -0.138049 0.157242
-0.000748 0.000639 0.000080 -0.156437 -0.019240 0.094986
-0.030311 -0.002279 0.050825 -0.406841 0.381519 -0.209758
-0.062766 -0.039888 -0.054405 -0.037986 -0.087687 -0.055805
-0.002259 -0.001069 -0.024214 -0.044666 -0.106698 0.040647
0.058361 -0.064569 0.078503 0.015455 0.270667 0.175216
-0.018914 -0.003765 0.005138 0.381593 0.125648 0.230521
-0.022715 0.046999 -0.035234 0.290650 0.261752 -0.227966
-0.000733 -0.009711 0.003671 -0.086867 -0.370860 0.014837
0.035628 0.038762 0.004961 -0.105619 0.260046 0.040514
-0.030675 0.059546 0.004573 0.015204 -0.329385 -0.368245
0.042237 -0.032426 -0.028972 0.062926 -0.201777 -0.180573
-0.035007 0.038802 0.006995 0.303752 -0.221315 -0.188947
-0.015535 0.001858 -0.009277 0.165817 0.086242 -0.122104
0.003703 0.024606 -0.036787 0.013100 0.021860 -0.038095
0.012655 -0.045789 0.013975 0.024635 0.029817 -0.005870
-0.048890 0.008069 0.050307 0.314954 -0.233976 0.177470
0.021708 0.008597 0.017342 -0.230366 -0.359047 0.292866
0.051417 0.014986 0.017638 -0.073600 0.009859 0.079351
0.005689 0.038733 0.037583 -0.391591 -0.383396 0.149195
