-0.009117 -0.016940 -0.008423 -0.019424 0.037822 0.067239
0.014661 0.007020 -0.042860 0.161756 -0.070108 0.028381
0.068913 -0.022635 0.062662 -0.167565 -0.136943 -0.081570
0.001544 0.028400 0.004998 -0.010774 0.015326 0.097921
0.017320 -0.028142 0.019633 0.027162 0.052361 0.009344
-0.022764 0.019651 -0.017684 -0.097183 0.005908 0.048493
0.012988 -0.046068 -0.031150 -0.225095 0.009089 0.164837
0.023619 0.021313 -0.024925 -0.275838 0.188096 -0.259568
-0.021470 -0.031878 0.003562 0.105710 0.095269 0.109447
-0.018383 -0.000740 0.021721 -0.072948 0.048910 -0.075905
0.002230 -0.001282 0.001280 -0.136495 0.110161 -0.188573
-0.013101 0.012308 -0.014042 0.094150 0.086700 0.163331
-0.016770 -0.010640 -0.018678 -0.149570 0.067364 0.207990
0.000865 0.008263 -0.005617 0.149098 -0.099714 0.354841
-0.003538 -0.006230 0.004166 0.026249 0.011284 -0.013328
-0.045266 0.047857 0.014459 -0.110834 0.162929 0.002997
-0.049064 -0.004533 0.018580 -0.018520 0.001264 -0.062345
0.066381 -0.023674 -0.053996 0.214868 0.116577 0.084834
-0.006919 0.003150 0.008608 -0.006201 0.013441 0.034140
0.001834 0.050843 -0.039579 0.096944 0.178354 0.061333
-0.066498 0.008405 0.042065 0.013104 -0.007963 -0.018052
0.049089 0.003041 -0.003821 0.037508 0.009742 -0.002701
0.011533 0.014270 -0.021121 0.021388 0.061444 -0.006139
-0.011812 0.017186 -0.006935 0.132128 0.286649 -0.040161
-0.054759 -0.050321 -0.034798 -0.007453 -0.014265 0.018208
-0.006208 -0.004004 -0.047746 -0.063429 0.050373 -0.153734
0.052213 0.002350 0.053355 0.032848 -0.086244 0.020262
-0.003661 0.007565 0.003058 -0.249839 -0.390015 0.021015
-0.004282 0.003294 0.003046 0.028344 -0.061225 -0.047942
-0.057900 0.063975 -0.015951 0.025947 -0.006483 0.026077
-0.018775 -0.013959 -0.032297 -0.116841 -0.064426 0.117342
0.068100 -0.026964 -0.047392 -0.039667 0.011005 -0.027424
0.001736 -0.001783 -0.001347 -0.075377 0.030035 0.088383
0.007311 0.021052 -0.011501 -0.172735 0.029831 -0.051593
-0.001632 -0.001728 0.002104 -0.033555 -0.007493 0.004949
-0.003779 -0.064195 -0.037052 -0.065061 -0.076174 0.122754
-0.040416 0.019488 -0.024948 -0.240993 -0.049620 0.292952
0.004347 0.041309 0.042826 -0.174852 -0.333068 -0.224089
-0.075356 0.037296 0.068378 -0.341397 0.342233 -0.204585
0.036456 0.016622 -0.002240 0.155019 0.243520 -0.115829
-0.030946 -0.026965 -0.030022 0.190539 0.388803 -0.054561
