-0.001000 -0.000910 -0.000003 -0.271118 -0.205291 -0.189301
0.064085 -0.011367 0.067991 0.092977 0.015925 0.038789
0.017601 0.020636 -0.027282 0.053821 -0.263516 0.288448
-0.038480 -0.067047 -0.017478 -0.020845 -0.045708 0.134987
-0.007520 0.007378 0.032532 -0.204490 0.087223 -0.346347
0.030699 -0.047588 -0.042888 0.224795 0.183512 -0.390139
0.062900 0.008292 0.023532 0.054519 0.008469 -0.050226
-0.014513 -0.003384 0.007900 0.390211 0.193321 0.161154
-0.021673 0.021555 0.016459 -0.094775 -0.138137 -0.140335
-0.038793 -0.027279 -0.015639 0.021565 0.016755 -0.035307
0.000977 -0.002303 0.006005 0.320811 0.204084 -0.134886
-0.066905 -0.039259 -0.042161 0.208433 -0.165674 0.113316
0.004387 0.002303 -0.004624 0.392741 -0.415670 -0.232512
0.071825 -0.072650 0.029662 -0.001014 0.001449 -0.009916
-0.008274 -0.003424 -0.014481 -0.312773 -0.047548 -0.068247
-0.019169 -0.021786 0.011202 0.096094 0.054454 0.089659
-0.028610 0.039856 -0.041292 0.032254 0.058079 -0.027153
-0.006104 0.002982 0.020643 0.141717 0.262761 -0.191747
-0.021840 0.046977 0.022355 -0.063729 0.058140 -0.093821
0.044796 0.046528 0.029890 0.287238 0.200273 0.065719
-0.025184 -0.023440 0.032512 -0.211874 0.022500 -0.375646
0.000731 -0.000072 0.000672 -0.138874 0.145402 -0.138540
-0.026545 0.024870 -0.005414 -0.173443 -0.081849 0.008506
-0.020151 -0.014227 -0.022362 0.104200 -0.218005 -0.046182
0.010898 -0.032041 -0.015471 -0.097420 0.378931 0.391197
-0.000670 -0.006521 0.000274 0.171643 -0.002687 0.310774
-0.007808 0.019488 0.044446 -0.349811 0.193359 -0.259365
-0.025092 0.022726 -0.000881 0.094308 -0.107951 0.044878
-0.013151 -0.010435 0.005856 -0.169532 0.120985 0.039507
0.000912 -0.000141 -0.002181 0.128941 -0.113041 0.096663
0.033514 0.009860 -0.064604 -0.247584 -0.210776 0.146739
-0.004920 -0.007554 -0.011881 -0.052108 -0.246231 -0.266151
-0.042062 -0.061517 0.074684 -0.012642 0.015219 0.050727
-0.046950 0.047781 -0.040406 0.163825 0.009969 -0.130086
-0.013806 -0.023312 -0.030458 -0.042055 0.040763 -0.024956
0.013160 0.021454 -0.024316 -0.002335 -0.011976 -0.010124
-0.017507 0.019186 -0.004544 0.092475 -0.118417 0.054581
0.007017 0.015064 -0.010649 -0.000798 0.006239 -0.024647
-0.003247 0.002154 -0.002143 -0.014435 0.156724 0.264382
