-0.022054 0.014044 0.006834 0.000220 -0.001449 -0.000598
0.061879 -0.078886 0.023223 0.044915 0.070818 -0.207737
-0.030826 0.026528 -0.012864 -0.038246 0.182599 0.303966
0.056813 -0.021312 -0.062719 -0.060828 0.182546 0.022214
-0.007154 0.055363 -0.032494 -0.018210 0.002743 -0.019068
0.006383 -0.014359 -0.017376 -0.005968 -0.110757 -0.074730
0.034932 -0.028408 -0.058774 -0.027772 -0.010623 -0.075251
0.016905 -0.014541 -0.003037 -0.062852 -0.181751 -0.138174
0.030885 -0.003517 0.011590 -0.124568 -0.087517 -0.006202
0.040716 -0.000969 -0.009233 0.311935 0.014090 -0.449021
-0.008687 0.017826 -0.006255 0.055894 -0.044464 -0.028156
0.024871 0.000334 -0.021727 0.019530 -0.024296 0.008538
0.055114 0.015869 0.020693 -0.059177 -0.013952 -0.211815
0.000066 0.002724 -0.002812 0.007234 0.034702 0.188938
-0.019462 -0.078584 -0.012081 -0.000566 0.284776 0.014885
-0.054596 0.047235 -0.045175 0.150747 -0.109458 0.035990
-0.002010 -0.020608 0.013771 0.008859 -0.353422 0.462477
0.004019 0.005573 0.051958 0.219226 0.147711 -0.259110
0.022383 0.025496 -0.010379 0.018623 0.018952 -0.000889
-0.000382 0.000699 0.000374 -0.033522 0.265132 -0.261247
0.001442 -0.006354 -0.009593 0.276503 -0.072392 -0.132548
0.046192 0.014031 0.071181 0.011152 0.056650 0.018119
0.000776 0.015557 0.002107 0.212610 -0.265554 -0.021237
0.002958 0.012520 0.043748 -0.008315 -0.071811 -0.079740
0.019118 0.027937 0.004938 -0.174286 -0.163649 0.035913
0.036387 0.014372 0.050295 -0.033012 0.075210 0.027614
0.009985 -0.003071 0.004913 -0.243270 -0.066839 -0.425882
-0.005475 -0.030415 -0.036227 0.207464 -0.213926 0.331748
-0.001742 0.062898 0.070567 0.224562 -0.159933 0.057359
0.029850 0.022868 -0.022120 -0.025754 -0.154054 -0.123974
0.001379 0.009372 0.005909 -0.015174 0.027453 -0.020268
-0.036446 -0.034444 0.047738 0.188283 -0.176513 0.139765
0.001322 -0.020072 0.005416 0.033072 0.031761 -0.040192
0.003544 -0.001412 0.006284 0.002282 0.013246 0.006015
-0.026236 0.004725 -0.009197 0.009447 0.232176 -0.181264
-0.001859 0.000221 0.034974 0.012488 0.012047 0.049648
-0.015299 -0.050119 -0.032233 0.153436 -0.106988 -0.026305
-0.014691 0.031267 0.011297 -0.335358 0.037728 0.042582
-0.032604 0.006820 0.024800 0.173452 0.175794 -0.135682
-0.004210 0.001024 -0.023792 0.172672 -0.154420 0.047239
