0.006384 -0.005171 0.007206 0.233867 0.055862 0.279425
-0.000811 0.034747 0.015535 0.233638 0.148143 0.071058
-0.010889 -0.034842 -0.017421 -0.062660 -0.095336 0.067217
-0.017197 -0.053474 0.022104 -0.061941 -0.144800 -0.052362
0.010900 -0.027564 -0.013214 -0.028011 0.032630 0.029798
-0.023345 -0.000264 -0.016424 -0.397165 0.179397 -0.179236
0.055117 -0.052773 -0.023255 0.011485 0.001247 -0.001076
0.067752 0.003021 0.061502 0.047413 -0.113883 -0.047316
-0.041393 0.075454 -0.059079 0.019025 0.020860 -0.003000
-0.025452 -0.056387 0.060637 0.148745 -0.175728 -0.172878
0.010303 -0.008795 0.003050 -0.030419 -0.141252 0.131266
-0.000627 -0.017848 -0.016218 -0.055412 -0.211837 0.121895
0.035044 0.061825 0.001800 -0.008874 0.028552 0.026627
0.012435 -0.000809 0.007732 -0.295018 0.089430 -0.080884
0.002657 0.006863 0.002905 0.076747 -0.108941 0.002941
-0.024944 0.025645 -0.018663 0.091014 -0.236948 0.089906
-0.029141 -0.029399 0.036234 -0.034195 0.034288 -0.036872
0.015392 0.027197 -0.028166 -0.064358 -0.306496 -0.041890
-0.011212 0.003908 -0.011459 0.335493 0.160873 -0.333886
0.007099 -0.004468 0.003343 -0.279031 0.253808 -0.144444
0.006268 -0.008921 0.004283 -0.258657 -0.132363 0.172620
-0.033287 -0.013839 -0.037856 0.024866 -0.095589 0.089914
-0.017882 0.020355 0.026581 0.014556 0.003152 -0.010651
-0.017530 0.003663 -0.000030 -0.088531 -0.323021 0.271853
0.021136 -0.000123 0.029588 -0.280608 -0.010859 -0.251446
0.056612 -0.063681 0.057069 -0.031460 -0.284271 -0.300063
0.005816 -0.007764 -0.047667 -0.341599 0.188541 -0.464151
-0.002175 0.001029 -0.001376 0.098244 0.050874 0.063368
0.006600 -0.002413 -0.004279 0.367276 0.029559 -0.100590
0.030702 -0.036626 -0.017725 -0.391438 -0.258151 -0.276893
0.037807 0.029352 0.053282 -0.403318 -0.169927 -0.011487
0.012009 -0.010716 0.009135 -0.004091 0.018460 -0.083751
0.005013 0.042509 -0.014512 0.258463 -0.402711 0.155398
0.024277 -0.010654 0.020518 -0.012949 0.028194 -0.017634
-0.009598 0.009658 0.011404 0.108137 -0.084716 -0.076635
0.007799 -0.005484 -0.005587 -0.038220 -0.264932 0.039820
0.014676 -0.028537 -0.025982 -0.320123 -0.051753 -0.052413
0.007209 0.053990 -0.040562 -0.141864 0.063576 -0.239939
-0.011043 -0.046755 -0.006759 0.105363 -0.051667 -0.107961
0.053120 -0.046066 0.040450 -0.018577 0.022211 -0.035731
