0.013139 0.006247 0.015099 -0.337640 0.204246 0.028333
-0.029356 0.004192 0.010561 -0.021202 -0.155293 -0.165528
-0.001096 0.002736 -0.002033 0.119990 0.180539 0.209480
0.025694 -0.023858 0.016956 0.178452 -0.207564 0.369553
0.018361 -0.026358 -0.056163 -0.139608 -0.246618 0.164724
0.022242 0.001653 -0.033351 -0.004224 -0.022683 -0.029491
0.008104 0.008853 0.004452 -0.178371 -0.148129 -0.163062
0.030761 0.022745 -0.032708 -0.269611 -0.414842 -0.050896
0.019729 0.048138 0.017439 0.010635 0.089642 -0.140967
0.007807 -0.005828 -0.019827 -0.106224 -0.225807 -0.103772
0.014870 -0.041908 -0.038983 -0.032110 -0.315326 0.116566
-0.013847 0.008412 -0.006736 -0.360396 -0.297939 -0.218257
0.025151 0.041540 0.000632 0.191884 0.098276 -0.116861
-0.014124 0.014069 0.006617 -0.263268 -0.413817 0.130906
-0.019624 -0.069839 0.040327 0.006917 0.001473 -0.009429
0.020495 0.003729 0.005429 0.058207 -0.092257 -0.075518
0.031233 0.003107 -0.021126 0.188709 0.182035 -0.103786
0.004418 -0.003023 0.004321 0.011049 -0.106877 -0.147250
0.007657 0.003509 0.042790 -0.004876 0.004301 0.001088
0.054460 0.039152 0.001903 -0.034150 0.065638 -0.088880
-0.017592 -0.027728 -0.020154 -0.073004 -0.266719 0.089816
0.008239 0.005183 0.006495 0.045075 -0.078892 0.133863
-0.017861 -0.050886 0.028510 -0.102245 0.015861 -0.168044
-0.019906 -0.026031 0.071683 -0.085115 0.001249 0.107332
-0.013112 0.008666 0.011965 -0.120625 0.085162 -0.068005
0.020489 -0.029007 0.000342 -0.287140 -0.112691 -0.025186
-0.002348 0.004113 0.004834 -0.143569 0.005761 -0.036894
0.040126 0.048955 -0.039762 0.059911 -0.005095 -0.018570
-0.001850 -0.000639 -0.002885 0.074308 0.250859 0.186177
0.028527 -0.028703 -0.024845 0.002201 -0.002312 0.003446
-0.015195 0.021285 0.017751 -0.048893 0.126470 0.131634
-0.043527 0.035295 0.000557 -0.266526 -0.092146 0.189120
0.040520 -0.006073 0.059805 0.423476 0.118574 0.260052
-0.005173 0.013558 -0.022757 -0.008921 -0.026473 0.006398
0.004788 -0.031633 0.046029 0.027726 0.007301 0.007334
-0.035272 -0.013865 0.085500 0.096543 -0.042509 -0.187946
0.025678 -0.017535 -0.025707 -0.445408 0.019245 0.460830
0.045164 0.051978 0.029656 0.029104 0.042036 -0.006791
-0.002006 0.044408 -0.004899 -0.007901 0.118955 -0.055217
-0.031158 0.015676 -0.010560 -0.017184 -0.062467 -0.090889
