-0.017322 0.005895 -0.032287 0.053565 0.000534 0.100909
-0.011465 -0.013246 -0.007096 -0.007842 0.016862 -0.022686
0.027020 0.041203 0.057208 0.011952 -0.029167 -0.012076
-0.012421 0.004421 0.013243 -0.243839 -0.116914 -0.243895
-0.008502 0.020374 -0.025563 -0.021260 0.161320 0.204140
0.010253 0.005529 -0.000987 0.373293 -0.079907 -0.079468
-0.030013 0.046541 -0.057554 -0.005218 0.030452 -0.002073
0.000890 0.000972 -0.011134 -0.049893 0.038492 -0.083963
0.004214 0.009138 0.014158 0.014596 0.007876 0.019269
0.039454 0.025016 0.034495 -0.208550 -0.212144 -0.315870
-0.000673 -0.026641 -0.005197 0.065228 -0.052486 0.026411
-0.003141 -0.018124 0.031512 0.121460 0.101900 0.087599
0.009547 0.016913 0.014166 0.005641 -0.117088 -0.168576
-0.010580 -0.026775 0.014956 -0.033069 0.003440 0.026593
0.001282 -0.012575 -0.035765 -0.254055 -0.271422 0.281835
-0.018515 0.007623 -0.016684 0.006454 -0.054218 0.089785
0.027605 -0.000129 0.007422 0.080214 -0.207418 0.024006
0.037955 0.010757 0.019427 -0.096163 -0.050208 0.085951
0.006909 0.014902 0.006691 0.048534 -0.094316 0.047936
-0.002124 -0.036763 -0.046332 -0.176580 -0.323304 -0.383492
-0.024526 0.023468 0.009017 0.145518 0.100905 -0.131823
-0.001627 -0.070255 -0.020150 -0.070190 0.016082 -0.055168
0.003994 -0.041437 -0.039583 0.125607 -0.236322 0.067831
0.001936 -0.010038 -0.020855 0.159164 -0.081267 0.076600
-0.021942 0.026790 -0.039599 -0.148861 -0.226854 0.088660
0.020772 0.027890 0.018786 -0.061582 0.062284 -0.021837
-0.029757 0.038242 0.023315 -0.202601 -0.013015 0.133089
0.015059 0.012338 0.001726 -0.003670 -0.030085 -0.043567
-0.010129 0.004695 -0.002351 0.219426 -0.285513 -0.020140
0.000293 0.001606 -0.002505 -0.081549 0.035406 0.013994
-0.007228 0.000014 -0.000172 0.043037 -0.214267 -0.138601
0.015846 0.000987 -0.006592 -0.279804 0.274531 0.119836
-0.000462 0.021558 -0.026350 -0.016062 0.028734 -0.066300
0.002963 -0.005689 0.005464 0.203205 -0.086566 0.076752
0.000798 -0.069960 0.029604 -0.280495 0.370933 0.035442
-0.014159 0.001480 -0.000827 -0.026752 -0.043996 -0.014705
0.018339 0.058007 0.044609 -0.039383 -0.130618 0.118372
0.077672 -0.032407 -0.024231 0.265676 0.027197 0.052520
-0.000442 0.001944 -0.001714 0.133438 -0.452955 0.432569
0.014778 0.016813 0.015294 0.017381 0.032629 -0.020953
