0.021771 -0.020050 -0.024578 -0.284605 -0.394639 -0.158276
0.032249 0.026615 0.023660 0.030312 -0.307347 -0.090340
-0.003116 -0.005074 -0.003677 -0.265450 -0.276143 0.110718
0.010260 0.027291 -0.012596 0.231081 0.068348 0.338266
-0.081463 -0.054390 0.031175 -0.075667 0.035735 0.260348
0.017244 -0.004851 0.000692 0.015381 0.005186 -0.015974
-0.008850 -0.005571 -0.008079 0.029463 0.088430 0.042142
0.041423 -0.012537 -0.026446 -0.324755 -0.115665 -0.164814
-0.003278 0.013644 -0.016773 -0.029444 -0.027579 0.020961
-0.004751 0.014222 -0.003964 -0.040593 -0.038465 -0.028142
0.002508 -0.005201 -0.000439 -0.006599 0.035894 -0.059638
-0.005156 0.009785 -0.010616 -0.039871 -0.014797 0.024480
-0.026644 -0.020909 0.023376 -0.198925 -0.091134 -0.188984
-0.031462 -0.044453 -0.004112 -0.098211 0.218759 -0.171298
-0.007036 0.021334 0.013512 -0.015417 -0.071234 0.029964
0.023117 -0.024764 -0.007623 -0.082891 0.027549 -0.125230
-0.044953 0.052929 0.034785 0.080458 0.071424 -0.142835
-0.065276 -0.061609 0.041182 -0.025009 -0.094177 -0.079813
-0.017061 0.010742 -0.029526 0.085136 -0.103349 0.102122
-0.001044 -0.000445 -0.001023 0.111039 0.197292 -0.082223
0.045504 -0.056516 -0.024216 -0.435706 0.305183 -0.108637
-0.004981 0.004671 0.000831 -0.002441 -0.002934 0.005719
-0.013088 -0.004718 0.006459 -0.234828 0.066013 0.061054
-0.004688 0.010933 -0.003151 -0.058307 0.083920 0.085519
0.059559 0.034725 0.044896 0.058546 0.022781 0.023400
0.001813 -0.019840 0.029273 0.085875 -0.102684 -0.254344
0.052933 0.011523 0.016814 0.010493 0.042901 0.243245
0.040486 -0.025563 -0.010155 0.077683 0.010251 -0.169305
0.001091 -0.001683 -0.008242 0.099349 0.105763 0.116983
0.023764 0.014240 -0.044850 -0.010891 -0.115893 -0.185733
-0.004241 0.008615 -0.007634 -0.053751 -0.044081 -0.017870
0.017464 -0.052145 -0.007828 0.086194 -0.102494 -0.034470
0.041565 0.001558 -0.006660 0.109412 0.129072 0.009434
-0.002880 -0.001626 -0.001239 -0.086401 0.018528 -0.240288
-0.016505 -0.024196 -0.002896 0.098712 0.116690 0.033301
0.083853 0.063772 0.004103 0.295892 0.221256 -0.378730
0.021806 0.011073 -0.025830 -0.095919 -0.212843 0.092717
0.000384 0.000486 -0.000070 -0.163252 0.043192 -0.147967
0.050997 0.034030 -0.040541 0.166270 -0.214890 -0.269430
0.021125 0.033090 0.057271 -0.175448 0.152847 -0.198150
