-0.000558 0.006645 0.002941 0.082773 0.047544 0.058930
-0.046598 -0.019546 0.041163 0.080359 -0.058882 0.005235
-0.009820 -0.059664 0.063716 0.007313 0.002714 -0.190456
-0.037662 -0.021285 0.010472 0.023039 -0.108009 -0.102945
-0.004057 0.003890 -0.002574 -0.006396 0.006131 0.005036
-0.021383 -0.054555 0.043045 -0.275327 -0.376724 0.145521
0.000939 -0.006569 0.002150 -0.029409 -0.036522 0.174259
-0.022901 0.029696 0.037597 0.148889 -0.042878 0.328563
-0.008213 0.013675 -0.009479 0.179308 -0.080238 0.367890
-0.020123 -0.039708 0.045364 -0.323878 0.349667 -0.318244
0.008698 0.019795 0.014721 0.016901 -0.037766 0.057214
0.042976 0.003094 -0.001797 -0.068103 0.272425 0.023376
-0.016695 0.022461 0.016446 -0.275167 0.223655 -0.060720
0.002376 0.001967 -0.000961 0.010877 0.002290 -0.022755
-0.025369 -0.004887 0.019267 -0.344098 -0.265331 0.172984
-0.000711 -0.007421 -0.014156 0.294469 -0.103621 -0.035113
0.000327 0.005205 0.045126 0.290158 -0.209937 0.379895
-0.067249 -0.002538 0.008345 0.250470 0.398042 0.054768
-0.017048 -0.014855 -0.012085 0.066078 0.126202 0.100427
0.036689 -0.030461 -0.037858 -0.244513 -0.025838 0.334229
0.006373 -0.026431 -0.002373 -0.411721 0.123636 -0.380019
0.031103 -0.025258 -0.032748 0.164141 -0.147461 -0.078665
0.003468 0.032449 -0.061317 0.113032 -0.034852 -0.131795
-0.014029 0.054670 0.064140 0.187142 0.012605 0.379618
-0.001610 -0.000227 0.022275 -0.126475 -0.093673 0.071314
-0.026709 -0.035729 -0.015092 -0.341603 -0.292477 0.383732
0.059961 0.033716 -0.059465 -0.078603 -0.091404 0.020249
-0.022689 -0.014430 0.002143 0.149554 -0.164284 0.166407
-0.005106 0.001982 -0.006971 -0.055716 -0.010176 -0.302024
-0.005861 0.016077 0.007601 -0.010041 -0.061685 0.125864
-0.000922 0.005567 0.014241 0.003739 -0.001830 -0.010120
0.009101 0.001915 -0.008090 0.009212 -0.028607 0.054258
0.018733 -0.023480 -0.035191 0.303281 0.208959 -0.022587
0.011901 -0.011831 -0.006195 0.003896 -0.000792 -0.003327
-0.006053 -0.014825 0.031936 -0.097285 0.106565 -0.042802
-0.000749 0.017771 -0.010700 0.084505 -0.026585 -0.009989
-0.023690 0.036534 0.044641 -0.115691 -0.190329 0.187575
-0.049471 -0.013765 -0.009173 0.007652 -0.002512 -0.009531
0.001049 -0.018482 -0.022859 0.326721 0.351981 0.098994
0.001187 -0.022076 -0.032808 -0.143393 -0.136960 0.178559
