-0.014704 0.004855 0.003505 -0.045008 -0.276394 0.025679
-0.035685 -0.014037 -0.050897 -0.116600 0.044950 -0.213020
-0.016329 0.007770 -0.000154 0.000098 0.000658 -0.000556
0.049168 -0.004939 -0.044131 0.343837 0.088360 0.044707
-0.041717 -0.045277 -0.038352 0.009218 0.006805 -0.011078
-0.007972 0.000676 -0.026322 0.094657 0.108585 -0.099208
-0.007692 0.010348 0.005655 0.002733 0.002071 0.028279
-0.001577 0.005183 0.030067 -0.046522 0.323542 0.423850
-0.048691 -0.059996 0.044812 0.267226 -0.391531 -0.235006
0.012148 0.066983 -0.001695 -0.181232 -0.133745 0.329285
-0.014714 -0.010046 0.003099 -0.162959 0.252197 0.173394
-0.024404 -0.010906 0.030053 -0.301461 -0.134038 -0.002153
-0.010047 -0.004025 -0.002291 -0.181638 0.175893 -0.192646
0.005204 0.006549 -0.005843 -0.259285 0.184805 0.231754
-0.021524 -0.002171 -0.017471 0.257116 0.077894 0.087328
-0.004042 -0.005557 -0.004132 0.433991 -0.141723 0.068161
0.000229 0.040322 -0.061184 -0.054809 0.199456 -0.240555
-0.065144 -0.064614 -0.050646 0.073478 -0.007719 -0.087682
0.004917 -0.008197 -0.036572 0.139907 0.046463 -0.061625
-0.032248 -0.009885 -0.003320 0.298019 -0.205117 -0.035631
0.003136 -0.016360 -0.003264 -0.308428 -0.287243 0.257986
-0.003275 -0.003730 -0.001518 -0.024360 -0.099181 0.073536
-0.079546 0.008680 0.067730 0.014737 0.023558 0.017272
-0.000373 -0.003639 0.001466 0.017475 0.081488 -0.153614
-0.045882 -0.019563 0.050330 0.042045 -0.119735 0.104727
-0.009740 -0.078366 -0.010015 0.305013 -0.244239 -0.046208
0.010009 0.061016 -0.074129 -0.195457 0.050955 -0.013530
-0.010268 -0.000625 0.008515 -0.158525 -0.089448 -0.094140
-0.008724 -0.033002 0.026955 0.369263 0.190060 0.303517
-0.026298 0.030101 0.000117 0.004630 0.004928 0.003230
0.052304 -0.013588 -0.068061 0.090665 -0.143737 -0.060039
-0.011557 -0.015670 -0.006275 -0.081933 -0.098314 -0.111174
-0.001995 -0.003203 0.003977 0.196966 -0.057383 -0.232086
-0.019654 0.006762 0.023405 0.053363 0.104753 0.038315
0.056985 0.014684 -0.061844 0.171577 -0.118035 -0.079135
-0.054050 0.008044 0.023092 0.058654 0.039789 0.000196
0.000161 -0.012792 -0.001063 -0.007668 -0.014240 -0.000796
-0.000832 -0.008267 -0.000537 0.003538 0.028604 -0.009097
-0.038970 -0.065069 0.066809 0.246929 0.084755 0.103749
-0.046624 -0.012929 -0.002031 -0.381433 -0.121565 0.393115
