0.045474 -0.048667 0.045630 0.050243 0.129425 -0.123871
-0.015142 0.011650 -0.014432 -0.220911 -0.201381 0.057669
-0.066388 -0.043328 0.024221 -0.270602 0.210445 0.147655
-0.050577 0.026427 -0.052428 0.069075 -0.087884 0.113145
-0.005189 -0.020612 -0.012004 0.262076 0.123885 0.020302
-0.036897 0.055893 0.052883 0.003913 0.000914 0.002394
-0.023954 -0.003367 -0.018610 0.088886 0.203550 -0.035418
-0.038856 -0.015482 0.029020 0.108411 0.164927 -0.168900
-0.051093 0.051130 0.048640 -0.007263 -0.267998 -0.252115
0.023849 0.042720 0.009308 0.258451 -0.321810 0.404455
0.028048 0.029345 -0.050685 0.383654 -0.274047 -0.361777
0.020369 -0.002892 -0.076774 -0.037916 -0.270278 0.157355
0.029498 -0.011980 0.005239 -0.121191 0.080464 -0.004974
-0.008451 0.010677 0.001044 -0.039633 -0.242492 0.114120
-0.024186 -0.028851 0.016121 0.172346 0.034023 -0.024541
-0.067072 0.032516 -0.064734 -0.130347 -0.164196 0.092652
-0.047210 0.010276 -0.040426 0.032422 -0.030411 -0.034571
0.004509 -0.008961 -0.004529 0.347899 0.265827 -0.395658
0.017220 0.022403 -0.009926 -0.185548 -0.011662 -0.136746
0.018638 -0.042186 -0.010895 0.032148 -0.160471 -0.423320
0.026761 -0.003728 -0.037399 -0.243436 0.206242 0.055178
-0.006201 -0.009510 0.021852 0.297710 0.262534 -0.034782
-0.000656 -0.002180 0.000625 0.152950 -0.042685 0.133161
0.049897 -0.016038 0.019592 -0.322097 -0.138475 0.019266
0.005110 0.004856 -0.004656 0.071511 0.155596 0.405589
-0.003170 -0.049666 0.030572 0.416763 -0.349350 -0.083340
-0.020707 -0.026897 -0.020729 -0.001848 0.013670 -0.024579
0.001289 -0.000907 -0.002641 0.158832 0.117864 0.223928
0.033826 -0.029911 -0.042589 -0.128127 0.066455 0.244125
0.021398 -0.018567 -0.029176 0.109203 -0.033287 0.065788
-0.011988 -0.019430 0.000461 -0.011045 0.015210 -0.009738
-0.033456 0.002670 -0.004780 0.071097 -0.305249 0.115617
0.055699 0.050643 -0.039373 -0.192610 -0.158778 -0.105635
0.009459 -0.022053 -0.019412 -0.151324 0.344869 0.349462
-0.021770 -0.013665 -0.030432 0.209787 -0.191651 0.257719
0.017761 0.025606 -0.023762 0.415947 -0.056173 -0.247322
-0.011562 -0.003807 0.009884 0.033001 0.037152 0.014586
0.001164 0.000243 0.004093 -0.170361 -0.117187 0.117637
0.019276 0.011553 -0.012325 -0.011308 0.005239 0.007159
-0.004760 -0.003091 -0.003351 -0.087123 -0.272055 -0.250174
