0.033330 0.039736 -0.042996 0.026623 0.123676 -0.181937
0.037506 -0.038391 0.022015 -0.243891 -0.179553 -0.000391
-0.064847 0.024530 0.033883 0.020688 -0.013448 -0.159078
0.018157 -0.021209 -0.000303 0.212055 -0.121628 0.015772
-0.009613 -0.012581 0.019183 -0.028223 -0.035793 -0.074574
0.042279 0.041953 0.019268 -0.028759 -0.075787 0.372722
0.002008 -0.008542 -0.017495 -0.089897 -0.055027 -0.074689
0.020816 -0.006311 -0.017902 0.057316 -0.059912 0.313381
0.001510 0.015576 -0.026129 0.107866 0.003468 0.034279
-0.021561 0.013078 0.015743 0.040808 0.021233 0.019002
-0.004424 -0.013107 0.022614 -0.272886 -0.363623 0.257188
0.010113 0.018145 0.048062 -0.005378 -0.005864 -0.004322
0.022471 -0.006989 0.009206 -0.095393 -0.052752 0.126422
0.025608 0.008738 -0.027557 -0.359784 0.377906 0.340034
0.002879 0.033837 -0.045963 0.222318 0.456374 -0.201716
-0.001781 0.017478 -0.044692 -0.192650 -0.266455 0.137086
0.035841 0.025171 -0.019254 -0.073568 0.002538 -0.211456
-0.003343 0.004229 0.016880 0.181044 0.009476 -0.032923
-0.008857 -0.020562 -0.032079 0.256862 0.345856 -0.337878
-0.032336 0.013532 -0.062746 0.020358 -0.255230 -0.224889
-0.004253 -0.046789 -0.033188 0.003121 0.013306 -0.015808
-0.042111 0.038243 0.059895 0.127433 0.101433 0.263478
0.056381 -0.027038 0.026819 0.101606 0.159197 0.024612
0.035666 0.013386 0.010094 -0.012874 -0.005500 -0.000864
0.003650 0.002799 -0.000957 -0.146906 -0.122809 -0.121944
0.018216 0.024685 -0.037360 0.065531 0.081348 -0.107412
0.005280 0.033980 -0.038771 -0.127314 0.146248 -0.028157
0.027511 -0.015301 0.037539 0.171745 0.222774 0.007818
0.000038 0.000206 0.005884 0.065628 -0.079709 -0.059195
0.028046 0.041080 0.024655 -0.055129 0.084316 -0.084698
0.005729 -0.005979 0.037070 0.119490 0.087787 -0.071704
-0.019469 0.019386 0.033179 -0.365076 0.281917 0.074419
-0.043440 0.028165 0.004238 -0.147388 -0.386629 0.046860
-0.029096 -0.016788 -0.018477 -0.018896 -0.069656 -0.015221
-0.026429 0.078864 0.050788 -0.400485 -0.064669 0.148810
-0.005605 -0.005455 -0.000915 -0.007544 0.057352 0.020200
-0.000781 -0.024782 0.000642 0.002783 0.040108 0.005351
0.030140 0.020017 -0.045768 0.226146 0.076193 0.067946
-0.004896 0.005962 0.005656 -0.109911 0.081127 0.116257
-0.003111 -0.012042 -0.000731 0.259437 0.107629 -0.246880
