-0.036970 0.041711 -0.042242 0.003364 0.000910 0.002014
-0.042901 -0.022545 0.049211 -0.147960 0.000329 0.190528
0.002721 -0.030536 -0.059060 -0.018304 -0.097396 -0.000747
0.002899 0.014111 -0.013370 -0.084549 -0.156815 0.128804
-0.022015 -0.046954 -0.008314 0.041919 0.046591 -0.147076
-0.004954 -0.038327 0.045182 -0.000731 0.011727 0.001165
0.013984 -0.049532 0.035782 0.314298 -0.085126 0.032360
-0.012124 -0.000976 0.007281 0.192678 0.007708 0.203661
0.049960 0.009056 0.064864 0.362510 0.248408 0.160422
0.001152 -0.009068 0.021331 0.317467 0.366283 -0.416443
0.027890 -0.006940 0.026958 0.290708 0.265301 0.195832
0.011896 0.019077 -0.022965 -0.060727 0.073377 0.024343
-0.063044 0.025922 -0.037775 0.195263 -0.500192 0.431777
0.008237 -0.019667 -0.007794 -0.068558 0.036465 0.083883
-0.073429 -0.050145 -0.010283 0.262554 -0.093356 -0.089909
-0.020825 0.023946 0.006081 -0.020558 -0.017242 -0.015159
0.041429 0.005172 -0.018782 0.065267 0.071751 -0.029940
-0.064265 -0.006485 -0.017609 0.023445 0.012945 -0.019800
0.007860 -0.050128 0.057683 0.175555 -0.189421 0.049402
-0.000218 0.004242 0.002485 0.036463 -0.005942 0.029376
-0.028005 -0.005152 -0.005717 0.307244 0.178415 -0.061142
-0.030714 0.022432 0.004314 0.069716 0.093488 -0.079659
0.071696 0.010076 0.054561 -0.088573 0.071852 -0.014657
0.042326 0.025309 -0.061552 0.045248 0.013775 0.007368
0.038086 -0.001862 0.000425 0.081076 0.148962 -0.066196
-0.011860 -0.011657 0.008843 0.053115 -0.022331 0.051208
0.025234 0.034237 -0.072629 -0.187448 0.162571 0.103385
-0.010824 -0.016140 -0.016753 0.111217 0.125691 -0.048950
0.017931 0.001424 -0.010747 -0.048201 -0.276662 0.037197
0.001203 -0.011880 0.001113 0.013475 -0.087381 -0.211871
-0.003441 0.000624 0.002873 0.083105 0.076194 -0.099526
0.068747 0.052734 -0.027711 -0.405949 -0.249129 -0.052857
-0.002043 0.002021 0.000628 -0.025074 0.205399 0.003856
0.028821 0.055728 0.019270 -0.018471 0.121791 -0.053657
-0.019847 0.016010 -0.010926 0.005051 -0.001218 -0.002448
-0.019750 0.042074 -0.004202 0.007726 -0.058662 0.070853
0.003575 0.008385 0.024795 0.038213 0.120575 0.134879
-0.006813 0.025734 -0.011136 0.006799 -0.002775 -0.008561
-0.002455 -0.001043 -0.007085 -0.049286 0.040815 -0.059789
-0.019902 -0.016578 -0.025694 0.176801 0.094637 -0.016347
0.057273 -0.002708 0.060833 0.073959 0.020115 0.096987
