0.001572 0.000040 0.002018 -0.005335 0.035865 -0.013785
0.001637 -0.015746 -0.005404 0.172851 0.274833 -0.277729
0.023949 -0.007451 -0.025182 -0.053429 -0.023473 0.005717
-0.010565 -0.027541 0.019128 -0.001750 0.004229 0.004530
0.019830 -0.028565 0.016599 0.081997 -0.360893 -0.253925
0.056930 0.062823 0.012381 0.133933 -0.099246 -0.164557
0.012554 -0.014328 -0.024724 -0.062164 0.207649 0.067584
0.007835 0.005408 0.014540 -0.159107 0.333773 -0.069477
-0.000161 0.010014 0.009939 0.180219 0.211015 -0.163948
0.000361 -0.007139 -0.010158 -0.049982 0.174223 -0.218163
0.049143 -0.069050 0.032010 0.155840 0.169819 0.183531
-0.034248 -0.007761 0.043695 -0.136677 0.319081 0.096198
-0.054059 0.038375 0.002771 0.164342 0.080711 0.011720
0.033812 0.013076 0.027563 -0.264413 -0.155923 0.219963
-0.015991 -0.026145 0.026101 0.032995 -0.025370 0.078606
-0.067736 -0.052719 0.000494 -0.099603 0.091035 0.143620
0.059754 0.016628 -0.029907 -0.015557 0.011902 0.025097
0.041809 0.033514 0.028007 -0.102429 0.097876 0.203942
0.055671 0.045894 0.021303 -0.137742 -0.255628 0.146039
-0.049005 0.021848 0.027283 -0.308479 -0.303979 -0.005410
-0.018910 0.019008 0.032018 -0.166746 0.100816 0.067811
0.022330 0.048398 0.041493 -0.112401 -0.073045 0.127810
-0.009414 -0.049900 -0.023034 -0.026634 -0.045058 -0.149595
0.039850 -0.054093 0.061206 0.139666 0.131997 0.130914
0.016101 -0.029585 0.064760 -0.162980 0.252111 0.312615
-0.063374 -0.005407 -0.075805 0.044926 -0.042921 0.015427
0.039880 0.011103 0.055375 -0.036095 -0.028630 -0.072379
-0.039134 0.056530 -0.076238 0.041284 -0.096860 -0.074125
0.027456 0.013955 0.009389 -0.020257 0.168182 0.197171
-0.020828 -0.014402 -0.004550 0.155328 -0.242165 -0.122086
0.027991 0.038332 0.048892 0.072208 -0.325699 -0.237426
0.015776 -0.017496 -0.060702 -0.065673 0.077139 0.068838
0.000003 0.001026 -0.002946 -0.081252 -0.108364 0.042872
0.023165 -0.039170 0.008953 0.089768 0.259609 0.201676
-0.000623 -0.045693 -0.058712 -0.047358 -0.016114 0.100454
-0.018209 0.021640 -0.008224 0.093140 0.210951 0.409842
0.005426 -0.006866 0.004084 0.146043 -0.030533 -0.418318
-0.019680 0.010938 0.018967 -0.023154 0.023228 0.045658
-0.004345 0.005374 -0.071343 0.050025 -0.093862 -0.110989
-0.025200 -0.032477 0.038182 0.394091 -0.131675 -0.113531
