-0.017086 -0.062884 -0.003424 0.352853 0.138899 0.238942
-0.003150 -0.004415 -0.000104 -0.009476 -0.002826 -0.001723
-0.019319 -0.004987 -0.003426 -0.046618 -0.033404 0.093499
-0.065811 -0.049383 0.051228 -0.141372 -0.067371 -0.084925
-0.037459 -0.007758 -0.023005 0.063819 0.069102 -0.056208
0.079095 0.058610 0.039208 0.119268 -0.188342 0.190480
-0.029119 -0.050263 -0.008925 0.083035 0.246678 -0.327966
0.024420 0.004674 -0.021836 0.163500 0.129913 0.144239
-0.012867 0.012115 0.002876 0.002496 -0.002208 -0.001162
0.001381 -0.001765 0.000267 0.007325 0.065027 -0.258283
0.052028 -0.054151 -0.052648 -0.045839 -0.237078 -0.159789
-0.043197 -0.023095 -0.004769 -0.035581 -0.030390 0.021239
0.040844 -0.028929 0.065989 0.342597 -0.174641 -0.085971
0.002880 0.002369 -0.002847 0.017068 0.012346 0.048600
0.020510 0.029765 0.038384 0.007197 0.003311 -0.029248
-0.054118 -0.012520 -0.030381 0.025112 0.022309 0.025151
-0.025474 0.019719 -0.003779 -0.000845 -0.003011 0.004565
0.028149 -0.048170 -0.020167 -0.016417 -0.042598 -0.179149
0.017365 -0.014958 0.004994 0.059681 -0.065785 0.034615
-0.001394 0.001801 -0.000004 0.190059 0.214612 -0.049485
0.012853 0.001884 0.003416 -0.009659 0.257284 -0.220111
0.082289 -0.036491 0.075848 -0.243076 0.263378 0.347824
-0.004517 -0.000341 -0.006902 0.350437 0.289137 -0.246299
0.003708 -0.014247 0.004041 0.026345 -0.022517 0.019363
-0.041904 0.073371 0.081206 0.091999 -0.032000 -0.070966
0.025826 -0.038285 0.018355 -0.327995 -0.150401 0.042377
-0.021796 0.001800 -0.017645 0.395053 0.084773 -0.219815
0.030697 -0.005636 0.015668 -0.029105 -0.080580 0.072911
0.019546 0.040561 0.039090 0.150084 -0.228855 0.131660
-0.001688 -0.033803 0.017438 0.148329 -0.020460 -0.219069
-0.029515 -0.010698 0.004997 0.147438 -0.222136 0.109423
0.038445 0.032226 -0.006109 0.027403 -0.046880 -0.062027
-0.012067 0.023141 0.013672 0.073478 -0.195210 -0.014769
-0.020114 -0.000730 -0.017157 0.035051 -0.002301 -0.031367
-0.010307 -0.034650 -0.033591 0.388777 0.313623 0.404385
-0.024567 -0.007469 0.012527 -0.009303 -0.028675 -0.010218
-0.065641 -0.027737 0.014541 0.042019 0.015561 0.049174
0.017219 -0.001114 -0.049700 0.212132 -0.428313 -0.424968
-0.004457 0.024935 -0.068832 -0.009112 -0.071581 -0.068557
-0.049903 0.014012 0.000157 0.012619 -0.026825 0.099562
