-0.004818 0.003020 0.008131 0.026134 -0.134890 0.126644
-0.046533 0.030742 -0.032480 -0.022906 0.040545 0.051329
0.042652 0.006903 -0.051398 0.279369 -0.048900 0.013893
-0.047437 0.013231 0.030713 0.178990 -0.269153 -0.030615
0.008118 0.007568 -0.004317 0.041531 -0.002410 -0.069659
-0.000523 0.000181 -0.000832 0.025237 -0.034879 0.104100
0.024752 -0.018890 -0.044466 -0.172704 0.016384 -0.032124
0.003925 0.013884 -0.027562 -0.007062 0.207211 0.001430
-0.025458 -0.007224 -0.016684 -0.012337 -0.348115 -0.182853
0.038710 0.007277 -0.014915 -0.344749 0.025166 -0.094920
-0.014120 -0.013401 0.006199 0.095881 0.260844 0.070853
-0.003936 0.002310 0.002978 -0.107377 -0.091553 -0.068667
0.021592 0.000215 0.013838 -0.052453 0.015016 -0.090315
-0.056793 0.042667 -0.051751 -0.348035 -0.081364 -0.328747
-0.004672 -0.016261 0.008318 0.177350 0.090266 0.214457
-0.022249 -0.082824 -0.046585 0.054740 -0.030275 -0.020398
0.000373 0.000458 0.000477 0.029729 -0.057661 0.015364
-0.015761 -0.006798 0.002672 -0.073242 0.034602 -0.025504
-0.003514 -0.028499 0.054644 0.164960 0.181899 0.016902
-0.000732 0.000769 0.000757 0.011517 -0.033891 0.003007
-0.016654 -0.012853 -0.013045 0.003764 0.005473 -0.001838
0.048315 -0.057988 0.000796 0.015232 0.015626 0.024357
-0.004294 -0.003266 -0.008305 0.045047 0.044022 -0.095156
-0.049695 -0.049513 -0.006138 -0.036062 -0.125845 0.198830
0.001161 0.005279 0.006683 -0.029939 0.034418 0.020757
-0.009736 0.012583 0.013541 0.127973 0.085664 -0.031385
-0.040459 0.043762 -0.005547 -0.069570 0.203559 0.052673
-0.002609 -0.045539 0.025408 0.113122 0.046279 0.138980
0.033637 0.021125 0.036586 0.026186 -0.032966 0.017246
-0.046356 0.052375 0.035258 -0.120730 0.106493 -0.122181
-0.015089 0.026987 -0.018265 0.274833 0.178946 -0.484821
-0.006659 -0.001275 0.012951 -0.090843 -0.054377 -0.094091
0.044818 -0.028143 -0.067490 0.095180 -0.157820 0.276381
0.000513 -0.018287 -0.002787 -0.001333 0.003859 -0.003552
0.035427 0.046556 0.003683 -0.226113 0.311721 -0.378840
0.003567 0.001597 -0.003963 -0.011368 -0.149611 -0.117124
0.039495 -0.046605 -0.005014 -0.017497 0.064753 -0.024485
-0.034348 0.005350 0.065613 0.043844 0.227615 0.049251
0.022756 -0.004725 -0.067028 0.087380 -0.032997 -0.031082
-0.057101 -0.016617 -0.038486 -0.044993 -0.029403 -0.020888
