0.000569 -0.006411 -0.003781 -0.031466 -0.012279 -0.035509
-0.006431 -0.005173 -0.010107 0.080911 -0.075658 -0.056941
0.004120 -0.014836 -0.018165 0.031087 0.045577 0.029280
-0.001937 -0.049795 -0.070056 -0.032160 0.044406 0.017259
0.030297 0.032651 -0.011233 -0.218227 -0.035572 -0.214947
-0.027218 0.025267 0.025910 -0.122167 0.072212 -0.346222
0.032363 0.019928 0.028511 -0.005358 0.033478 0.002271
-0.046433 -0.065475 -0.050514 0.023306 -0.003646 -0.001294
0.000989 -0.000892 -0.000270 -0.313239 -0.106038 0.062556
0.062278 0.061425 0.019669 0.236455 0.278084 -0.043414
0.048337 0.007539 0.032362 0.292904 0.039245 0.227596
-0.009210 0.030347 -0.026284 0.077094 -0.085721 0.127830
0.001035 -0.001057 -0.000974 0.086012 -0.200794 -0.346585
0.027738 0.001739 0.010870 0.004295 -0.046031 0.112978
-0.026294 -0.014738 0.031923 0.164964 -0.245467 0.109625
0.062109 0.024094 0.013098 -0.182224 0.300919 0.165299
-0.048597 0.059550 0.002474 0.035027 0.030746 -0.005153
0.004662 -0.012424 0.028897 -0.095036 0.033373 -0.355532
0.062365 -0.061045 0.011644 -0.245324 0.069623 0.365534
0.000018 -0.001629 -0.001360 0.000301 -0.035470 0.070260
-0.019416 0.021979 -0.014234 0.081245 -0.187314 0.133185
-0.024142 -0.011825 -0.042140 0.042602 -0.128156 0.027494
-0.006689 -0.004950 0.009879 -0.044427 0.061694 -0.042049
-0.049077 0.035202 -0.008621 -0.059796 -0.146071 0.027515
0.054423 -0.036548 0.001170 0.367320 -0.195595 0.132862
-0.008187 0.019122 -0.018893 -0.099951 -0.201691 0.013930
0.002891 0.009985 0.009380 0.209575 -0.253972 -0.115198
-0.002136 0.010123 0.039888 0.189535 -0.125661 0.059372
0.070326 -0.010748 -0.011561 0.087938 0.020502 0.017594
0.014505 -0.018766 -0.006858 -0.264025 -0.063222 -0.072938
-0.001810 -0.022314 -0.014336 -0.012030 -0.025334 -0.053525
-0.060350 -0.024267 -0.061980 -0.196201 0.219248 0.102042
0.036322 -0.024165 -0.018328 0.071027 0.107795 0.001641
0.034384 -0.064159 -0.018672 0.092093 0.045075 -0.047469
-0.043815 -0.038934 0.041144 -0.005864 -0.356993 -0.222966
0.029099 -0.040178 -0.023687 0.317997 0.348294 -0.263084
-0.032821 -0.009046 0.003363 -0.143296 0.184798 -0.288484
0.000010 -0.000175 -0.000015 -0.025348 -0.209418 -0.108110
0.018467 -0.008754 -0.026807 -0.159581 -0.017297 -0.079997
0.009877 0.020436 0.008341 -0.173274 0.166322 -0.143462
