-0.008320 0.010916 0.021467 0.156065 -0.102356 0.059197
0.052167 -0.039052 -0.014088 -0.030850 0.105914 -0.023917
-0.018424 0.023915 0.020675 -0.077653 0.086476 -0.074325
-0.019284 0.001991 -0.020354 -0.264871 0.231433 0.328800
-0.009446 0.001454 0.035922 0.247547 0.264650 0.057376
0.027240 -0.026243 -0.023872 -0.095964 0.108375 0.031373
0.003754 0.071369 0.070148 0.076611 -0.093842 -0.057689
0.072816 0.050341 -0.016499 -0.061075 -0.129857 -0.328372
0.011868 0.010501 0.016153 0.028577 0.055612 -0.019332
-0.043060 -0.066298 0.031211 -0.047779 -0.024881 0.165959
0.027993 -0.080386 -0.043072 -0.296475 0.168895 -0.038554
0.010678 0.002418 0.006666 0.289002 -0.333021 0.097840
-0.035268 -0.008785 0.007628 0.123546 -0.088234 0.122531
-0.005002 -0.005560 0.004345 -0.079718 0.090016 -0.054812
0.005555 0.005733 -0.005154 -0.323959 0.377800 0.108828
-0.003286 -0.005833 -0.024728 0.176723 -0.194496 0.218374
-0.032933 -0.033742 -0.026252 -0.043760 -0.048851 0.012075
0.011244 0.003317 0.012144 -0.010593 -0.004150 0.002417
0.017245 -0.025340 0.021688 -0.066644 -0.004053 0.026052
0.027255 -0.031307 0.023468 0.098611 -0.105085 -0.232111
-0.001904 -0.011801 0.004973 0.164770 0.114791 0.065224
0.025001 0.059240 0.038214 0.007313 -0.002547 -0.002617
-0.020389 -0.003453 0.020787 0.058475 0.044032 0.057910
0.040001 0.007159 -0.038795 -0.041284 0.098604 0.015933
0.031587 0.005053 0.015422 -0.240890 0.105832 -0.304574
0.005967 0.012088 0.002989 -0.106667 0.100920 -0.077689
-0.026715 0.016621 0.020642 -0.157255 0.133817 0.071551
-0.016261 0.015352 -0.054430 0.036361 -0.289976 0.266254
0.006984 0.002912 -0.004248 0.099329 0.065686 -0.125508
0.039190 0.010477 0.059909 0.027177 -0.009916 0.093847
0.027293 -0.013407 0.015606 -0.275644 -0.185257 -0.125331
-0.004366 0.006028 -0.009928 -0.091335 -0.045849 -0.020152
0.036248 -0.042206 0.051805 -0.003231 0.092359 0.075575
0.001367 0.000353 -0.001110 -0.071763 0.265775 0.293030
0.016997 -0.028294 0.074973 0.109984 0.206222 0.224195
0.021128 -0.029496 -0.060390 0.071418 0.020305 0.020141
-0.000591 -0.001503 -0.004424 -0.329034 -0.029880 -0.193921
-0.010613 0.004454 0.011564 -0.142327 -0.183285 -0.144570
0.084261 -0.002724 0.064393 0.120324 -0.138273 -0.366827
-0.004183 0.018807 -0.018170 -0.019895 -0.037909 -0.011123
