0.010044 -0.006500 -0.006810 -0.220389 -0.103878 -0.096182
-0.000533 -0.024532 -0.015125 -0.027162 0.194888 -0.175508
-0.022353 0.030457 -0.023425 -0.186089 -0.106941 -0.190480
-0.000249 -0.000298 -0.000040 0.088120 -0.180062 -0.197501
-0.033820 -0.050381 0.054993 0.106838 -0.030490 -0.095733
-0.018895 -0.003669 0.006523 0.245768 -0.089387 -0.197530
0.002276 0.012378 0.019053 0.060782 -0.026775 -0.035919
-0.025250 -0.026477 -0.007784 0.060903 -0.046038 0.152450
-0.015975 -0.009028 0.007338 0.040328 -0.002635 -0.015677
-0.000438 -0.024606 -0.023720 0.103181 0.104594 -0.120817
-0.019300 0.054693 0.036032 0.023671 0.024038 0.090513
-0.039871 0.024472 -0.041764 -0.013351 -0.017757 -0.006974
0.058005 0.008594 -0.005893 -0.095262 -0.001072 0.048308
0.024032 -0.003443 -0.027516 -0.077783 0.139029 0.082419
0.020671 0.002830 -0.025764 0.028508 -0.027843 0.027482
0.004105 0.023409 0.018775 0.286000 0.256476 -0.318603
-0.006175 -0.003729 0.006833 0.192126 0.104157 0.038836
0.056526 0.012049 -0.014749 0.231850 -0.001802 -0.091852
0.005400 0.000515 0.003873 -0.140214 -0.151285 -0.071223
-0.077950 -0.054260 0.006330 0.056696 0.038105 0.032802
-0.001318 -0.001947 -0.018687 0.209957 0.103170 -0.142818
0.017569 -0.048142 -0.009520 0.109396 -0.081150 0.120073
-0.074312 -0.022665 0.034179 0.112198 -0.163280 -0.182619
-0.009352 -0.037037 -0.037744 -0.182343 0.040143 -0.064317
0.026610 -0.016277 0.017383 -0.058085 0.060598 0.080572
0.029900 -0.019296 -0.046802 -0.357855 -0.055425 -0.071549
0.014837 0.023809 -0.015402 -0.101285 -0.492393 -0.335923
-0.022657 -0.012627 0.005111 -0.106573 0.107657 0.333060
0.005749 0.009979 0.026378 -0.022861 0.000334 0.032752
-0.053452 0.050733 0.078106 -0.008437 0.010955 0.017423
-0.009961 -0.013682 0.019066 -0.024282 -0.052394 0.043588
0.026278 0.005686 -0.012713 0.012991 -0.017145 -0.031641
-0.012367 -0.037578 -0.004552 -0.014556 0.001200 0.101654
-0.015003 0.026335 -0.002444 -0.125698 0.032040 0.033655
0.005956 0.009415 0.007074 0.041830 -0.139449 -0.052590
0.018575 -0.002181 -0.005993 -0.338647 0.110397 -0.192057
-0.056517 -0.037485 0.002233 -0.147663 0.141838 -0.106496
0.026030 -0.000574 0.011110 0.115623 0.229325 0.150643
0.013266 -0.026686 0.028554 -0.280509 -0.183373 -0.290577
0.004200 -0.001901 -0.006971 -0.007204 0.160655 -0.315242
