0.001015 -0.001018 -0.000308 0.286910 -0.241956 0.290338
-0.006611 0.008712 0.003353 0.022212 0.020271 -0.228649
-0.006558 0.007197 -0.007882 0.012841 -0.078337 -0.089218
0.054432 0.008668 -0.005523 0.159909 0.000992 -0.072613
-0.001846 0.006199 0.001187 -0.038296 0.191774 -0.004283
0.047692 0.043778 0.054342 -0.025207 0.040645 -0.024835
0.014021 0.000489 -0.008941 0.336139 0.391658 0.082674
-0.016597 0.027121 -0.003539 -0.092935 -0.030160 -0.088250
-0.030520 0.001069 -0.008024 -0.179307 -0.150766 -0.111414
-0.026970 -0.028267 -0.003404 -0.108313 -0.062694 -0.091044
0.028552 0.043048 -0.057148 -0.224601 -0.210672 -0.295649
-0.052416 -0.047312 -0.002484 0.001097 0.007497 -0.015680
-0.001758 0.010047 -0.017510 0.454400 0.228672 0.294535
0.060240 -0.019812 -0.062707 0.099346 -0.092510 0.048613
-0.009801 0.003771 -0.003220 0.153749 -0.357501 0.420337
0.055902 -0.000364 0.046986 -0.149940 -0.034295 -0.244288
0.004226 -0.001937 0.000419 -0.163957 0.167924 -0.153998
-0.000085 -0.000509 -0.001013 0.023125 0.013307 0.023754
-0.041976 0.044160 -0.016619 -0.195380 -0.327618 0.327574
-0.059461 0.017863 0.024629 -0.104056 -0.035009 0.229601
0.008298 0.036652 -0.034612 -0.023435 -0.017872 0.028966
-0.003903 -0.000573 -0.006527 0.334945 0.017763 0.003657
0.023775 -0.017710 0.065732 0.202769 -0.121051 0.230027
-0.008577 -0.018328 0.019902 0.066482 0.014798 -0.060187
0.054906 0.041146 -0.043214 0.089531 -0.025856 -0.047593
-0.025346 0.024132 0.047072 -0.039328 0.034602 -0.197789
0.048862 -0.061288 -0.024130 0.089538 -0.050339 0.109713
-0.001927 0.016362 -0.023083 -0.007280 -0.174235 -0.079109
0.034483 -0.020421 0.026951 -0.027328 0.079959 -0.085618
-0.001911 0.011590 -0.001260 0.021288 0.067675 0.023329
-0.009208 -0.003876 -0.011782 -0.244241 0.132831 0.185524
-0.071619 0.055936 -0.052526 0.135143 0.037502 -0.256974
-0.002232 -0.002643 -0.000052 0.083551 -0.078353 0.197736
0.017042 -0.008180 0.000177 0.012896 -0.005151 0.000236
-0.020328 0.044828 -0.008437 0.300677 -0.062337 0.061787
0.043633 -0.016613 -0.017302 -0.183753 0.111225 -0.193726
-0.016421 -0.019864 0.016138 -0.213093 -0.211464 0.106738
-0.008854 0.001872 0.007825 -0.067973 0.077947 0.303963
-0.059790 0.033094 0.019676 0.064488 0.264926 0.101766
0.000963 0.009635 -0.006974 -0.236011 0.163540 -0.233969
