0.020172 0.012625 -0.005598 0.003580 0.157915 0.108497
0.007939 0.021103 0.033844 0.079253 0.078580 0.166935
-0.050558 0.046866 -0.058850 -0.076036 -0.446238 -0.282577
0.016393 0.004783 0.003522 0.094839 0.279541 0.308315
0.044981 -0.045747 0.013184 -0.073779 -0.300043 0.467722
-0.000957 0.001093 0.005017 -0.019468 0.019570 -0.016975
-0.019195 0.043851 0.038140 -0.006975 0.017243 0.005917
-0.003554 -0.019163 -0.012619 0.274917 0.017298 -0.307015
0.003492 -0.006872 -0.004230 0.105670 -0.033585 0.160815
0.020250 0.018506 0.014232 0.013077 0.001702 0.010507
-0.044655 0.037574 0.020357 -0.138765 -0.261420 -0.219569
-0.029150 0.018430 -0.011887 -0.047819 -0.107379 -0.138444
-0.006859 0.005879 0.018842 0.104818 -0.063297 0.120419
-0.001037 -0.008440 0.004917 -0.055319 -0.180944 -0.390832
0.003362 -0.002142 0.016156 -0.194671 0.145777 0.077117
-0.014460 -0.041968 -0.024841 -0.037277 -0.109721 -0.414839
0.010870 0.039578 -0.033918 0.170294 0.186380 -0.107458
-0.023638 -0.035894 0.050753 0.023090 -0.176724 -0.159035
-0.033707 0.023560 -0.042233 0.000758 -0.279279 -0.441262
-0.023587 -0.007280 0.012089 -0.030019 -0.052596 0.017053
-0.038724 -0.021475 -0.018537 -0.204539 0.239485 0.178998
-0.008961 0.000564 0.011597 0.128089 -0.120599 0.075734
-0.016110 -0.055820 0.049174 0.078693 0.007782 -0.010077
-0.046018 -0.022438 -0.001566 0.034934 0.020010 -0.027285
-0.032017 0.031308 -0.022751 -0.464013 -0.311903 0.221260
-0.023592 -0.013358 0.004945 0.064840 0.006517 -0.040382
0.007524 0.004195 0.006198 0.223125 -0.096144 0.166178
0.055164 -0.021286 -0.034300 -0.049351 0.037221 -0.033165
0.014756 -0.076335 -0.016314 0.102020 0.094001 0.452567
-0.009618 -0.025395 0.004762 0.027957 -0.025256 0.014638
-0.021378 -0.041558 -0.028810 -0.016059 -0.010309 0.008291
0.057762 -0.072870 -0.018631 -0.315723 0.401288 0.176259
0.065780 -0.007805 0.023689 0.031605 0.189223 -0.310197
0.013763 0.008033 0.032915 0.070674 0.149869 -0.188744
0.040814 -0.008803 -0.006351 -0.004202 0.005747 0.011444
0.005655 -0.005713 -0.005421 -0.148929 0.230763 0.213831
0.042473 -0.042075 0.019935 -0.269616 -0.358323 -0.040111
-0.014970 -0.033493 0.039326 0.044105 -0.062579 -0.052964
0.005541 -0.007748 0.002317 0.134065 -0.106524 -0.132204
-0.015147 -0.032492 0.041480 -0.004832 0.406332 0.278416
-0.008449 -0.006224 -0.032153 0.136165 0.036771 -0.133456
