-0.012222 0.000974 0.018995 0.039418 -0.038513 0.019166
-0.005179 -0.006504 -0.003056 -0.086402 -0.115321 -0.060004
0.033639 0.002262 0.060977 -0.320373 0.101176 0.072881
-0.029992 0.012111 0.025235 0.187582 0.148157 0.059894
0.021099 -0.029147 -0.022357 0.079238 0.064622 -0.205145
0.000536 0.000172 0.021595 -0.232869 -0.401376 -0.286676
0.067663 -0.005466 -0.024376 0.052575 0.267082 0.181918
0.013629 -0.016207 -0.011405 -0.116047 0.067621 0.198719
0.003943 -0.005393 0.019371 0.099660 -0.406819 0.061387
-0.009156 0.004905 0.013116 0.091098 0.035191 0.205297
-0.001288 -0.004844 0.009380 0.171718 -0.115992 0.156101
0.033799 -0.009259 -0.038831 -0.396923 -0.260153 0.188672
-0.026352 0.055597 0.047035 0.011173 0.281495 0.199921
-0.019374 0.032478 -0.007000 -0.015279 0.071820 -0.053114
-0.001942 -0.015587 0.000969 0.078974 0.130510 0.320044
-0.007374 0.008912 -0.033559 0.141156 0.073425 -0.063816
-0.000052 -0.000680 -0.000807 0.029672 0.025426 -0.000737
-0.009158 -0.001485 0.001726 0.338132 0.074923 -0.040861
0.003307 0.007456 -0.013603 0.020249 0.000290 -0.018335
-0.044919 -0.014674 -0.050906 0.020117 0.001784 -0.098782
-0.010503 0.017678 0.011750 -0.152856 0.070387 -0.082826
-0.036856 0.038532 0.034953 0.006334 0.215962 0.187489
-0.017670 -0.033599 0.005760 0.125855 0.116218 0.148870
0.016580 -0.019648 -0.033759 -0.302362 0.398066 -0.321938
0.002602 -0.020986 -0.018069 -0.277097 -0.181018 0.430344
0.004436 0.001568 0.005595 0.015439 0.007718 0.015976
0.057796 -0.000665 0.023259 -0.017438 -0.016850 0.006124
0.017682 -0.015504 0.016499 -0.001470 0.002536 -0.003804
0.008608 -0.004796 0.009816 0.432280 -0.400711 0.234132
-0.020177 -0.021001 0.031554 0.115885 -0.121585 0.191707
0.006774 -0.001052 -0.011535 0.066089 -0.057455 -0.056957
0.005478 0.002358 -0.005733 0.065155 -0.020751 0.005727
-0.000728 0.014147 0.008268 0.131112 0.131405 -0.140577
-0.018322 -0.000426 -0.014084 0.241371 0.098259 0.104365
0.038386 0.027294 -0.008612 -0.182887 0.175603 -0.054739
-0.002995 -0.018613 -0.005655 0.322755 0.232076 0.324173
0.000933 -0.001826 0.000243 -0.063757 0.307125 0.363241
0.027385 0.012388 0.014297 0.018788 -0.006134 -0.054265
-0.022794 -0.007103 -0.071914 -0.127598 0.133576 -0.143161
-0.016240 0.008431 0.011455 -0.044313 0.047069 -0.046082
