-0.048272 0.028241 0.039028 0.123480 0.172183 -0.010164
-0.014872 0.030812 0.011985 0.171719 0.201020 -0.208305
-0.056451 0.035361 0.006619 0.011263 -0.006362 0.008036
0.036111 -0.003706 -0.017127 -0.144322 -0.086183 -0.088472
0.015079 -0.017824 0.008312 -0.172552 0.388982 -0.210430
-0.044372 -0.012415 -0.005208 0.060417 -0.021606 0.035113
-0.015818 -0.009333 -0.006728 -0.046567 -0.059544 -0.084647
-0.007420 0.011093 -0.037624 0.032414 -0.285398 -0.290755
0.018530 0.003445 0.002801 0.038340 0.017820 -0.007125
0.010989 -0.030868 -0.000761 -0.155525 0.294922 -0.013646
-0.031282 0.034315 -0.013271 -0.090038 0.073143 0.097762
-0.030001 0.002855 -0.023674 0.059602 0.249903 -0.269427
-0.005126 -0.004208 -0.000885 0.002951 0.115150 -0.114942
0.010218 -0.028974 -0.004322 -0.165331 0.015432 0.049107
-0.018310 -0.034868 0.033148 0.034950 -0.039872 0.110899
0.047773 0.008243 -0.026130 0.281946 -0.380957 -0.351653
0.007992 -0.011348 -0.001574 0.017624 -0.008411 0.003910
0.027484 -0.009525 0.046971 0.142891 0.086140 -0.208915
0.054005 0.015652 -0.005224 -0.259349 -0.290173 0.162840
-0.016859 0.028776 0.010628 -0.008789 -0.042489 -0.060229
-0.061959 -0.062599 0.000512 0.213594 0.069356 -0.406377
0.004943 0.012264 0.013983 -0.024538 -0.118520 -0.011998
0.010574 0.024636 0.024520 0.024358 0.031484 -0.086852
-0.058301 0.075456 -0.038191 0.039375 0.143588 -0.058086
-0.030440 0.006296 -0.032446 0.235083 0.308712 0.092300
0.001455 0.000685 0.005944 0.207207 0.090932 -0.144029
-0.012388 0.011035 0.016130 0.270193 -0.184364 -0.309590
0.002046 0.010316 -0.012575 -0.169114 0.015544 0.166965
0.001065 -0.001463 -0.000889 -0.056541 0.026307 0.053396
-0.002708 -0.000089 0.012976 0.199987 0.269227 0.170390
0.012824 0.086062 0.020512 -0.121002 -0.011889 -0.374005
-0.011982 -0.012689 -0.003751 -0.344765 -0.245060 0.267443
-0.047729 0.028220 0.065044 0.000175 -0.000026 0.000711
0.001876 0.001996 0.003169 -0.017205 0.143461 0.176614
0.008295 -0.003906 -0.021708 -0.114211 0.109837 0.088004
-0.050601 -0.040031 -0.003270 -0.020200 0.050300 -0.104942
-0.001981 -0.001937 0.000464 -0.057638 -0.103367 -0.126546
-0.019004 -0.027479 -0.022970 -0.017281 -0.108912 -0.021237
0.021084 0.007561 -0.052330 0.067031 -0.061803 -0.032600
-0.007544 0.003735 0.008756 0.004425 -0.049930 0.010372
