0.001668 0.008630 0.007047 0.104402 0.106747 -0.098394
-0.003578 -0.060009 0.054552 0.409178 0.372717 -0.125200
-0.007982 -0.013695 0.008246 -0.041515 -0.124536 0.073553
0.048339 0.010241 -0.040924 -0.164745 -0.201445 0.184335
-0.029336 0.014063 0.011307 0.079367 0.301144 -0.280757
0.047160 0.079055 -0.043219 -0.122850 -0.055892 0.127110
0.014643 0.046765 -0.001472 -0.099467 -0.114396 -0.040479
-0.021743 -0.045714 0.000938 -0.234451 0.446018 0.246439
-0.005353 -0.007216 -0.010078 -0.105820 -0.068298 -0.005587
0.020642 -0.007216 0.021566 -0.254534 -0.298474 0.365708
0.040596 -0.075358 -0.027491 -0.132416 0.108976 -0.053115
0.009207 -0.001780 0.006961 -0.002612 -0.001552 -0.001562
-0.065632 0.069386 0.032060 -0.053010 -0.046280 -0.006872
-0.042062 0.014066 0.038169 -0.158349 0.264829 -0.295782
0.013502 0.004866 -0.009736 -0.070579 0.280187 -0.285252
-0.004749 -0.011013 0.014914 -0.051527 -0.174331 -0.207420
0.013438 0.015263 -0.040684 0.193095 0.109688 0.040947
-0.023703 -0.003568 0.015671 0.233519 -0.005673 -0.247412
0.048940 -0.006361 0.027250 -0.346641 0.051224 -0.211289
-0.008621 -0.014536 0.048930 0.464810 -0.075437 0.424316
0.020550 0.082837 -0.082773 -0.042445 -0.201373 -0.417050
0.001078 -0.004655 0.010528 0.421792 -0.385517 0.312938
0.018810 0.006260 0.023368 -0.036077 -0.067152 -0.030814
-0.037231 -0.016449 0.031840 0.032106 0.050564 -0.054187
-0.012903 0.005336 0.007220 -0.334226 0.151999 0.214039
-0.026310 -0.018599 -0.023421 -0.311560 0.197267 -0.061808
-0.031168 -0.012091 0.010712 -0.329741 0.217845 -0.310489
0.032098 0.048985 0.010834 -0.016261 -0.077964 -0.159727
-0.040201 -0.059219 0.054729 -0.030776 -0.174071 0.167551
0.000563 0.002430 -0.002970 -0.252812 0.207997 0.011311
-0.030357 -0.001472 0.046189 -0.006033 -0.008458 -0.055426
-0.066024 -0.042818 -0.061073 -0.051060 0.174583 -0.107022
0.033378 0.005068 -0.024920 0.226218 -0.391620 -0.232197
0.055529 -0.061903 -0.008224 0.061199 0.031744 -0.086876
-0.016001 -0.007817 0.000361 -0.027947 0.025846 -0.002419
-0.001085 0.047518 -0.042340 0.217462 -0.222841 0.066140
-0.036131 -0.006572 -0.036103 -0.379456 0.153811 -0.124757
0.077893 0.043152 0.063428 -0.001971 -0.002011 0.002290
0.022631 -0.001647 0.020304 -0.277484 -0.222169 0.181082
-0.004455 0.037947 0.007694 -0.150187 0.073734 -0.033542
