-0.005728 -0.018932 -0.026760 0.081326 -0.133098 0.153665
-0.014999 -0.012505 -0.005888 -0.070933 0.064301 0.004401
0.072967 -0.008738 -0.066257 -0.023996 0.039274 -0.013172
0.005646 -0.015781 0.004417 0.264922 0.211173 -0.129880
-0.000572 -0.049176 -0.028708 0.034334 0.002381 0.002235
-0.010241 -0.017027 -0.013594 -0.002213 0.050743 -0.217614
0.006048 0.008976 -0.009697 0.045433 0.070813 -0.026044
0.003647 0.001686 0.000140 -0.404878 0.135383 0.184299
-0.025323 0.006702 0.032907 -0.271456 -0.219576 -0.222792
-0.013643 0.035915 0.001346 -0.026818 0.079459 0.020708
-0.019425 0.033581 0.002796 0.009694 -0.018604 0.017529
0.002550 -0.008507 -0.000574 0.219196 -0.045573 0.204215
0.078695 0.056334 0.019919 0.075821 0.397723 -0.030212
-0.017445 0.007088 0.011592 -0.068937 0.309722 -0.162013
-0.039253 0.015973 -0.048427 0.042083 -0.012728 -0.000761
0.016272 0.008922 -0.002001 -0.003963 -0.006428 0.032721
-0.039934 0.035513 -0.034085 -0.322778 -0.091693 0.062385
0.077769 0.003388 -0.030142 -0.001151 0.000659 0.002105
-0.020586 -0.004373 0.015034 0.336026 -0.065588 -0.187278
0.026690 -0.010122 0.030293 -0.168376 -0.178838 -0.112047
-0.010096 -0.018398 -0.005714 0.080729 -0.093997 0.034771
0.003504 0.029555 0.012922 -0.136591 -0.015555 -0.270242
0.077881 0.045893 0.057152 -0.138490 0.050407 -0.282677
0.050377 -0.049259 -0.066973 -0.049068 -0.036099 0.058878
-0.000147 -0.000499 -0.000304 0.130316 0.015032 -0.184191
0.011945 0.018475 -0.001660 0.010753 -0.030130 -0.012974
0.006166 -0.008602 -0.014495 0.003261 -0.077950 0.031900
0.024324 -0.038293 -0.044023 0.103051 -0.001232 0.023921
-0.002934 0.014171 -0.008772 -0.055857 -0.042494 -0.195118
-0.000214 -0.002996 0.001976 0.343247 -0.081581 -0.154595
0.028329 0.043588 -0.047738 0.173115 0.279540 0.279294
-0.024918 -0.016511 -0.018834 -0.126341 -0.033088 -0.079043
0.004070 -0.034227 0.015536 -0.021125 -0.187130 0.016011
0.016134 0.007177 0.013218 0.169542 0.016701 -0.106764
0.046478 -0.032554 0.013757 0.001041 0.004223 0.000596
0.013928 0.017697 -0.034471 0.268685 -0.339332 0.399785
-0.013840 -0.008814 -0.014208 -0.161038 0.122362 -0.066009
0.030355 0.052105 -0.019973 0.028179 0.054489 0.012320
0.069771 -0.078462 0.060914 0.007765 0.097604 0.043338
0.010251 -0.025573 -0.015892 0.028882 -0.017040 0.045762
