0.003473 0.001661 0.004717 0.213513 -0.255941 -0.301454
0.005409 0.000141 -0.002285 -0.031566 0.120498 -0.123950
-0.020468 0.005865 -0.006664 -0.071603 -0.016526 -0.099117
-0.056316 0.002193 0.045024 0.058765 0.101345 0.067717
0.001867 0.035396 -0.021270 -0.016088 -0.067472 -0.070936
0.039031 0.011857 -0.016726 -0.070744 -0.101042 -0.229486
0.019675 0.020068 -0.017496 0.107575 -0.162394 0.128649
-0.000051 0.000144 -0.000246 -0.247303 -0.041992 -0.140182
0.026632 0.015323 -0.047645 0.035066 -0.049561 -0.020717
-0.008810 0.020917 0.049712 0.076121 -0.105670 -0.005949
0.009472 -0.008356 -0.008422 0.116818 0.025339 0.020704
0.016833 0.035118 0.030398 0.069097 -0.129646 -0.092569
0.033888 0.081593 -0.039506 0.107607 0.039620 0.160247
-0.000762 -0.021950 -0.016514 -0.060042 0.437104 0.279078
-0.009248 -0.012405 0.003858 -0.128599 -0.235000 0.092500
0.017718 0.027615 0.045459 -0.040373 -0.020751 0.014212
-0.050809 -0.018411 0.050194 0.028849 0.140196 -0.123981
-0.071878 0.057084 0.025011 0.336491 -0.214779 -0.201261
-0.020170 0.005360 0.000798 0.211867 -0.062173 0.090655
0.010476 -0.015563 0.024554 -0.045574 -0.172219 -0.008522
0.042104 0.037733 -0.005196 0.057750 0.091216 0.099908
-0.072796 0.077474 0.022023 -0.002836 0.052567 0.022593
0.060431 0.024526 0.001119 0.000150 0.000063 -0.000376
0.028996 0.030157 -0.003487 0.067650 -0.010253 0.158877
0.005740 -0.001522 0.025691 -0.024446 -0.084830 0.044884
0.016321 -0.005978 0.033408 -0.169158 0.196823 0.251298
0.019247 0.016317 0.003599 0.023166 -0.029052 -0.006049
0.003791 -0.032369 0.045188 0.204401 -0.354613 -0.125252
-0.058069 -0.069659 0.024386 -0.047490 -0.064491 -0.052989
-0.020068 0.006840 -0.010332 -0.306000 0.354791 0.290949
-0.000174 -0.005323 0.011172 -0.102732 -0.118504 0.135378
-0.056580 0.013984 0.001079 0.068260 0.131567 0.049302
-0.047097 0.038272 0.009789 -0.061189 -0.087224 0.082009
-0.018507 -0.022892 0.010199 -0.351327 -0.294917 0.108600
0.059013 -0.016382 -0.021237 -0.116279 0.091341 0.236938
-0.006892 0.005458 -0.003045 -0.276774 -0.271710 -0.299237
-0.010202 0.008445 0.019411 -0.067565 -0.004881 0.064949
0.013705 0.008541 0.026209 -0.021847 0.230109 -0.211367
0.001797 0.006535 -0.003087 0.041781 -0.311848 -0.027040
-0.033169 0.009724 -0.027489 0.009909 -0.019735 0.040904
