0.038670 -0.024199 -0.009735 0.069264 -0.036477 -0.153912
-0.028844 -0.027016 -0.049890 -0.125703 -0.033506 -0.042223
0.002285 0.010504 0.002596 -0.008402 -0.010269 0.002646
-0.008509 0.045199 -0.039207 0.109358 0.113708 0.065736
0.074483 -0.026579 -0.028453 0.044957 0.006211 -0.015040
-0.048529 -0.036291 0.019796 0.012654 0.009991 -0.005240
-0.044725 -0.046537 0.020729 0.121200 0.146836 0.061110
0.008922 0.000221 0.019528 -0.080469 0.037010 -0.012403
-0.001978 -0.000052 -0.002441 0.018701 0.038367 0.150172
0.026640 0.039676 0.007331 0.034362 0.005392 0.247625
0.029908 0.083705 -0.023605 -0.152279 0.134877 -0.077276
-0.065203 0.035876 -0.019573 0.116224 -0.103426 -0.263477
0.039007 -0.012647 -0.023369 0.303543 -0.055769 -0.199459
-0.003787 -0.023777 -0.028791 -0.031955 -0.066847 0.054123
0.042756 -0.009671 -0.012943 0.142483 0.168150 0.253337
-0.031211 -0.018699 -0.042583 -0.168200 -0.297617 -0.121461
0.055910 -0.005793 -0.054848 -0.048231 -0.267257 0.032391
0.063973 -0.012089 -0.026747 -0.009277 -0.054381 -0.021232
-0.009961 -0.000201 -0.022598 0.061172 -0.112157 -0.046381
0.018950 -0.017454 0.002077 0.003615 -0.031062 0.004224
0.027124 0.030064 0.046617 0.017490 0.075754 0.086710
0.031487 0.053277 -0.013033 0.249829 0.230741 -0.017120
-0.058902 0.022916 0.007843 0.184508 0.025755 -0.182302
-0.009812 -0.007986 0.005020 0.002030 0.001827 -0.000079
0.010942 0.031023 0.018249 0.210773 -0.011953 0.158109
-0.039519 0.002638 0.049594 -0.070620 -0.024838 -0.053991
0.024980 0.034320 0.031461 -0.021978 0.031862 0.223200
0.024876 -0.002651 -0.022714 0.191520 -0.395612 0.450018
-0.000068 0.000174 0.000016 -0.360480 -0.215738 0.121654
0.017632 0.059798 -0.016392 0.157347 0.007103 -0.046176
0.007111 -0.013430 0.011731 -0.108936 0.112635 0.097764
-0.054213 0.043890 0.036090 -0.001056 -0.083641 -0.062908
-0.032812 0.057994 -0.003036 0.144158 0.105614 -0.107167
0.018570 0.025511 -0.007609 0.022025 -0.055594 0.027271
-0.014465 0.004923 -0.024832 -0.111418 -0.264318 0.003426
-0.028933 0.006627 -0.027622 -0.311996 -0.321914 -0.437251
0.011668 0.057893 0.054657 -0.104837 0.045352 0.048964
-0.063551 0.032545 -0.041223 0.166245 -0.249061 -0.150968
0.030887 -0.024505 -0.015652 -0.382268 -0.374546 -0.150329
0.005050 -0.001583 -0.006603 0.122118 0.371232 0.095574
