-0.039761 -0.052487 0.040851 -0.283404 -0.116540 0.272295
-0.032275 0.048462 -0.018948 0.073706 -0.006617 -0.108244
0.019113 -0.025959 -0.016861 -0.216109 -0.321106 -0.109921
0.025523 0.017698 -0.021344 0.154641 0.306191 0.216007
0.020310 0.023163 -0.024709 -0.345050 -0.242178 -0.063860
-0.027995 0.048015 -0.017694 0.136774 0.022054 -0.032873
-0.007938 -0.021665 -0.012822 0.161320 -0.148130 -0.257577
0.017301 -0.009142 -0.050274 0.218179 -0.129092 -0.058927
0.001926 -0.056079 -0.069651 -0.375534 0.239497 0.295880
-0.006400 -0.010172 -0.007401 0.035339 -0.067630 -0.096747
0.081527 0.015404 0.025133 -0.002034 0.001955 0.001118
-0.048313 -0.034021 -0.017242 0.129061 0.080544 0.038574
0.011864 -0.066759 -0.032690 -0.001507 -0.044605 -0.049609
-0.029660 0.000137 -0.018435 -0.427410 0.185686 -0.220726
-0.004482 -0.043824 -0.044391 -0.061960 -0.186604 -0.057694
-0.021862 -0.012827 -0.029576 -0.244652 -0.235955 0.116321
0.064788 -0.015335 0.066482 -0.091870 0.202849 -0.111411
0.015605 -0.042410 0.034659 -0.183436 -0.041119 -0.114902
-0.006401 -0.008918 -0.019310 -0.131130 -0.426356 0.248578
-0.054436 0.015666 -0.011961 -0.050859 0.035174 0.033424
0.009161 -0.019310 0.017469 0.189914 -0.204622 0.190222
-0.028273 -0.006651 0.008045 -0.037154 0.028544 0.075069
0.013377 0.020918 0.023604 -0.045370 -0.002493 -0.075769
-0.057549 0.018266 -0.031218 -0.136616 0.081196 -0.161672
-0.001007 -0.006879 0.008371 0.204839 0.243366 0.308295
-0.017261 0.012569 0.008265 -0.047632 -0.162800 0.042798
0.010175 -0.016929 0.028461 0.245276 -0.459291 -0.103605
0.003823 0.002238 -0.015332 -0.060913 -0.009469 -0.050170
0.020046 -0.007164 -0.021876 -0.041232 -0.033442 -0.095413
0.000462 0.000120 -0.000297 0.082771 0.084589 -0.015841
-0.042029 -0.003966 0.046366 -0.059345 -0.183466 -0.432719
-0.001678 -0.003748 -0.002249 -0.324843 0.123667 -0.182292
-0.057763 0.027575 0.059848 -0.314098 -0.024078 -0.168675
-0.047914 0.011820 0.026292 -0.014057 0.001811 -0.009312
0.005343 -0.010493 0.015379 -0.000715 -0.000971 -0.001647
0.037099 0.026398 -0.012405 0.045562 -0.021217 0.015420
-0.013355 0.005395 -0.008909 -0.028626 0.006013 0.076254
-0.023508 0.050425 0.067796 0.147915 -0.311372 0.139774
-0.004792 -0.010837 0.000706 0.323548 0.088664 0.226087
-0.001784 0.007182 0.008371 0.450632 -0.072111 0.096561
