-0.007840 -0.007982 0.009893 0.354879 -0.242667 0.443474
0.000715 -0.004117 0.050424 0.177966 -0.210481 -0.183308
-0.002893 0.014441 0.007997 -0.231035 -0.080121 -0.242045
0.020148 0.005910 0.000695 -0.125211 -0.121200 0.184553
-0.006702 -0.002092 -0.007728 -0.035965 -0.008782 0.065108
0.008731 0.049177 -0.002728 0.079131 0.016616 -0.137700
0.008090 -0.000908 -0.007031 0.332008 -0.338128 0.151425
-0.068603 -0.005443 -0.068732 0.011493 0.048352 -0.046071
0.053696 -0.043224 0.000225 0.210962 0.194013 -0.298211
-0.000508 0.003784 -0.004229 0.218666 -0.027178 0.139042
0.000227 0.000126 -0.000178 -0.010479 0.001474 -0.016108
-0.004632 0.066166 0.035326 -0.150870 0.020687 0.105329
0.002158 0.025536 0.011991 0.149564 -0.172139 0.104768
0.062979 0.049294 0.026711 0.062569 0.159832 -0.007171
0.001802 -0.022311 -0.031141 -0.002331 -0.067605 0.038798
-0.019253 0.027826 -0.043620 -0.027231 -0.064075 -0.048976
0.071466 -0.016914 -0.056229 -0.330192 -0.154045 0.147604
-0.052604 -0.014591 0.060706 0.167791 -0.194667 -0.265070
-0.057475 -0.071558 -0.079939 0.000542 0.003472 0.000090
-0.023316 0.026216 0.028963 -0.044330 -0.142748 -0.036232
0.018038 -0.033805 0.074660 -0.024666 0.025046 0.001683
-0.003228 -0.006918 0.003713 -0.028267 -0.156672 0.190706
0.001630 -0.000772 -0.000783 -0.413943 0.392912 -0.202799
-0.003047 -0.006882 0.006512 -0.201998 0.007143 0.362012
-0.020044 0.009670 0.007798 -0.102736 0.155517 -0.024217
0.001065 -0.000533 -0.000738 -0.106927 -0.005538 0.041920
-0.000744 0.012885 0.020191 0.100077 -0.032381 -0.086680
-0.042026 0.006322 0.047077 -0.007218 0.014253 0.002568
-0.005740 0.001910 -0.003426 -0.057439 0.061674 -0.097220
0.006941 -0.008229 0.001384 0.016935 0.038495 0.010241
0.009732 0.002401 0.019188 0.101491 -0.135516 0.134685
0.014389 -0.016152 -0.008986 0.023491 -0.082728 -0.004058
-0.010372 -0.010465 -0.025637 -0.151727 -0.097938 0.027301
0.021701 -0.030396 -0.006242 0.019028 -0.092582 0.098986
-0.048733 0.018200 0.047087 -0.013486 0.103629 -0.083993
-0.007753 -0.008748 -0.002161 0.075770 -0.059897 0.137938
-0.006176 -0.002791 0.004791 0.012161 -0.041928 -0.000918
-0.003085 -0.001852 -0.004594 -0.005355 0.007466 -0.006890
0.039592 0.010853 0.006813 -0.160049 0.196936 -0.001226
0.000247 0.024386 0.023316 0.216414 -0.053440 0.332763
