0.014493 -0.002451 0.011832 0.202421 0.118023 -0.071470
0.030032 -0.060897 -0.037166 0.023786 -0.096496 -0.074419
-0.011234 -0.004196 0.005093 -0.041322 0.054604 -0.024243
0.000754 0.002568 -0.002335 0.343329 -0.438288 0.342880
0.017717 0.046305 -0.043615 -0.246430 -0.089646 0.225652
-0.043981 0.014062 -0.023715 -0.107945 -0.146570 0.171346
0.001704 -0.003221 0.000859 -0.072368 0.027961 -0.048323
-0.020383 0.019160 -0.015355 0.026599 -0.040059 -0.034824
-0.074746 -0.042186 0.001730 -0.192777 -0.064114 0.299516
0.021622 0.004811 -0.004811 0.221630 -0.302853 0.200420
-0.044581 0.028273 0.004517 0.013323 0.014318 0.001956
-0.006570 -0.006362 0.003327 0.000744 0.001982 0.002645
0.003011 -0.003075 -0.001235 0.005919 -0.029261 0.135282
0.000727 -0.001056 -0.000038 -0.110423 0.328227 0.348298
0.062294 0.053709 -0.061711 0.007504 -0.020545 0.021640
-0.026757 0.009172 0.036011 0.216271 0.102816 0.099791
-0.022513 -0.050889 -0.002083 0.215769 0.284833 -0.314659
0.036788 -0.030160 -0.054013 -0.157391 0.094766 -0.080183
0.004163 0.050248 -0.049003 -0.233779 0.216038 -0.212485
0.015588 0.045881 0.002181 -0.086784 -0.148841 0.207146
-0.041326 -0.027900 -0.050718 -0.051631 -0.268013 0.407535
0.005617 -0.033628 0.002608 0.262354 0.147529 0.212805
-0.012690 -0.039482 0.055828 -0.284528 -0.274370 0.173790
0.012115 0.025436 0.030450 -0.037794 0.071420 0.151936
0.021353 -0.012541 -0.016266 -0.053904 -0.129177 0.233126
-0.004573 -0.007378 -0.006332 -0.055730 -0.067677 0.094287
-0.024026 0.059426 -0.060203 -0.009690 -0.129494 0.091794
-0.034260 -0.042313 -0.038112 -0.112529 0.008642 -0.167158
0.051192 -0.049515 -0.044793 -0.075723 0.229522 0.038647
-0.019226 0.008811 -0.010274 -0.042325 0.224669 0.163713
-0.053185 0.066029 0.012248 0.026136 0.021811 -0.014127
-0.035680 -0.018248 0.030092 -0.377205 -0.236905 -0.248819
0.012086 -0.021210 -0.016914 0.109065 0.313838 0.355185
-0.016631 0.016195 -0.034003 0.337777 0.063794 0.296719
0.024508 0.002562 0.010416 0.023200 0.197979 -0.289813
0.010976 0.028975 -0.012170 0.302030 0.147245 0.004046
-0.030481 -0.052617 0.065995 -0.152341 0.073428 -0.039453
-0.004696 -0.000907 0.051203 -0.247508 -0.224652 -0.149303
-0.009771 -0.013004 -0.016182 0.095115 -0.257630 0.218061
0.026013 0.005489 -0.024191 -0.055502 0.059167 0.002505
