0.012304 -0.011632 -0.010452 0.082356 -0.059696 0.197123
-0.021536 0.056339 -0.034454 -0.155464 -0.291533 0.041298
0.027590 0.012511 0.023059 0.176131 0.250723 -0.071913
-0.010881 0.013818 0.006539 0.155354 -0.023324 -0.177734
0.000188 -0.000097 0.000183 -0.130363 -0.106134 -0.143304
-0.004121 -0.004546 0.006070 0.180715 0.342134 -0.255378
0.013599 0.015982 -0.013741 -0.030909 0.230696 0.239140
0.050177 -0.016090 0.050924 0.017257 -0.092256 -0.082768
0.023725 -0.031582 -0.010195 -0.301532 -0.324644 -0.255722
0.066155 0.042551 0.006304 -0.171725 0.075700 0.275628
-0.008143 0.033172 -0.025616 -0.017436 0.046922 0.027795
-0.005030 -0.008397 -0.000718 0.011786 0.014175 -0.005408
-0.030211 -0.030656 0.041189 -0.053005 -0.061222 -0.180546
0.031798 -0.023507 -0.008074 -0.115936 -0.203267 -0.303054
-0.002501 0.002309 -0.003413 -0.332786 0.382457 0.023562
-0.018443 0.012448 0.004663 0.120686 0.092661 0.058267
0.014725 -0.006081 0.048161 -0.117569 -0.050218 0.055133
-0.004716 0.025498 0.002802 0.006475 -0.023514 0.027281
0.011161 -0.007233 0.007147 0.324086 0.155985 -0.245231
-0.024781 0.045245 -0.067972 0.053907 0.078097 0.059250
0.037224 -0.017973 -0.026565 -0.174430 -0.003278 -0.260225
-0.001526 0.002948 -0.000710 -0.180575 -0.198860 0.276478
-0.000240 0.001771 0.001440 -0.170400 0.080356 0.002067
0.004933 -0.016263 0.016560 -0.027802 0.122553 -0.345095
-0.005743 0.018935 0.007675 0.201414 0.305045 -0.404568
0.035129 0.028269 -0.012035 0.102082 -0.022104 0.039779
-0.050603 -0.018863 -0.022964 -0.051971 0.056420 0.139288
0.017272 0.019682 0.044219 -0.149694 -0.361538 -0.076899
0.042345 0.063469 0.015898 0.067496 -0.096716 0.081164
-0.047722 -0.006203 -0.004187 -0.000767 -0.018298 0.005379
-0.014705 -0.022032 -0.007773 0.201371 -0.362622 -0.353488
0.028459 0.003994 0.047758 -0.117148 0.072247 -0.120232
-0.024067 0.000984 0.019924 0.171975 0.161711 0.059098
0.004452 0.011622 0.016612 0.246599 -0.049698 -0.007955
-0.000773 -0.000645 0.000674 0.181003 -0.297893 0.358337
-0.010771 0.058002 -0.031462 -0.121306 -0.236381 0.094053
-0.009447 -0.005398 0.061224 -0.108710 0.236168 -0.039813
-0.024500 -0.003637 0.012700 0.205716 -0.076927 -0.181944
-0.047076 -0.000814 0.037604 -0.031969 -0.021285 0.053392
0.010922 0.042972 0.026424 0.001797 -0.004286 -0.007114
