-0.054117 0.043093 0.033097 0.269943 0.185788 -0.348860
-0.010439 0.050896 0.049715 0.130917 -0.208699 -0.111276
-0.034762 -0.053021 0.030017 0.430791 -0.055343 0.302493
-0.037218 0.005682 0.003796 0.081641 0.015534 -0.134349
0.020746 0.029373 -0.031321 0.333360 -0.192516 -0.297755
0.001308 -0.012352 0.014825 -0.145947 0.366781 -0.123765
0.010884 0.032306 0.029212 0.023785 0.005460 -0.026117
0.006987 0.009879 0.000015 0.032909 0.180267 0.185398
-0.036544 -0.020117 -0.019236 0.001206 0.036990 0.275397
-0.013938 -0.016173 -0.031212 -0.173131 -0.096825 0.251675
0.015376 -0.052378 -0.071980 0.139401 0.029631 -0.023627
0.018518 -0.055833 0.012923 -0.410362 -0.036238 -0.299444
-0.003722 0.033719 0.052924 -0.009498 -0.000579 0.017926
0.007178 -0.011685 -0.001392 0.272564 0.021438 0.047008
0.019693 -0.033869 -0.041695 -0.131882 -0.219991 -0.259030
-0.073391 -0.061020 0.035471 0.078443 0.033911 0.282610
-0.018243 0.024920 -0.032739 0.223334 0.018563 -0.120351
-0.001407 -0.000829 0.005346 0.202132 -0.254904 -0.009108
0.003387 -0.020954 0.019779 0.132597 -0.371495 0.291226
0.003840 0.062027 -0.000588 -0.111104 0.382145 -0.082356
-0.054154 0.011082 -0.036641 -0.236858 0.193234 -0.248550
-0.034206 0.005216 0.018732 -0.291579 -0.124800 0.248998
-0.016518 -0.009078 -0.012380 0.161384 0.393158 -0.167287
0.052142 0.017165 -0.014954 -0.002635 -0.134890 0.429210
-0.017852 -0.020254 -0.001914 0.020659 -0.247308 0.052901
0.011596 -0.018549 -0.019991 -0.052109 0.009695 0.020576
-0.042218 0.051375 -0.023523 -0.172306 -0.320582 -0.047083
0.016394 -0.001872 -0.004262 -0.188584 0.267855 -0.114785
-0.004773 -0.000170 -0.000562 -0.110768 0.351243 -0.079426
0.018246 -0.033991 0.061834 -0.002951 -0.176359 0.079091
0.004555 -0.003207 -0.013518 0.185468 -0.249345 0.249072
0.002939 -0.000642 -0.001800 0.011126 0.008427 -0.000573
-0.007615 0.003197 0.000987 -0.013922 0.118189 0.064158
0.047486 -0.043875 0.047200 -0.240295 -0.220670 0.394732
0.047104 0.013935 0.046299 -0.046964 -0.030913 -0.062828
-0.059825 0.040609 -0.019662 0.035533 -0.026895 0.109063
0.026434 0.054892 0.010074 -0.112236 0.074410 -0.175198
-0.000044 0.001166 0.002545 -0.180358 -0.242230 0.003607
-0.005950 0.007766 0.001317 0.100974 0.180778 0.420923
0.031760 -0.001921 -0.012445 0.042110 0.001171 0.048146
-0.012834 -0.017920 -0.070253 -0.286610 0.275111 -0.245394
