0.009828 0.028016 0.009126 0.006406 0.000595 0.000681
0.002183 -0.003167 0.002715 -0.013405 0.031429 -0.026005
0.005896 0.002725 -0.017316 -0.145106 -0.293774 0.327094
0.011421 0.010909 -0.015226 -0.067954 0.002258 -0.012107
0.041406 0.044657 -0.004537 0.356138 -0.397124 -0.222964
-0.019763 -0.003747 -0.052429 -0.397385 -0.096053 -0.354031
-0.062763 -0.009761 -0.024233 -0.000646 0.009836 0.002847
0.071424 0.047317 -0.022392 0.042085 -0.084447 -0.256752
-0.020288 0.006355 -0.001738 -0.006550 0.034312 0.008290
-0.040638 0.068089 0.047968 0.010264 -0.021801 0.046166
-0.007131 0.015844 -0.016252 0.280056 0.092495 0.303804
-0.005099 0.002867 0.003738 0.036421 0.008735 0.130419
-0.005186 -0.004736 -0.024101 -0.360097 0.233046 -0.191803
0.021250 -0.001844 -0.047780 -0.159062 -0.028675 -0.274860
-0.039098 0.028735 -0.042599 -0.183862 0.222939 -0.043849
0.001237 0.005190 -0.001671 0.149895 0.082582 0.403843
0.031288 0.024493 -0.012478 -0.007436 -0.007789 0.014954
-0.025851 -0.025083 -0.040991 -0.241533 -0.371022 -0.067141
0.010907 0.017379 -0.019534 0.158466 0.125313 -0.186801
0.010167 -0.001318 0.005808 -0.135353 0.055978 -0.114761
0.007236 0.006967 0.005950 0.057861 -0.023931 -0.041910
-0.016924 0.000874 -0.012328 -0.063404 0.281149 -0.204368
0.007534 0.015366 0.004341 -0.150589 0.079809 0.080927
-0.011646 0.006117 -0.026790 -0.055239 0.166541 -0.066021
-0.027944 -0.005511 -0.002943 -0.083179 -0.149498 -0.101020
-0.018054 0.038899 0.027147 -0.133120 0.066763 -0.046544
0.009099 0.009411 -0.002148 0.115536 -0.077311 0.094413
0.000264 -0.000971 -0.000905 0.010017 -0.002812 -0.006906
0.002109 0.011258 0.000761 0.152980 -0.294737 0.206219
0.038415 0.034130 -0.042178 0.166633 -0.011524 -0.129488
-0.031439 0.023734 -0.003272 0.021811 0.126573 0.025735
0.018186 -0.029753 0.028965 0.083340 0.181006 0.230798
-0.000335 0.000040 -0.000465 0.028947 -0.072259 0.003692
-0.014397 0.031928 0.025852 -0.088971 0.110721 -0.111792
-0.053949 0.042840 -0.010991 0.019417 0.009837 -0.021060
-0.022768 0.026869 0.010070 -0.065067 -0.022643 -0.051949
0.006738 0.020308 0.028305 -0.020589 -0.227683 0.301367
-0.072049 0.045621 0.058343 0.121893 -0.024354 -0.113070
0.009885 -0.022825 0.011312 -0.300357 -0.223072 -0.209775
0.003479 0.008605 -0.031598 0.432619 0.005881 -0.260119
