0.025314 -0.027436 -0.021966 -0.101577 0.072919 0.312552
0.016448 -0.059238 0.066686 -0.425381 0.325287 0.420968
0.017628 0.014482 -0.025234 -0.241123 -0.321820 0.029367
0.001137 -0.000160 0.000947 -0.180456 -0.008432 0.002367
-0.006499 -0.010179 0.011955 0.285182 0.012740 0.202025
-0.016397 -0.022749 -0.016890 -0.216721 0.002165 0.061861
-0.003481 -0.005653 -0.002736 0.051091 -0.001874 0.117282
-0.011376 -0.007016 0.006510 -0.007922 -0.034620 0.017297
-0.001101 -0.002484 0.006564 0.007270 -0.328794 -0.077606
-0.014692 0.001065 -0.003508 -0.039550 -0.291022 -0.081388
0.023218 0.004406 -0.028685 -0.006442 0.019257 0.165677
0.029440 -0.046445 0.024309 0.005983 -0.018995 0.012875
0.055593 0.038642 -0.039373 0.263165 -0.265182 -0.121028
0.004227 -0.000568 0.001843 -0.372392 0.282247 -0.239658
-0.012067 0.022739 0.030448 0.243598 0.207223 0.049210
0.013459 0.000415 0.016094 -0.166652 -0.002166 -0.189558
-0.018632 0.010781 0.058334 -0.009149 -0.006974 -0.003237
-0.000352 0.002422 0.003102 0.063964 0.316581 -0.025904
-0.002938 0.000963 0.000695 -0.016931 -0.067853 0.131017
-0.035597 0.034665 -0.027990 0.004526 -0.040657 -0.042168
-0.001508 -0.002293 0.013508 0.129442 0.027885 0.128980
0.013220 -0.000339 0.000266 -0.020734 0.133107 -0.439802
-0.033502 -0.004323 0.006037 -0.152616 0.209692 -0.133687
0.025483 -0.025659 0.016441 -0.012835 0.000964 -0.001202
-0.022958 -0.014672 0.053977 -0.083400 0.063055 -0.089150
0.014724 0.072554 -0.054596 -0.067495 0.116083 0.079066
-0.015489 -0.017936 -0.022653 0.040205 0.111569 -0.112280
-0.061535 0.076650 -0.038665 0.290806 0.025554 0.104610
-0.067213 -0.050532 -0.015818 0.088637 0.159590 -0.138902
0.044195 0.001033 0.083812 0.119520 -0.070171 -0.008353
-0.018649 0.061903 0.045644 0.070994 0.139307 0.115508
0.013804 -0.045205 -0.047107 0.116598 -0.036193 0.111934
0.005630 -0.005159 -0.012771 0.049346 0.108988 0.172939
-0.028068 -0.063988 -0.066788 0.000488 0.003006 -0.001928
0.014251 0.068032 0.025707 -0.217145 0.128929 0.171044
0.034651 -0.062159 0.021525 0.325022 -0.059648 -0.191464
-0.008954 0.027617 0.012142 -0.089614 0.128987 0.154092
0.000010 -0.008137 0.010667 0.004005 0.197481 0.146640
0.071748 0.043865 -0.047188 0.101274 -0.176511 0.180941
-0.042863 0.033701 0.010834 0.104334 -0.260009 0.083357
