-0.010910 0.030776 0.028743 0.350497 0.045526 -0.001525
-0.014791 -0.035575 -0.001461 -0.205762 0.053327 0.048514
0.042396 -0.011704 0.019963 0.096418 -0.277549 -0.159436
-0.042046 -0.038457 -0.049643 -0.288219 -0.262827 -0.228246
-0.061070 -0.028859 -0.030279 -0.206667 0.247160 -0.223845
0.008458 0.018050 0.002691 -0.021444 0.003409 -0.033662
0.013787 -0.021857 -0.014816 -0.138711 0.227334 -0.112570
-0.005779 0.005793 0.000660 -0.034025 0.257256 -0.103889
-0.007657 -0.025533 0.005237 -0.007292 0.101995 -0.037055
-0.005172 0.003543 -0.004944 -0.279811 0.270080 -0.301963
0.008530 0.024728 -0.032198 -0.072888 -0.039374 0.009137
0.012675 0.016568 0.012059 0.209537 -0.204118 -0.125805
0.026057 -0.013427 -0.005034 0.435800 0.379854 0.174751
0.075785 0.040011 -0.057330 -0.286070 0.173613 -0.033598
0.081885 -0.014052 -0.027044 -0.012287 0.011671 -0.011130
0.006800 0.047447 -0.024849 0.069994 -0.252709 0.399370
0.005782 -0.007743 -0.019721 0.010827 -0.072847 0.170803
0.033125 0.004322 -0.058927 0.166782 -0.007288 0.124838
-0.001125 0.028779 -0.021599 -0.154325 -0.242834 -0.243991
0.046486 -0.043108 0.017720 -0.341805 0.324513 0.089381
0.025238 0.014272 0.016076 -0.284104 -0.338003 0.250807
0.001299 -0.001860 0.006328 0.016902 -0.254540 -0.037002
-0.017378 0.065872 0.074988 -0.037913 0.016201 -0.046629
-0.009788 0.009193 0.002813 -0.032382 -0.040471 -0.028988
-0.020861 -0.017002 -0.004219 0.007236 0.208069 0.093619
0.006836 0.004465 -0.001945 0.149844 -0.073403 -0.080319
-0.010616 -0.011509 -0.008985 -0.272117 -0.390288 -0.278461
-0.001975 -0.075591 -0.077715 -0.105292 0.349368 -0.361093
-0.024872 0.010915 0.014060 0.006740 0.004516 0.004573
0.016896 0.047641 0.013869 0.198851 0.209098 0.337437
-0.021043 0.021512 -0.025286 0.138210 -0.077694 0.143233
0.069129 -0.029832 -0.048541 -0.000534 -0.004405 0.003575
-0.010120 -0.029428 -0.005299 0.262497 0.199894 -0.117033
-0.007550 0.005293 -0.005978 -0.004583 0.019126 0.027941
-0.016448 -0.022117 -0.017068 -0.325149 0.048265 -0.039975
-0.048050 -0.051493 0.050111 0.365773 0.103872 -0.178809
0.031098 0.024080 0.034197 -0.098178 0.266232 -0.101855
0.004128 -0.004487 -0.001687 0.074452 0.354891 -0.360157
-0.004964 0.005447 0.003108 -0.009181 -0.100244 -0.034078
-0.020803 0.003849 -0.019067 0.088277 -0.000267 0.119796
