-0.015480 0.001205 -0.013038 -0.009121 -0.037629 -0.000715
0.064949 -0.048942 0.030108 0.321768 -0.358503 -0.184483
-0.049174 -0.034282 0.003326 0.323197 -0.380109 -0.343899
-0.003781 -0.043837 -0.060630 0.002787 0.024283 0.034824
-0.007833 -0.006909 0.006810 0.152447 -0.331865 -0.204399
0.019231 -0.034232 -0.024637 0.118277 0.157793 0.016486
0.013415 -0.015844 0.015447 -0.205246 0.158344 -0.274707
-0.003224 -0.055351 0.031260 -0.189007 0.108371 0.272399
0.057055 0.039034 -0.023484 0.212968 0.279473 -0.108470
-0.025340 0.005722 -0.043264 -0.185915 0.221250 0.251375
0.008949 -0.034833 0.007062 0.219064 -0.292602 0.277693
-0.009670 0.026330 -0.037043 0.040712 0.077571 0.089978
-0.015768 0.013264 -0.009068 -0.016448 0.039922 -0.014880
0.015538 -0.015897 0.006274 -0.178975 0.392364 0.177160
0.003094 0.019048 0.012408 0.286032 0.127346 0.130136
0.029407 -0.007743 0.013908 0.191918 0.188164 0.114918
0.049647 -0.059469 -0.076626 -0.029481 -0.104436 0.138814
-0.000468 -0.041943 0.002423 -0.174574 -0.047452 0.159495
0.015767 0.061653 0.061526 -0.002552 0.000497 -0.002340
-0.053792 0.055687 -0.044169 0.308440 -0.319418 0.111143
-0.026013 -0.008576 0.005535 -0.051467 -0.066597 -0.040631
-0.017582 -0.010682 -0.005022 -0.163618 0.137954 0.095656
-0.002157 -0.003399 0.004018 0.048943 -0.076412 -0.088746
0.020733 -0.012250 0.021537 0.054587 -0.089886 -0.269342
0.011452 -0.002584 -0.003294 0.015937 -0.053457 -0.041751
0.048745 -0.002459 0.049792 -0.259420 0.124645 -0.172814
0.044166 -0.044813 -0.015747 0.240569 -0.042446 0.054858
-0.035793 0.006970 0.035273 -0.414190 -0.078785 0.213317
0.015627 -0.009772 0.011109 -0.142301 -0.460140 -0.168134
0.007731 -0.007205 0.003618 -0.184964 0.002228 -0.165811
-0.004277 0.004650 -0.013071 0.030832 -0.120350 -0.070951
0.037420 0.029734 -0.008962 0.080823 -0.143766 0.119047
0.000355 -0.026573 -0.030096 -0.204101 -0.058662 0.286834
-0.008863 -0.017058 -0.001727 -0.014165 -0.023607 -0.016401
0.068358 0.012122 -0.040035 -0.119712 -0.069970 0.182435
-0.005073 -0.020031 -0.028851 -0.119226 0.346117 0.297722
-0.047407 0.042171 -0.030154 0.020185 0.025638 0.017264
-0.031099 -0.004675 0.007752 -0.095601 0.071951 -0.046606
0.017195 0.004141 0.016600 -0.109140 0.099860 -0.098179
-0.024547 0.015784 -0.032030 -0.007944 -0.395179 -0.394693
