-0.000519 0.000435 0.001913 0.029871 -0.078332 0.002560
0.021095 -0.026051 -0.012418 0.075696 0.058474 -0.069544
0.051219 -0.042293 0.043067 -0.381562 -0.232628 0.442252
0.045706 -0.016887 0.024032 -0.018254 -0.013329 -0.030360
0.070787 0.062141 0.071011 0.091004 -0.183811 0.460728
-0.004341 0.035453 0.000035 -0.000271 -0.000215 -0.000347
0.005676 0.019320 0.053726 0.174632 -0.270522 0.098073
0.029426 -0.002546 0.010615 0.245829 0.322241 0.168762
-0.056571 0.048085 -0.029351 -0.232976 0.186988 -0.151155
-0.005766 0.004614 -0.018116 0.397363 0.270702 -0.288028
-0.021348 0.018659 0.040970 -0.042983 0.068204 0.025897
-0.054249 0.015775 -0.000741 -0.085410 0.076486 -0.227654
0.001128 -0.001227 -0.000464 0.075852 -0.066252 -0.114745
-0.015327 -0.016844 0.019335 0.038952 -0.023053 0.223383
0.046066 0.015680 -0.023268 0.020897 -0.012155 0.147653
-0.009266 0.011374 -0.002301 -0.244222 0.153420 0.273129
0.000663 0.020417 0.010651 0.018683 -0.072429 0.019382
0.023219 -0.008896 -0.012434 -0.003344 0.015766 -0.183370
0.028018 -0.007001 -0.061862 -0.051422 0.015259 -0.160721
0.000957 0.005274 0.005161 0.096100 0.170768 0.016737
0.028572 -0.016221 -0.013868 0.033599 0.032980 0.063905
0.038541 -0.070206 -0.053596 0.049080 -0.026499 0.006753
0.009499 -0.023077 -0.006298 -0.164285 -0.196468 -0.426628
0.003143 -0.006511 -0.003212 -0.021660 -0.032229 0.084318
0.054326 -0.038306 -0.004754 0.216548 0.217732 0.113628
0.020067 -0.006232 0.022524 -0.233082 -0.205887 -0.126574
0.004059 0.010278 -0.004283 -0.458892 0.438041 0.350527
0.004258 0.014069 0.011004 0.009488 0.016309 -0.008106
0.033412 -0.052101 0.021911 0.133788 -0.129799 0.091576
-0.039070 0.005911 0.010712 0.108509 0.310524 0.224160
-0.040268 0.040126 -0.055243 -0.416990 -0.322801 -0.100012
0.007579 0.013102 -0.002213 -0.068279 0.154334 -0.052575
-0.044687 -0.023425 -0.023159 0.131944 -0.014120 0.042467
0.059140 -0.017754 0.068286 0.004891 -0.032441 -0.007104
-0.020606 -0.024880 -0.018911 0.018622 -0.067997 -0.133480
0.031497 -0.012153 -0.018554 -0.041279 0.038176 0.126548
0.000122 0.000346 -0.000403 -0.061201 -0.019156 -0.105322
0.035081 -0.017872 -0.024598 0.002419 -0.001529 0.000898
-0.011944 0.009324 0.005252 -0.026955 -0.117837 0.075343
0.035019 -0.028888 0.019422 0.442328 0.456706 0.236057
