-0.019309 0.041547 0.029072 -0.063030 -0.046276 0.071809
-0.044687 -0.030064 -0.000641 -0.036294 0.029606 0.035211
-0.022937 -0.038848 -0.069340 -0.127672 -0.022548 0.000573
0.043614 0.033109 0.017158 0.059868 -0.021495 0.076124
-0.012879 -0.055474 -0.003583 -0.035578 0.017809 0.024675
0.022157 -0.016820 0.045621 -0.064641 -0.056758 -0.109198
0.017397 -0.003777 0.030083 0.058201 0.070803 -0.076599
0.036281 -0.051063 0.021171 0.300662 -0.061675 -0.064995
-0.035757 -0.008244 -0.012755 0.285427 0.062268 0.195314
0.010069 -0.012702 0.004685 0.145024 -0.161850 -0.003234
-0.066569 0.031670 0.017892 0.168894 -0.121627 0.023958
-0.015770 0.011837 0.038464 0.146915 0.019267 -0.043116
0.007533 -0.011291 -0.003207 0.016414 -0.036771 0.036735
0.032983 0.005626 0.004483 0.333071 -0.121933 -0.150396
0.005404 -0.026629 -0.019813 -0.099861 0.470434 -0.182054
0.001565 0.017747 -0.006645 0.006045 -0.019110 0.006161
-0.010318 0.007505 -0.014430 0.006820 0.003708 -0.000492
0.050899 0.043897 0.002451 0.001019 0.013815 0.006523
-0.048506 0.020993 0.063611 -0.055419 -0.170470 0.148181
0.012223 0.015552 -0.019639 -0.093980 0.154268 -0.051796
-0.012109 -0.004622 0.000393 0.001350 -0.068222 -0.033470
0.022561 0.005302 -0.004655 0.033107 -0.375912 -0.075556
-0.007425 -0.005650 -0.015889 0.153894 0.187782 0.196535
-0.020260 0.008990 0.032772 -0.037036 0.011336 -0.099133
0.011897 0.005394 -0.009678 0.004196 0.001504 0.006824
0.075879 0.079257 -0.024392 -0.082876 0.432506 0.201153
0.001901 0.049910 -0.019389 0.434926 -0.028623 -0.379992
0.005784 0.002029 0.006801 -0.215188 -0.256748 0.045939
0.023504 0.066931 0.057173 -0.104100 -0.038874 0.063271
-0.031275 0.027583 -0.009068 0.368312 -0.105329 0.286624
-0.045167 0.014479 -0.011750 -0.029298 -0.078611 -0.049027
-0.027863 -0.037740 -0.023829 -0.097790 0.057450 0.001489
0.004433 0.026241 0.025372 -0.229260 0.310616 -0.220171
0.000406 0.001444 -0.001303 -0.044214 0.022627 -0.004044
-0.004779 0.003268 -0.006916 -0.121117 -0.180957 -0.066950
0.041295 0.006037 -0.016137 -0.355471 0.247117 -0.063758
0.071974 0.037608 0.067838 0.050510 0.044981 0.006956
0.012544 -0.002898 0.015115 -0.027235 -0.088716 0.039519
0.006890 0.005052 0.018130 -0.125883 -0.068499 0.114528
