-0.021522 -0.013511 0.024030 0.064018 -0.065106 0.060677
0.047210 0.029246 -0.037091 -0.260385 -0.204538 0.200071
-0.021535 -0.038320 0.003953 0.185136 0.253844 -0.249870
-0.001058 0.034698 0.027334 -0.062197 0.067034 -0.059424
0.057471 -0.005195 0.073016 -0.021102 -0.017414 0.011571
-0.010185 0.014962 0.013360 -0.156610 -0.128815 -0.005944
-0.056895 0.042763 0.000883 0.012646 0.012925 0.000188
0.002584 -0.000642 -0.010248 0.123216 -0.123674 -0.006491
0.037842 0.010697 -0.057588 -0.107941 -0.045642 -0.274453
-0.006552 -0.000766 -0.007678 0.135444 0.026641 0.112580
-0.011823 0.066326 0.075125 -0.093673 -0.271926 0.122001
-0.039226 0.079943 -0.041127 0.012880 0.019755 0.009264
-0.023680 0.012150 0.045196 -0.062291 -0.130663 0.094407
-0.040566 0.014121 0.070362 0.210631 0.415349 -0.369692
0.016096 0.005584 0.007620 -0.192480 -0.390388 0.072922
0.000226 -0.007909 0.034373 -0.021058 0.091678 -0.068492
0.001895 0.002338 -0.000760 0.003525 -0.019186 -0.005823
0.080681 0.001398 0.042172 -0.035536 0.017540 0.045634
-0.015586 0.014402 -0.016288 -0.038854 0.060003 -0.059102
-0.018771 0.015609 -0.015785 0.008223 -0.095455 0.128757
-0.064283 0.044594 0.012757 0.014002 0.041142 0.031331
0.004000 0.001547 0.001588 0.078207 -0.132953 -0.106229
-0.004965 -0.008122 0.005746 -0.095901 -0.030579 0.007866
-0.006175 -0.028938 -0.049845 0.325605 -0.290918 0.096056
-0.005684 -0.020562 0.034813 -0.033286 0.049701 0.086717
-0.011578 -0.012026 0.000952 0.006896 -0.001246 -0.002190
-0.001397 -0.003621 0.002970 0.004381 -0.026343 0.021903
0.006654 -0.010238 0.007498 0.049070 -0.050900 -0.003116
-0.006601 -0.000408 -0.020223 -0.371113 -0.310727 0.336627
0.046191 0.024069 -0.036421 0.008341 0.008202 0.000903
-0.005431 -0.009493 -0.011760 0.003381 0.022586 -0.009882
-0.006514 0.009322 -0.008156 0.094974 0.232721 0.172989
-0.014573 0.003008 0.001126 -0.030135 -0.048911 -0.030765
0.063270 -0.052040 0.066067 -0.172769 -0.119436 -0.152797
-0.011265 -0.008763 0.012889 -0.243766 0.006402 0.304525
0.034138 -0.027020 -0.040881 -0.024369 -0.148336 0.181009
-0.020649 -0.025768 -0.020458 -0.056486 -0.117804 0.080580
0.052472 -0.037072 -0.044974 -0.108912 -0.355635 -0.101190
0.008986 -0.006421 0.010460 -0.047808 0.007790 0.015735
-0.047257 0.035085 -0.043114 0.089353 0.174104 -0.152735
-0.060224 -0.026716 0.013272 0.022167 0.000565 -0.003096
