-0.001201 -0.006991 0.008699 -0.103832 0.338818 0.145482
0.006240 -0.001367 -0.001646 0.134314 0.269665 -0.067359
-0.073415 -0.055069 -0.003431 -0.002239 0.005848 -0.004307
-0.003752 0.005758 -0.009791 -0.074152 0.065318 -0.087759
-0.017173 0.012398 0.081388 -0.019357 0.010845 0.006105
0.023366 -0.019536 -0.002474 -0.167521 -0.068783 0.181800
-0.008725 -0.001703 0.022201 -0.052802 0.047829 -0.008560
-0.034317 -0.018184 -0.084505 -0.016378 -0.049271 -0.014104
-0.007182 -0.019829 0.007157 0.246647 -0.166340 -0.244011
-0.001730 -0.001111 -0.001630 -0.002454 0.022098 -0.008433
0.037965 -0.014656 0.043386 0.114851 0.109285 0.101501
-0.006040 0.009202 -0.002390 -0.050034 -0.062646 -0.083149
-0.050839 0.056594 -0.046041 -0.071544 -0.248277 0.165067
-0.035859 0.033417 -0.005693 0.049516 0.388126 -0.436932
-0.001143 0.074612 -0.059715 -0.284810 -0.071330 0.078309
-0.014123 0.015907 -0.007529 0.091969 -0.009522 0.094745
0.000256 -0.005114 -0.002343 -0.119265 -0.062165 -0.168812
0.002733 -0.000636 0.001377 -0.205131 -0.183042 -0.416379
0.011658 0.011961 0.007326 -0.021894 -0.062063 -0.117777
0.056707 -0.021399 0.006578 -0.324639 -0.420531 -0.082007
-0.014710 -0.033258 0.028855 -0.252272 0.285867 -0.077767
-0.040950 -0.026995 -0.015266 0.020971 -0.054553 0.006370
-0.031444 -0.026676 -0.017981 -0.173152 0.080203 0.090835
0.002527 -0.018671 -0.015350 -0.049295 0.021702 0.006876
-0.046386 -0.059672 0.018626 -0.195087 -0.154566 0.322359
0.001094 0.007094 0.029165 -0.197254 0.342658 0.077234
-0.009832 -0.008419 0.007164 0.001880 -0.002080 0.001317
0.073626 0.026794 -0.007196 0.033387 0.112583 -0.150022
0.022657 -0.068703 -0.047711 -0.099242 0.002029 -0.180117
-0.028126 -0.060549 -0.050516 0.077637 0.288387 0.273037
-0.057605 0.021502 0.022692 -0.057248 0.049030 -0.082061
-0.000384 -0.003681 0.000429 0.145847 -0.192323 -0.213643
0.034951 -0.043554 0.041094 0.085126 -0.023633 0.058445
0.013696 -0.010992 0.022093 0.117337 0.118249 0.068624
-0.000037 -0.020711 0.040727 -0.125387 -0.018689 0.016376
0.018971 0.048439 -0.017418 -0.182496 0.152688 0.114355
-0.024978 0.023376 0.001686 -0.079815 -0.035241 -0.103075
0.041054 -0.022407 0.040887 0.065123 0.026690 -0.060088
-0.034646 0.001547 0.033293 0.145411 -0.062145 0.028485
