-0.000144 -0.001928 -0.001209 -0.053648 0.057187 0.027073
0.026036 0.018679 -0.015140 -0.147810 0.156937 -0.020686
-0.002539 -0.059384 -0.003243 0.093403 -0.064648 -0.330275
-0.001092 -0.019056 0.027934 -0.291584 -0.093085 -0.105262
-0.007721 0.002220 -0.010636 0.066547 0.011547 0.080478
0.015390 -0.058861 0.000621 0.131676 0.017486 -0.065541
0.023844 0.045326 0.005771 0.000735 -0.006044 -0.016494
0.015090 0.011771 -0.033093 0.131631 0.198384 -0.151565
0.023325 -0.073662 -0.027685 0.279132 0.036541 -0.025259
0.000201 -0.002940 0.004108 -0.112924 0.435703 0.243334
-0.051575 0.025092 -0.043386 -0.024386 -0.026656 -0.029810
-0.021749 -0.003732 -0.001164 0.443697 0.404306 0.250815
-0.024581 0.057981 -0.017691 0.229153 -0.326795 0.354588
-0.018031 0.007932 -0.028441 -0.033449 -0.015060 0.058366
0.009891 0.070492 -0.005924 -0.028420 0.087835 0.010472
-0.022597 0.036938 0.013949 0.313391 -0.293196 -0.407666
0.025021 0.013186 -0.027099 -0.013733 0.012237 -0.028758
-0.035687 -0.015329 -0.037691 -0.037209 0.019873 0.068426
-0.027734 0.018757 -0.002086 0.139572 0.149594 -0.029677
-0.002079 -0.050595 0.034921 -0.349962 0.185826 -0.274951
0.066717 0.052967 -0.051043 0.173714 0.044076 -0.155448
0.004410 -0.021173 0.020527 0.001547 -0.226277 0.129237
0.003261 -0.003181 -0.004342 -0.111239 -0.007348 0.161375
-0.024189 0.014615 0.008370 -0.277981 0.260204 0.235462
0.021865 -0.004467 0.024469 0.027513 0.325793 -0.269597
0.060742 -0.050822 -0.011246 -0.360273 -0.161576 0.414232
0.001068 0.005775 -0.008254 -0.228568 0.142472 -0.278071
0.013786 0.002525 0.023253 0.034985 0.385451 0.318909
-0.022031 0.020665 0.018732 0.210354 -0.205028 0.231133
-0.000166 -0.002983 0.005437 0.288583 -0.310654 0.086426
-0.007243 -0.005271 -0.014190 -0.218401 0.205688 -0.024746
0.063829 0.047327 0.010824 -0.095984 -0.336201 -0.312553
0.004138 -0.034454 0.042838 0.048190 0.108328 -0.010737
0.032863 0.024885 0.029361 0.137450 -0.015915 -0.116476
-0.036786 -0.014471 0.028049 0.152300 -0.301547 0.363166
-0.020350 0.054690 -0.046671 0.038547 0.009300 0.103630
0.046955 0.061284 -0.053195 0.211407 -0.298662 -0.147714
0.058911 0.019727 0.035245 -0.058353 -0.000046 0.079457
-0.011994 0.027928 0.008690 -0.008299 0.005879 0.001996
-0.055840 0.066188 0.000331 -0.076353 0.050384 0.001312
