-0.004116 0.008383 0.000738 0.024944 -0.012191 0.002322
-0.058968 -0.025171 0.076756 0.028114 0.046957 0.041062
0.031848 0.014393 -0.041223 0.084112 -0.030452 0.013329
0.000311 0.002301 -0.001752 0.082590 -0.104475 0.075142
-0.016959 0.019105 0.016023 0.093331 -0.385918 -0.103041
-0.003983 -0.016577 0.034964 -0.184308 0.162522 -0.220087
-0.000303 0.000140 0.000270 -0.055612 0.316964 0.096609
0.037339 -0.046722 0.044601 -0.024452 0.001641 0.027316
0.064405 0.054752 0.022057 0.079013 0.007332 -0.109308
-0.005311 0.002447 -0.005120 0.109509 0.137561 0.167489
-0.003048 -0.001005 0.002876 0.353066 0.377040 0.049109
-0.023104 -0.018240 -0.017763 -0.254526 0.253809 -0.148221
-0.056681 -0.062514 -0.000645 -0.009078 0.191917 0.147776
-0.065632 0.052078 0.054810 -0.008049 -0.009276 -0.007504
-0.069335 0.032577 0.047437 0.080705 -0.302796 -0.330203
-0.019732 -0.024049 0.008048 -0.025816 -0.443754 0.169970
0.004197 -0.001335 -0.002214 -0.055028 0.018660 0.098249
-0.005612 0.007774 0.000760 -0.079551 -0.026887 0.036167
-0.038404 0.034121 -0.066870 0.185582 0.226751 0.211403
-0.004875 -0.003288 0.003138 0.030282 -0.023191 -0.062843
0.030087 -0.005463 -0.041489 -0.000375 0.003913 0.020951
-0.026854 0.013573 0.003669 -0.028141 -0.063985 -0.011019
-0.038637 -0.043335 0.052784 0.395631 0.293013 0.381245
-0.033228 -0.008780 0.043954 -0.281417 -0.218202 0.292451
-0.001679 0.007942 0.007192 0.048763 -0.158005 0.331517
-0.000321 0.000313 -0.000283 0.122959 -0.120471 -0.036345
0.006368 0.000030 0.002823 0.193415 0.049384 0.122259
0.023450 -0.013291 -0.012699 0.069621 -0.082595 0.021191
-0.034102 0.033412 0.021954 0.025432 0.097991 0.039083
0.036220 0.040581 0.000125 0.334268 -0.272023 -0.106526
-0.030955 -0.037664 -0.016909 -0.179215 -0.318501 0.124403
-0.024736 -0.023765 0.009962 -0.085340 -0.038090 0.007054
-0.021178 -0.016981 0.013597 -0.089178 -0.017979 0.101351
-0.017971 -0.000924 0.014832 0.144866 -0.119100 -0.093746
-0.015789 0.014477 0.017920 0.016169 0.030362 -0.018397
0.009732 0.003395 -0.008069 0.313398 -0.174673 -0.134442
-0.010521 0.013806 -0.018285 -0.092906 0.189166 -0.023366
0.073145 0.046784 0.017940 0.010660 0.015475 -0.014402
0.027769 -0.024428 0.009242 0.036066 -0.015629 -0.021805
-0.019717 0.023871 -0.007852 -0.036558 0.034056 -0.060797
0.033415 -0.027633 -0.019577 0.207457 0.034448 0.180802
