0.025596 0.008424 -0.005954 0.006824 0.065734 -0.031467
-0.033606 0.016490 -0.001673 -0.072413 0.088617 0.111055
0.059443 0.053986 0.066191 0.033691 0.004568 -0.001665
-0.024774 0.054351 -0.023086 -0.002530 -0.016715 0.054342
0.032420 -0.001244 0.055912 0.051210 0.084427 0.034693
-0.033077 0.045197 0.018802 0.019995 -0.003879 0.005387
-0.000053 -0.000214 0.000291 -0.017731 -0.225657 -0.252359
0.050668 0.012793 0.071390 -0.027884 -0.293393 -0.292943
0.012175 -0.029842 -0.016361 0.127070 0.120878 0.215289
0.027750 0.030729 -0.004790 0.207476 0.224788 -0.164216
0.029045 0.022616 -0.023095 0.055864 0.045330 -0.054687
-0.012848 0.016143 0.014149 -0.354775 0.054431 -0.118414
0.048002 -0.000422 -0.007908 -0.017732 0.021586 0.040426
-0.041423 -0.026408 0.010694 0.000769 -0.105141 0.089878
-0.023816 0.015410 -0.004919 -0.025266 -0.047049 0.030437
0.027052 0.022472 -0.017968 -0.000594 -0.014212 0.023043
0.003004 0.061886 -0.000282 -0.395475 0.160375 0.253368
-0.009716 0.001889 -0.008406 -0.180475 0.308836 0.087665
-0.032269 0.021840 -0.005926 -0.035572 0.200195 0.128818
0.052157 0.061096 0.060228 0.001449 0.024978 0.014591
0.002812 0.040110 0.027621 -0.316104 -0.174510 -0.261681
0.024179 0.072134 -0.013622 0.050347 0.038887 -0.042195
0.025015 0.005410 0.037934 0.050912 -0.096774 0.110354
0.005582 0.077835 0.023504 0.041053 -0.006113 -0.120784
0.018449 -0.013708 -0.021005 0.124704 -0.019060 -0.124737
-0.001005 0.000582 -0.000473 -0.035730 -0.116247 0.269177
-0.011990 0.000387 -0.018568 -0.118777 0.034945 -0.004609
-0.005922 -0.017880 0.026504 -0.414808 0.018125 -0.179774
-0.013068 -0.020451 0.005060 -0.022281 -0.037144 0.008216
0.004029 0.031350 0.000469 0.324271 -0.120321 0.328705
-0.020622 0.001044 -0.032978 0.116702 -0.212954 -0.305998
0.005061 0.058740 -0.049819 -0.038286 0.054245 -0.125969
0.000098 0.001224 -0.002303 0.367985 -0.403360 0.172214
-0.016124 -0.011052 -0.035055 0.112911 -0.160218 0.158927
-0.021680 -0.000472 0.043148 0.005984 -0.172119 0.050546
0.008377 0.028986 0.003242 0.117977 -0.373856 -0.205058
-0.055844 -0.036192 0.066286 -0.024954 -0.197275 0.329954
0.011867 0.007665 0.012090 -0.015232 0.010103 0.017554
-0.022224 0.011804 -0.002257 -0.002457 -0.085788 0.091813
-0.000358 0.001207 0.003210 -0.196221 -0.355190 -0.041967
