-0.019034 0.001446 -0.009700 -0.034091 0.004560 -0.028572
0.034500 0.005040 -0.050025 -0.006213 -0.000683 -0.009150
0.000683 0.008942 -0.006713 0.085461 -0.005129 0.060826
-0.002010 -0.015112 0.018311 0.027076 0.155259 0.100415
-0.079418 -0.048556 -0.064726 -0.020525 -0.010923 0.009784
-0.021759 -0.026622 0.015438 -0.145225 -0.286160 0.341813
0.075369 0.003791 0.019959 0.190465 -0.142185 0.071739
0.005556 -0.007344 0.000489 0.074623 -0.062488 -0.017075
0.012544 0.005086 -0.011598 -0.223421 -0.248832 0.217176
-0.002208 -0.003452 0.006527 0.011798 -0.022087 -0.002563
-0.034640 -0.013448 0.001490 -0.153492 -0.058597 -0.071105
-0.048666 -0.042449 -0.043745 0.072116 0.047453 -0.164391
0.009244 -0.027699 -0.035979 0.113384 0.018474 -0.121946
-0.048296 -0.029263 -0.023045 -0.155582 -0.010060 0.096212
-0.008351 0.003822 -0.001681 -0.125147 -0.031261 -0.098456
-0.008465 0.005457 0.002702 -0.389287 0.224636 -0.143394
0.013400 0.082682 -0.014379 -0.063257 -0.020358 -0.040191
0.020323 -0.016314 -0.015757 0.132194 -0.039136 -0.149930
0.017483 -0.037567 0.031040 -0.181498 -0.095023 0.353627
-0.060859 -0.023674 0.064396 0.018869 -0.237863 -0.085935
-0.002809 0.030139 0.050016 0.063391 -0.061382 -0.025366
-0.004638 -0.003783 -0.002330 0.434987 -0.201339 0.378255
-0.014552 -0.000880 0.013920 -0.066093 0.077020 0.067850
0.070388 0.056417 0.080315 -0.030896 -0.133848 -0.044708
-0.030720 -0.041932 -0.059976 0.098253 -0.127174 -0.326184
0.018828 0.014177 -0.007653 -0.088795 0.047802 0.070783
0.047733 -0.041554 -0.009341 -0.101813 0.005687 -0.157293
-0.000858 0.013187 0.027349 0.195794 -0.227504 -0.192896
-0.022887 0.040151 0.038340 -0.160464 -0.068828 0.044010
0.013632 -0.033723 0.016895 -0.090936 -0.034412 -0.039654
0.015430 -0.026848 0.071284 -0.099867 -0.024085 0.024430
-0.068575 -0.030326 -0.032023 0.226679 -0.244832 -0.002358
-0.023138 0.061785 -0.004149 0.140189 0.020876 -0.107352
0.004788 -0.030689 -0.023275 0.176286 -0.220923 0.100087
0.029616 -0.014411 0.016866 0.135233 0.020499 0.085826
-0.001278 -0.000942 0.000798 0.096139 0.055305 -0.036406
0.027698 0.002445 -0.035617 0.094621 0.380803 0.104323
-0.029044 -0.016796 0.021487 -0.338756 0.376781 0.430768
-0.012791 -0.010101 -0.015631 0.182281 0.171476 0.177087
-0.058337 0.059863 -0.030853 -0.292100 -0.152873 0.192326
