-0.013512 -0.006625 0.000302 0.375835 -0.025388 0.146476
-0.008176 0.011908 -0.009289 -0.098707 -0.060754 -0.015156
0.009947 -0.048275 -0.007807 0.004262 0.022460 0.038187
-0.004657 -0.008647 0.011299 0.076771 -0.053239 0.111523
-0.026518 0.003115 -0.002778 0.122409 0.065298 0.020855
-0.034833 0.052087 0.042047 -0.025415 -0.025700 -0.000886
0.025861 0.001665 0.047433 -0.209398 0.101640 -0.260193
-0.036253 -0.067159 0.079198 -0.275229 -0.131311 0.184802
-0.022764 0.012198 0.001214 0.043341 -0.045956 -0.035070
0.038038 0.044943 -0.030399 0.047970 -0.038354 -0.160041
-0.000815 -0.061961 0.049362 0.007638 -0.024740 0.001587
0.078494 -0.031425 0.014900 0.199976 0.441739 -0.446829
-0.013920 -0.015316 0.050200 0.301041 0.045466 0.344482
-0.052458 -0.007731 -0.000232 0.153166 -0.038163 -0.025854
-0.047763 0.022268 0.036114 -0.103532 0.372380 -0.193762
-0.038187 0.018600 -0.003110 0.060882 0.036873 0.089232
0.067862 -0.068258 0.061495 0.324116 0.350465 -0.401893
-0.020795 0.047187 -0.028554 -0.081157 -0.111055 0.073309
0.001159 0.001597 0.004246 0.065882 0.123064 0.121229
0.008371 0.009981 -0.003759 0.018779 0.160771 -0.230351
-0.003172 0.000047 0.003656 0.237474 -0.315337 -0.337158
0.026400 -0.017958 0.020995 0.107495 0.288946 -0.118414
0.020627 -0.008299 0.025034 0.206640 -0.082844 -0.168108
-0.001048 0.003060 -0.016469 -0.040101 0.139023 -0.131073
-0.000432 0.003431 0.002171 0.434755 -0.207690 -0.204444
-0.012329 -0.000864 0.009718 -0.070649 -0.128809 0.156233
-0.026619 -0.007791 0.031027 -0.096785 -0.073813 -0.051801
0.034088 0.036799 -0.029301 0.233467 0.136772 0.105882
-0.034221 0.025666 -0.002813 -0.034237 0.064590 0.024021
0.045772 0.035985 -0.019792 0.121463 0.038356 0.115513
0.009860 0.011579 -0.012318 0.187217 0.046978 -0.257440
0.017838 0.001629 -0.006489 0.090133 -0.329516 0.078274
-0.021566 0.018896 -0.023412 -0.037981 0.265892 -0.235459
0.019674 -0.009053 -0.004732 -0.079674 0.043007 0.063011
0.000377 0.002744 -0.001838 -0.087807 0.108503 0.321650
-0.002410 0.002040 -0.001648 0.015653 -0.044238 0.091278
-0.009973 0.015667 -0.011234 0.282044 -0.052857 0.215323
0.035742 -0.023404 0.046158 0.020533 -0.056336 -0.022360
0.085976 0.011937 -0.028732 -0.417485 0.189411 -0.244351
0.023880 0.011866 0.000184 -0.164891 -0.027851 -0.079763
