-0.044743 0.004546 -0.041490 0.054891 0.101040 0.239537
-0.007503 -0.000225 -0.001124 -0.052607 -0.058835 -0.018372
-0.004412 0.009127 0.001133 -0.212438 -0.329251 0.426906
0.017209 0.033974 0.004688 0.339807 0.320759 -0.243946
-0.073262 -0.030760 0.051935 -0.040146 -0.212234 -0.107871
0.032568 0.019641 0.050116 0.307467 0.040671 0.130358
-0.006496 -0.003723 -0.001862 -0.038413 0.015814 0.026201
-0.018559 0.065136 -0.075459 -0.169376 0.293783 0.176268
0.011697 0.060595 -0.034316 -0.223015 -0.236864 -0.001103
0.007316 -0.007931 0.001557 -0.219573 -0.158759 0.090589
-0.032061 0.017819 0.012320 -0.055281 -0.004558 -0.069961
0.018839 -0.019438 -0.026542 0.290682 0.378013 0.319734
-0.014346 0.002457 0.014141 -0.271029 -0.088976 0.146194
-0.035329 -0.018061 0.012320 0.065652 -0.026195 0.059386
0.028694 0.020375 0.036349 -0.012446 0.043962 0.243483
0.003531 -0.006871 -0.023280 0.203067 -0.205674 -0.178951
-0.072319 -0.055408 0.036348 0.058258 0.097867 -0.035869
0.074085 0.078469 0.061738 0.384797 -0.068691 -0.199306
0.004444 0.059294 0.032737 -0.062448 -0.423409 0.153902
-0.003101 -0.000859 -0.004250 -0.220244 0.221548 -0.180879
0.039542 0.010012 0.042299 0.093368 -0.112585 -0.018737
-0.009597 0.062930 0.037094 -0.065140 0.060064 0.065436
-0.009862 -0.002672 0.057588 -0.114668 -0.099438 0.015384
-0.004260 0.025188 0.007106 -0.009578 0.001979 0.114894
-0.028417 -0.033623 -0.035283 -0.085923 0.341396 0.035188
0.048892 0.057601 -0.035824 -0.043749 0.031487 -0.078522
-0.037308 0.023166 -0.009294 -0.184429 0.115440 -0.163001
-0.067541 0.015444 -0.007319 -0.249178 0.126912 0.069347
0.049509 0.014588 -0.042368 0.070224 0.079449 -0.239625
-0.006717 -0.026672 0.017367 -0.072815 -0.082726 0.163841
0.007432 0.014997 -0.018803 -0.008131 -0.013053 -0.006932
-0.011407 -0.012470 -0.016992 0.003460 0.014214 0.026254
-0.007906 -0.006837 0.005905 0.314304 0.042017 0.393862
-0.005296 -0.003238 0.005291 0.111155 0.111718 -0.179145
0.014483 0.024739 -0.038852 0.023335 -0.052019 -0.226586
0.052606 -0.004730 -0.028114 -0.049986 0.075753 0.034520
0.020088 -0.025876 -0.018553 0.187522 0.141054 -0.005406
0.022557 0.015516 -0.015851 0.136952 0.032996 -0.021700
-0.005900 -0.013484 0.030023 -0.113058 0.177010 0.123462
