0.028744 0.014514 -0.039027 -0.274074 0.273362 -0.062827
0.006446 -0.048367 0.052413 -0.401305 0.059680 0.042724
0.007632 -0.011946 -0.023698 -0.024769 0.071287 0.106797
0.016310 -0.028221 0.022348 -0.349196 -0.277986 -0.010484
0.030296 0.034078 0.014504 -0.013984 -0.013092 0.012981
-0.067259 0.055269 -0.023836 -0.020998 -0.167643 -0.125339
-0.006804 -0.002473 0.016826 -0.282553 0.287387 -0.077794
0.053581 0.010760 0.033249 -0.237667 -0.301530 0.247393
-0.050611 0.000128 -0.048042 -0.014473 -0.010849 -0.028075
0.004943 -0.010348 -0.005177 -0.087816 0.032720 0.141367
0.041121 0.056220 -0.035318 -0.173477 0.006844 -0.241375
-0.009693 0.002163 0.006866 -0.033706 0.063616 0.001030
-0.004870 -0.009337 -0.019639 0.049210 -0.008407 -0.028119
0.009748 0.022372 -0.011054 -0.005634 0.008343 -0.007401
0.006579 0.006813 0.011212 0.138624 0.065094 0.078152
-0.008880 0.002457 0.057305 0.225238 -0.113655 0.250549
0.002929 0.004576 -0.001328 -0.250795 -0.110383 0.229607
0.025898 0.045703 -0.044429 0.080894 -0.034350 -0.059673
0.000867 -0.000976 0.002805 -0.205560 0.205276 -0.010708
-0.017212 0.002688 0.022929 -0.002986 0.021415 0.068738
-0.042357 -0.039040 -0.023681 -0.136183 -0.100798 0.187933
0.047883 0.050057 -0.050985 0.113100 -0.094078 -0.180935
0.005309 -0.014753 -0.012923 0.023206 0.066606 0.029799
0.048461 0.027141 -0.015368 0.329823 -0.361102 0.248158
0.007418 0.009764 0.011804 -0.035195 0.032211 0.041794
-0.023722 -0.040814 0.045885 0.092255 0.232054 -0.188048
0.006212 0.019348 -0.017508 -0.027047 -0.029333 0.018866
0.029048 0.043645 0.036473 0.078797 -0.176643 0.121335
0.004697 0.016996 -0.000038 0.125885 -0.136736 0.102164
0.002834 0.012648 0.012938 0.049273 0.031007 0.299264
-0.034839 0.074329 0.030453 0.096680 0.043153 0.091056
-0.001325 0.010337 -0.006133 0.172230 0.067571 -0.359474
0.023524 0.035877 -0.024971 0.008958 -0.033249 0.015063
-0.022635 -0.038010 -0.006903 0.065359 0.012329 -0.274794
-0.078379 -0.028904 0.026201 -0.036660 0.045250 0.032628
0.024178 0.019053 0.018986 0.201930 -0.117098 -0.062785
0.004321 -0.006460 -0.008270 -0.037705 0.099243 -0.062574
0.001350 0.030930 0.001834 0.160773 0.171673 -0.225774
-0.005689 -0.044892 -0.032795 -0.000653 -0.038592 -0.113107
