-0.023949 0.059049 0.038107 0.049652 0.029668 0.014778
0.012014 0.005721 0.004325 -0.176398 0.102710 -0.103736
0.055070 -0.000198 0.032079 0.000508 0.004920 -0.000546
0.033437 -0.078699 0.055864 -0.121378 0.192290 0.188149
-0.004384 -0.030187 0.030128 0.004439 -0.034615 -0.028836
-0.028755 0.016647 -0.029205 -0.065930 -0.039972 -0.067824
-0.005735 -0.018760 0.014301 -0.027083 -0.218915 0.174930
0.010004 0.033017 0.012349 -0.400586 -0.342897 -0.312245
-0.037915 0.011498 0.051748 -0.117723 0.176202 0.332586
-0.024209 -0.020889 -0.007965 0.419734 -0.100098 0.093429
-0.023143 -0.006730 0.035079 0.015356 0.102482 0.089553
0.036034 -0.052540 -0.034968 0.144869 0.171479 0.195052
0.021593 -0.002064 -0.011330 0.001176 0.017533 -0.014382
0.004590 -0.003727 0.007909 -0.088490 -0.116735 -0.124740
0.000940 0.029000 0.028076 0.016635 -0.299809 -0.180009
0.026410 0.023301 -0.019318 -0.048047 0.096836 0.325711
-0.044691 -0.004649 -0.036674 -0.004800 0.001538 0.003259
-0.033498 -0.036874 -0.010464 -0.102845 0.033261 -0.096662
-0.006635 0.001517 0.003874 -0.002448 -0.048814 -0.025068
0.041401 -0.067262 0.058636 -0.021242 0.051722 0.013863
0.013575 0.037025 0.022107 -0.099212 0.014289 0.053363
0.004440 -0.004688 0.020435 -0.145422 -0.195407 -0.063823
-0.003414 0.004091 0.004575 -0.368084 -0.154096 0.050109
0.003745 -0.009834 -0.018524 -0.268604 -0.347590 -0.213774
-0.000713 0.011020 0.000600 -0.120395 0.004842 0.058746
-0.013232 -0.026143 0.003928 0.230169 0.358314 0.187708
0.041813 0.014729 0.013036 -0.222601 -0.069789 -0.255074
-0.024226 0.016942 0.003639 0.156733 0.085666 0.123253
-0.068989 0.058384 0.044638 -0.100581 0.131953 -0.139576
0.000269 -0.006787 0.030862 0.025830 -0.046275 0.040188
0.022701 0.003727 0.021227 -0.256888 -0.326954 0.216781
0.001565 0.001767 -0.000219 0.170929 -0.013945 0.080880
-0.001051 0.009205 -0.006305 0.049315 -0.043627 0.022104
-0.054564 0.047695 -0.018334 0.087341 -0.230042 0.230274
0.051555 -0.012133 -0.044485 0.260632 0.230841 -0.223007
-0.001451 -0.009884 0.019679 0.133345 0.124069 0.056132
-0.030267 -0.033216 0.002029 -0.000577 0.003056 -0.002486
0.052696 -0.036905 -0.029369 -0.169772 0.157167 0.186725
0.003653 0.028666 0.029335 -0.016714 0.162244 0.092113
-0.018128 -0.004552 -0.068356 0.095797 0.169082 0.204739
