0.019077 0.000244 0.021003 0.040088 0.013086 0.223643
0.012367 -0.019924 -0.036763 0.107760 0.055469 -0.017621
-0.014408 -0.000439 0.000096 -0.002153 -0.246181 0.217286
-0.005058 -0.000962 -0.034935 -0.112303 -0.491017 -0.168045
-0.066120 -0.026067 -0.062485 -0.262533 -0.322201 0.056809
0.008529 -0.005288 -0.007878 0.026360 -0.199993 -0.260078
0.009821 0.016557 0.042560 0.063659 0.041686 0.138553
0.002283 0.019177 0.013104 0.220351 -0.285157 0.220364
0.057374 0.018996 0.024876 -0.143578 -0.131693 0.063873
0.001026 0.015332 -0.001654 0.341298 0.170785 -0.015387
-0.036692 -0.043790 0.045135 -0.226338 0.477753 -0.304185
0.000878 0.010828 0.006442 0.200029 -0.132897 -0.203474
0.022597 -0.003053 0.016568 0.001045 0.031635 -0.096954
0.009517 0.015151 0.020800 -0.104274 -0.015213 -0.027378
-0.012189 0.018098 0.007415 -0.103732 0.199669 -0.157845
-0.017378 -0.059519 -0.044399 0.232692 0.117440 -0.173108
-0.002443 0.005071 0.010685 0.060014 -0.119590 -0.098538
0.002265 0.001656 -0.000092 0.226364 -0.220043 0.204164
-0.015928 0.068934 0.001710 -0.390668 0.078369 -0.415472
0.015131 -0.004056 0.067286 0.189432 0.345266 0.215505
0.033718 0.027329 0.022721 0.070329 0.197026 0.253028
-0.000687 0.002005 -0.004414 0.088491 0.068376 0.050028
-0.034724 0.017443 0.012102 0.091636 0.281458 0.344767
-0.021808 0.013440 0.014726 -0.062006 0.038455 0.112323
0.050539 -0.039343 -0.045087 -0.133665 -0.129779 -0.039452
-0.000909 -0.002900 -0.000168 0.065090 0.283375 0.222059
-0.028354 0.030009 0.039801 0.093356 -0.042679 -0.050068
-0.000051 0.000091 0.000030 -0.354535 -0.002096 -0.081929
0.008182 -0.002036 0.024936 -0.254801 0.179642 0.217756
-0.018580 0.018011 0.000070 0.046326 -0.105832 -0.037691
0.001524 -0.004661 -0.006707 -0.360227 -0.068354 0.199859
0.031341 -0.043738 -0.030936 0.183808 -0.185436 -0.047674
0.009150 -0.004576 -0.000834 -0.185910 0.276926 0.362916
-0.035559 -0.009348 -0.015332 -0.075964 -0.037315 0.002601
0.014062 0.017970 0.031221 -0.304073 -0.313183 -0.203986
-0.011179 0.033684 0.014816 0.336675 0.093141 -0.208100
-0.033008 -0.035776 -0.005649 -0.021988 0.127699 -0.127076
0.027096 -0.000400 -0.019864 0.190164 -0.020938 -0.469059
0.015967 -0.026827 0.020810 0.082741 -0.043892 0.070270
-0.000768 0.003595 -0.023453 0.023610 0.075391 -0.047355
