-0.008768 -0.059027 -0.063094 -0.093201 -0.472649 -0.314556
0.000537 -0.008124 0.009320 -0.060382 0.132998 -0.122129
0.003127 0.002166 -0.002745 -0.360684 -0.282599 0.124113
-0.012651 0.040605 0.011208 -0.361892 -0.401015 0.001295
0.001392 -0.001373 -0.009709 -0.208331 0.042647 -0.023992
-0.000121 0.000222 -0.000074 0.181807 -0.074357 -0.184522
-0.019030 0.035005 -0.034189 -0.207953 -0.020642 -0.148531
-0.004846 0.027132 0.004675 0.197248 -0.155658 -0.189251
0.023988 -0.025981 0.025458 0.155838 -0.084382 0.218674
-0.026167 0.047281 -0.013372 0.025298 0.057358 0.123991
-0.011971 -0.003546 0.012080 -0.014243 -0.047310 -0.040885
0.017441 0.001572 0.015462 -0.024781 -0.081424 0.076469
-0.019620 -0.005808 0.043249 0.000643 -0.000546 0.001167
-0.000055 0.001078 0.003038 0.069736 0.071725 0.101930
0.002911 -0.021931 0.004078 0.022614 -0.010564 0.102009
-0.002398 -0.003945 0.038504 0.109817 0.218027 0.184523
0.016582 -0.017610 -0.007073 -0.166195 -0.061718 0.198508
-0.009548 0.050010 -0.019024 -0.013824 -0.036710 -0.037115
-0.000763 -0.001287 -0.003095 -0.054545 0.040128 0.039779
-0.005353 -0.004953 0.001183 -0.116572 -0.206185 0.049523
0.005635 -0.000776 0.011130 0.021643 0.239671 0.070117
-0.011881 0.050941 -0.011463 -0.044376 0.160581 0.173142
-0.003609 0.000637 -0.006471 0.139459 0.193397 -0.252802
0.026280 0.014853 0.032675 0.048705 0.064473 0.069679
0.044852 0.073838 -0.056411 -0.052741 0.028917 -0.115219
-0.079696 0.007206 -0.037348 0.171866 0.012776 0.151298
0.000424 0.073039 0.008957 0.089620 -0.160355 0.199682
0.006095 -0.042196 0.000266 0.013329 -0.010945 0.001500
-0.004394 -0.001371 0.003769 -0.190249 -0.254194 0.136973
-0.004429 0.022855 0.018454 -0.322586 0.152451 -0.299756
0.041502 0.019771 -0.054643 -0.000098 -0.001043 0.001433
-0.003117 0.003687 -0.016969 0.333222 -0.263372 -0.096633
-0.004068 -0.003480 0.002491 -0.047436 -0.252052 -0.255737
-0.026377 -0.006931 0.023207 -0.161819 -0.078384 0.303043
0.034354 0.026881 0.023299 0.037095 0.094868 -0.091435
0.066137 0.013421 -0.032202 -0.215292 0.030066 -0.326379
0.017551 -0.003759 0.038206 0.047897 -0.002236 -0.103940
-0.003583 -0.002701 0.003009 -0.138071 0.014324 0.046848
-0.052940 0.044128 -0.053339 -0.013733 -0.103212 0.210156
0.000284 0.000798 0.000371 0.011479 -0.097601 0.164302
-0.007420 0.004983 -0.000109 -0.109846 -0.135419 -0.042079
