0.045845 -0.051788 0.014216 0.241787 0.164465 0.187251
0.014031 -0.002154 0.002236 0.040219 -0.026322 0.115758
0.032235 0.053112 -0.024281 0.003048 -0.045471 -0.037022
0.002157 -0.000850 -0.000325 0.072149 0.193530 0.207116
0.023992 -0.018542 -0.004360 -0.120250 0.237357 -0.100126
0.040635 -0.060543 0.079767 -0.015671 0.014497 -0.008789
0.026542 -0.032694 0.067769 -0.137763 0.088736 0.010027
0.005398 -0.003933 0.015755 0.082225 0.057160 -0.266266
-0.018933 0.015444 -0.030278 0.082540 -0.039531 -0.129405
0.015230 0.020976 -0.020146 0.056194 -0.070780 0.081473
0.050441 0.068958 -0.051305 0.154532 -0.094314 -0.318292
-0.045276 -0.047539 0.014104 0.019520 0.335642 0.144394
0.012768 -0.009340 0.014021 0.199465 -0.214518 0.155839
-0.036684 0.041843 0.040281 -0.046483 -0.078355 0.038044
-0.045428 -0.036357 0.019119 -0.096175 0.212729 0.272735
-0.020467 0.027023 -0.031639 0.030055 0.082898 0.063355
-0.007005 0.039055 0.008631 0.143510 -0.330782 -0.238106
0.033545 -0.042560 -0.008328 -0.045151 -0.048280 0.047068
-0.009010 0.008316 0.005635 0.227010 -0.140075 -0.003947
-0.019385 0.004635 -0.006736 -0.166700 -0.406560 -0.350231
-0.006638 0.003103 0.005938 0.251014 -0.271341 0.234982
-0.055172 0.043535 0.064864 0.033969 0.040360 0.019995
0.005255 0.009152 -0.008856 -0.022565 -0.020800 0.040358
0.001393 0.003800 -0.003417 -0.038048 -0.056464 -0.015838
-0.037463 -0.008127 0.034450 0.011610 -0.020859 0.014237
-0.002079 0.002833 0.000851 0.184024 0.057373 0.122346
-0.051979 -0.037052 0.023681 -0.096951 0.110832 0.117390
0.045658 -0.040312 0.010925 -0.012426 0.026321 -0.003311
0.015548 0.058385 -0.040143 -0.139855 0.079819 0.105844
-0.003325 0.002910 0.002087 0.166892 0.217909 0.103711
0.006779 -0.016418 -0.022467 -0.382231 -0.094988 -0.200198
-0.062134 0.066371 0.044004 0.136222 -0.090671 0.066125
0.001678 -0.001583 0.002606 -0.003530 0.049001 -0.008135
-0.011597 -0.006483 -0.020222 0.018333 -0.010776 0.019954
-0.020729 0.007055 -0.028381 0.248138 -0.078344 -0.109282
0.000384 0.000940 0.000644 -0.155907 -0.176245 -0.072588
-0.000728 0.004542 0.002758 -0.125850 -0.171277 -0.059210
-0.006580 0.003831 -0.002001 -0.051947 -0.145927 -0.138196
-0.010994 0.022765 -0.007064 -0.016435 -0.084709 0.037697
-0.005975 -0.013712 -0.016921 0.073157 -0.018858 0.142590
