-0.000410 -0.000171 -0.000510 0.060463 0.044782 -0.015449
0.013739 -0.024064 0.012966 -0.068272 0.043072 0.053175
0.000956 0.001279 -0.002837 0.009353 0.123966 0.172385
-0.003899 0.007720 0.013612 0.008073 -0.020389 -0.014990
0.017425 0.005459 0.014061 0.016688 -0.069352 0.035336
-0.010917 -0.008952 0.000423 -0.097880 0.032234 -0.135595
-0.010556 -0.002543 0.018350 -0.303878 0.245082 0.260534
-0.055315 0.009110 0.045402 0.025360 0.010275 0.001141
0.015535 -0.014594 -0.030197 -0.164070 -0.229302 -0.034800
0.073466 0.003316 -0.030204 -0.068030 0.109008 -0.131710
0.001638 -0.000328 0.004983 0.015531 -0.025246 0.016047
-0.003899 0.003334 0.012479 0.029408 -0.074352 0.007110
0.034297 -0.008138 0.039779 -0.169657 -0.064532 0.062426
0.031809 -0.003272 0.039099 0.031096 -0.015216 -0.230711
0.010748 -0.019914 0.002521 -0.207805 0.208956 -0.113415
-0.043807 -0.021606 -0.067541 -0.031485 -0.365111 0.294876
0.007933 -0.017069 0.012777 0.136907 0.023531 -0.439046
-0.046943 0.023693 -0.072578 -0.048963 0.059356 0.000283
-0.002020 -0.006582 0.006255 0.328103 -0.103943 -0.272111
-0.034349 0.033950 0.029238 -0.004667 0.004367 0.005375
-0.011205 -0.037102 -0.023313 -0.021278 0.029354 0.007370
-0.019223 0.014293 -0.006905 0.285019 -0.290351 -0.268423
0.021938 -0.003621 0.006224 0.041026 -0.065604 0.002324
0.006023 0.047300 0.038432 0.282478 -0.266103 -0.313661
0.036676 -0.068248 0.066373 0.002972 0.016314 -0.023957
-0.008462 -0.004376 0.012686 0.200110 -0.065943 -0.141015
0.018716 0.013050 0.016208 0.098486 0.054660 0.146029
-0.008985 -0.067655 -0.017945 0.293539 -0.174527 0.326225
0.018396 0.024757 -0.005664 0.103521 -0.059314 0.072321
0.041276 0.004493 -0.027040 0.021902 0.208230 -0.002589
-0.001493 0.000423 -0.000370 -0.035344 0.026866 0.005996
-0.061744 -0.055326 -0.023096 -0.016659 -0.003491 0.018386
0.061657 -0.059174 -0.047514 0.008257 -0.021950 -0.013940
-0.019946 -0.076026 -0.066559 -0.236092 0.069632 -0.311444
-0.022851 0.005384 -0.019095 -0.106633 -0.025812 0.077694
0.004613 -0.015428 0.012102 -0.049989 -0.147864 -0.026656
0.035132 -0.027013 -0.022032 0.331754 -0.240267 0.304849
-0.013457 0.013094 0.003454 0.003370 0.001466 -0.032463
-0.000236 -0.000516 0.000472 -0.018174 0.057061 0.003877
0.000132 0.000343 -0.000396 0.026288 -0.230287 0.306818
