0.045061 -0.003920 0.000547 0.095994 -0.073929 0.364800
-0.018124 0.028282 -0.021016 0.101900 0.263403 -0.067216
-0.020249 -0.015059 0.036704 -0.098890 -0.191835 0.086164
0.004635 -0.002632 0.005030 0.028135 0.036351 0.010742
-0.050607 0.018319 0.042245 -0.182622 -0.213320 -0.040162
0.018008 -0.005210 -0.002743 -0.016973 -0.032680 -0.000596
-0.048521 0.051957 -0.062827 0.290902 -0.146069 -0.180665
0.011949 0.008176 -0.040917 -0.030866 0.034526 -0.241056
0.038267 0.046346 0.007161 -0.222188 -0.124265 -0.159773
-0.041231 -0.016852 -0.005414 -0.121561 -0.042760 0.089626
0.024377 0.001143 0.035223 -0.091748 -0.126918 0.017337
-0.002897 -0.005297 -0.028534 -0.021345 0.016305 0.160904
0.004945 -0.006288 0.009982 -0.058930 0.163976 0.070270
-0.005617 0.011051 -0.021062 -0.035935 0.161708 -0.119007
-0.013043 0.033943 -0.013657 -0.186174 0.124187 0.136806
-0.031664 0.019577 -0.028479 -0.073636 -0.273502 0.279535
0.004184 0.001849 -0.002187 -0.061024 0.161759 -0.226001
-0.042622 0.048010 0.044916 -0.039247 0.016551 0.083772
0.042142 -0.003532 0.028708 -0.042915 0.086526 -0.027185
0.066828 -0.009647 -0.021669 0.314088 -0.345382 0.145543
-0.001591 -0.000618 0.000383 0.003805 0.051137 -0.127596
-0.003027 -0.008125 0.001323 -0.094243 0.381797 -0.192449
0.033337 -0.019409 -0.036930 0.357912 -0.373390 -0.217464
0.044661 0.023328 -0.016656 0.002976 0.002151 0.004018
0.006694 0.015087 0.017049 -0.079091 0.051753 -0.090473
-0.016176 0.009136 0.026819 0.038649 -0.476933 0.191961
0.033754 0.029040 -0.000856 -0.077651 0.057659 0.057857
0.007192 -0.029289 -0.019414 -0.417865 -0.269473 0.071944
0.041017 -0.022854 -0.020128 -0.092320 0.210801 0.159833
0.011865 -0.027288 0.004181 -0.172757 -0.031473 -0.185653
0.050974 0.035022 0.023506 -0.127770 0.155233 0.458963
0.081991 0.063650 -0.029624 0.066885 0.205614 0.169385
0.062851 -0.028536 -0.001681 0.223884 0.087336 0.181096
-0.019488 0.007108 0.012604 -0.406113 -0.435034 -0.292620
0.017106 0.009018 -0.008047 -0.073314 -0.085601 -0.105578
0.008440 -0.023912 0.018924 0.100988 -0.010988 -0.094438
-0.009329 0.004653 -0.009319 0.014143 0.000500 0.013038
0.012114 0.000220 -0.006882 -0.087415 0.089974 -0.013495
0.011307 -0.012151 -0.009691 -0.075058 0.018094 -0.019646
0.001559 -0.001331 -0.008302 0.044586 -0.098222 0.080831
-0.033187 0.066131 -0.004435 -0.033895 -0.211812 -0.180137
