-0.023527 0.053496 0.033075 0.348003 0.253396 -0.325501
-0.019907 -0.037644 -0.040673 0.021398 -0.142974 -0.092270
-0.011537 -0.006453 -0.010123 0.153135 0.025534 0.335937
0.008981 0.009558 0.005059 0.280865 -0.362425 -0.348627
0.012145 -0.012475 -0.023297 -0.220674 -0.084952 0.154764
0.007695 -0.009634 -0.007732 0.043404 0.113896 0.119620
0.005025 0.005549 -0.036638 0.244073 0.123475 -0.121787
-0.005640 0.012020 0.000107 0.015918 0.015929 0.017075
-0.017967 -0.032051 0.036544 0.284058 0.318383 0.131127
-0.024871 -0.013091 -0.020215 -0.083875 0.040794 -0.341906
0.038134 0.000334 -0.020301 -0.093191 -0.078576 0.151557
0.014827 0.015636 0.014045 0.032897 0.263994 -0.243289
-0.021573 0.002812 -0.012460 -0.012482 -0.034652 0.038932
-0.015921 0.016248 0.006702 -0.236226 -0.178160 0.087425
0.006982 -0.015443 -0.003307 0.181812 -0.100694 0.277031
-0.030600 -0.038313 -0.045820 -0.100838 -0.281210 -0.133829
-0.015827 -0.008731 0.038546 -0.023540 0.027945 -0.067617
0.038914 -0.034298 0.020848 -0.058660 0.307461 -0.093659
0.014187 -0.054204 0.029152 0.158369 0.002113 0.095402
0.043059 -0.036056 0.005989 -0.237579 0.076843 -0.027472
0.028066 -0.051833 -0.050237 -0.117707 0.129576 0.139813
-0.032372 0.009533 -0.012182 -0.133986 0.008824 -0.393020
0.029846 0.027369 -0.047086 0.085326 0.403409 0.250371
-0.006679 0.001768 0.000813 0.028801 0.070452 0.109050
-0.007386 0.015874 0.005775 0.169112 -0.164666 -0.086888
0.013018 0.004432 0.017882 0.129975 -0.117973 -0.337302
-0.002980 0.029247 0.017253 0.270680 -0.138603 0.071255
-0.051656 0.035772 -0.029757 -0.286580 -0.141506 0.075633
0.040216 0.067264 -0.058341 0.414689 0.064677 -0.146725
0.000913 -0.011196 0.040415 -0.105883 -0.130627 -0.029059
0.008458 0.003370 0.067555 0.107140 0.096879 -0.010691
0.008925 0.000080 -0.082469 0.102119 0.096120 -0.057184
0.028763 0.051866 0.050200 0.414389 -0.016968 0.015601
0.064649 -0.015119 -0.019722 0.133869 -0.052217 -0.044215
0.016259 0.019637 0.012778 0.185219 -0.320871 -0.251783
-0.039677 0.072424 0.034508 0.081879 0.144647 -0.037970
0.004053 0.010471 -0.001696 -0.039496 -0.006773 -0.017129
0.006836 -0.013139 -0.004188 -0.063962 0.182509 -0.148526
-0.045205 -0.030322 -0.040848 0.071426 -0.099092 0.024468
0.036219 -0.013145 -0.003537 -0.296379 0.003052 -0.073544
