0.000918 0.000291 0.000445 0.199502 0.234528 0.045298
0.024342 -0.027973 -0.048424 -0.081494 -0.047005 0.086039
0.054595 0.076607 0.078443 0.113123 0.063355 -0.074975
0.024713 0.042563 0.013070 -0.111119 0.075933 -0.182556
-0.075166 0.025625 -0.065879 -0.022334 0.060541 0.067654
-0.004895 0.002011 -0.002752 0.202167 0.024225 0.276524
-0.015144 0.019797 0.006681 -0.017227 -0.009004 -0.005678
0.012981 -0.009067 0.011361 0.264034 -0.352513 0.334732
-0.001274 -0.018903 -0.015442 -0.224089 -0.120714 0.293024
0.002720 -0.002506 -0.001130 0.109750 0.033671 -0.024148
0.026070 -0.001663 0.017528 0.083658 -0.005528 0.071259
-0.001931 0.003057 -0.003239 0.116597 -0.006373 0.272791
-0.027897 -0.045764 -0.041555 0.111852 0.216196 0.218615
0.003613 0.003710 0.003076 0.005471 -0.013275 -0.009486
0.003860 0.005289 0.004743 -0.072796 -0.148070 0.047519
0.009696 -0.008089 0.012346 0.436574 0.292148 0.119140
0.017846 0.008326 -0.004841 0.233790 -0.251906 0.184161
0.062366 -0.004741 -0.066496 0.318899 0.130075 0.001080
-0.019045 -0.001295 0.024096 0.060616 -0.063610 0.042246
0.001156 0.000744 0.003658 -0.023158 -0.109106 0.066464
0.055501 -0.048221 -0.030786 -0.029955 -0.034719 -0.064408
-0.004074 -0.002436 -0.032593 -0.105022 -0.050166 -0.313545
-0.015105 0.042703 -0.054657 0.182639 0.053662 0.147236
0.003040 0.004274 -0.006741 0.237494 -0.052570 -0.142362
-0.007844 -0.011558 -0.020958 -0.002612 -0.000579 -0.000770
-0.009878 0.005824 -0.000329 0.032505 0.006363 0.030627
-0.000406 -0.001529 -0.008819 -0.065983 -0.112622 0.004893
-0.003481 -0.019678 0.010514 0.016791 -0.039127 -0.029398
-0.023765 -0.023011 0.023850 -0.066782 -0.342022 0.350203
-0.018526 -0.017588 -0.014999 0.187374 -0.186944 -0.252266
-0.001490 -0.004174 -0.006581 0.061993 0.059682 -0.064366
0.025230 0.030675 -0.023283 0.022680 -0.063125 -0.071263
-0.024739 0.021776 -0.019535 -0.047545 0.000884 0.061710
-0.009585 -0.011149 0.003062 0.035925 -0.071180 0.040873
0.017906 0.075167 -0.031045 0.296135 0.250222 0.326921
-0.001822 0.002849 0.002004 -0.069157 -0.060383 0.065789
-0.001061 -0.001123 0.000446 -0.028291 -0.010168 0.025802
-0.034296 0.011999 -0.004520 0.081868 -0.073364 0.106469
-0.021117 0.057945 0.022259 -0.113205 -0.118583 0.066042
0.008106 -0.020216 -0.009454 -0.020565 0.029707 0.019133
