0.010576 -0.056314 -0.008491 0.182912 -0.257236 -0.236886
0.002012 0.003923 -0.002173 0.218778 -0.226712 0.072785
-0.004556 -0.005748 -0.006393 -0.013490 0.009005 -0.027669
0.004655 -0.022588 0.001346 -0.000876 -0.146228 -0.185194
-0.019094 -0.027275 0.027177 -0.217611 0.101510 0.297500
0.038322 0.047546 0.064957 -0.004295 0.000683 0.079762
-0.061289 -0.045091 -0.063772 0.214461 -0.025546 -0.227815
0.036823 0.032311 0.044454 0.082740 0.090784 -0.258295
-0.008846 -0.006780 0.012325 -0.408198 0.048488 0.447908
-0.030726 -0.025771 0.014245 -0.401827 -0.212999 -0.151752
-0.062810 -0.020315 0.030530 -0.035656 -0.025257 0.031208
0.048934 -0.006778 -0.052859 0.036255 -0.033041 0.001695
0.007232 0.012736 -0.009484 -0.023505 0.011839 -0.019963
-0.002040 -0.033406 -0.023580 -0.069632 -0.065193 0.021571
0.000506 0.000702 0.000621 0.133297 -0.083544 0.036872
-0.024537 -0.006315 0.011103 0.127630 -0.010622 0.016026
-0.006883 -0.022924 -0.038303 0.033751 -0.005546 0.248609
0.023426 -0.019776 -0.019461 0.043181 -0.040335 0.074262
0.051210 -0.042685 0.042465 0.029811 -0.007397 0.043512
-0.004433 -0.001088 -0.003886 0.002843 0.034592 -0.046261
0.067923 0.056993 0.003950 0.094325 0.093775 -0.077146
0.001545 -0.024322 -0.034448 -0.444080 -0.151898 -0.298745
-0.027199 0.023546 -0.012934 0.074830 0.126298 -0.033283
0.037706 0.007998 0.000613 0.144958 0.006630 -0.060174
-0.029036 0.018849 -0.043220 -0.150318 0.055269 -0.166936
0.005174 0.007946 0.004007 -0.000053 0.008469 -0.032796
0.013764 0.004694 -0.005401 0.049276 0.033004 0.110435
-0.009565 -0.012687 0.006899 0.235869 -0.308367 -0.286204
0.043380 -0.060789 0.021336 -0.152862 -0.296834 0.142532
-0.010476 0.023995 -0.009820 -0.281808 -0.330570 0.120229
0.036997 0.031614 0.024721 0.164827 -0.084778 -0.262795
0.001786 0.000815 0.000886 0.016059 0.058339 0.088774
-0.047051 -0.012635 -0.006274 0.008916 0.073266 -0.089937
0.013954 -0.011144 0.013178 0.467622 -0.323771 -0.336871
0.005930 0.003766 0.004495 0.017435 -0.005406 0.015076
-0.006536 0.023488 -0.016815 -0.221957 0.231130 0.291428
0.002978 -0.000088 -0.000201 0.068526 0.182398 -0.161950
-0.034630 0.036380 -0.005503 -0.111816 0.141728 0.272983
0.005959 -0.005234 -0.006693 -0.212867 0.251170 -0.130672
-0.011399 -0.056946 0.013685 -0.103682 0.038082 -0.145731
0.000121 -0.003294 0.005623 -0.038998 0.014262 0.014560
