0.004609 0.004345 0.003821 -0.216232 0.041959 -0.078707
0.001465 -0.018625 -0.011111 0.121113 0.385679 0.148047
0.010659 0.002315 -0.026364 0.046744 0.004327 0.147976
-0.014937 -0.003633 -0.008820 -0.108821 0.123647 0.132348
0.031219 0.019561 -0.004625 0.011012 -0.077165 -0.025003
0.003191 0.007620 -0.019794 0.058616 0.022313 0.053815
-0.020687 -0.002300 0.021900 0.349853 0.160024 0.053993
-0.005283 0.005304 -0.003736 -0.113239 0.077824 -0.026736
0.057025 -0.044032 0.048682 0.008896 0.073480 0.054216
-0.017784 -0.031546 0.013571 0.269001 0.203407 -0.035035
0.034699 -0.017703 0.066508 -0.116513 -0.027953 0.145811
-0.076485 0.066638 -0.070366 -0.013524 0.013247 -0.033188
0.015623 0.014107 0.007604 0.090216 -0.070498 0.199046
-0.011812 0.011773 -0.008899 -0.115354 0.066826 -0.082721
-0.043380 0.006044 0.047418 0.053275 0.249400 0.125235
0.020485 0.022585 -0.017648 0.106370 0.285156 0.013516
0.000643 -0.000775 -0.000225 0.047066 0.076292 -0.134259
-0.012994 0.029726 0.007893 0.263469 -0.188355 -0.141304
-0.000122 0.000062 0.000145 -0.026195 -0.171067 0.087257
-0.033327 0.073305 0.028746 -0.163844 0.104421 0.037060
-0.030965 0.034701 0.012247 0.195246 0.375256 -0.400727
-0.030697 -0.019186 -0.024154 -0.166378 0.093473 -0.042682
0.050617 0.007686 -0.053251 -0.047036 0.038396 0.025136
-0.002609 -0.044451 0.021072 -0.146530 0.124032 0.068979
0.023100 -0.004739 -0.025353 0.103380 0.018372 0.042946
0.017787 -0.009525 0.003328 0.392392 0.032468 0.197285
-0.033469 -0.050820 0.056219 -0.042859 -0.000390 0.040627
0.018502 0.016338 0.021293 -0.285634 -0.151556 0.266389
0.035887 0.007838 0.003567 0.029445 -0.039631 0.005214
-0.032937 -0.019374 0.026024 0.217403 0.004222 0.266551
-0.001674 0.006589 0.002745 0.025124 -0.004382 0.018486
0.001988 0.000458 -0.001866 -0.298002 0.123257 -0.301620
-0.001004 0.003182 0.000475 -0.227135 0.334478 0.050766
-0.002857 0.003689 -0.003876 0.024801 0.053040 0.078638
-0.001583 -0.009016 0.002839 -0.125736 -0.128810 -0.049012
0.026363 0.018480 0.042089 -0.050871 -0.062783 0.161458
0.052604 0.038723 0.012233 0.247774 0.256862 0.171895
0.000471 -0.001429 -0.001531 0.030891 -0.150027 -0.131588
0.009221 0.001070 -0.013406 -0.092276 0.257345 -0.063621
-0.004359 0.038454 0.047999 0.099414 0.057431 -0.033363
0.006322 0.010331 -0.043333 0.289904 0.336757 0.096806
