-0.011223 -0.016476 -0.050271 -0.019293 0.036437 0.029417
0.031519 0.008475 -0.028015 0.332817 0.358718 0.089196
-0.010308 -0.036697 -0.029631 0.068954 -0.064981 0.019078
0.042190 0.016957 0.024334 0.369734 -0.136281 0.097446
-0.003793 -0.007295 0.003779 -0.108313 0.078720 0.069824
-0.010929 -0.015307 0.010815 0.111509 -0.000173 0.069332
0.000556 0.016547 0.020527 0.269743 0.067697 -0.411116
0.014105 -0.011022 -0.005914 0.143913 -0.128079 0.093559
-0.004069 0.004664 0.003033 -0.086000 0.033695 -0.021669
-0.006383 -0.004488 0.005950 -0.189393 0.097380 -0.048521
0.001584 -0.022442 0.033466 -0.037638 -0.027592 0.062319
-0.008000 -0.010963 0.018838 0.005498 0.002461 0.003863
-0.030762 -0.018673 0.029508 0.108790 0.081027 0.175867
-0.003887 -0.016394 0.032989 0.139747 -0.123666 -0.037329
0.004064 -0.025094 -0.019750 0.048172 0.085841 -0.090128
-0.013613 -0.002947 -0.040433 -0.228453 -0.241589 0.444138
-0.020328 0.018236 -0.050308 0.193240 -0.081358 -0.059116
-0.017409 0.004830 0.003545 0.003454 0.011377 -0.053049
-0.068027 -0.065542 0.058530 -0.334999 -0.227603 -0.034577
0.082828 -0.036273 0.082673 0.025717 -0.001104 -0.255921
0.017654 0.022721 -0.010999 0.170420 -0.110836 -0.043905
-0.012854 0.030968 0.019483 0.289031 0.000786 -0.241346
-0.021930 0.016444 0.026794 0.013580 -0.009516 0.023395
-0.046704 -0.068281 -0.070055 -0.143547 -0.366983 -0.372539
-0.025465 -0.017725 -0.022746 0.004473 -0.053989 0.245294
-0.004142 0.002954 0.004625 0.019707 -0.203253 0.037463
0.045031 0.033681 0.023881 -0.048695 0.010758 0.016286
-0.031457 -0.064389 -0.047127 -0.415785 -0.308118 -0.212958
0.019833 0.009584 0.005592 -0.015682 -0.007861 0.018678
-0.019700 -0.015271 -0.013689 -0.130195 0.084593 -0.111260
-0.005387 -0.008008 0.004488 0.078378 -0.051186 -0.069074
-0.022758 -0.007744 -0.043465 0.086320 0.103035 -0.041110
0.040054 -0.067361 0.014795 0.269825 0.034329 0.100482
-0.031123 -0.018656 0.031631 -0.000137 -0.000552 -0.000757
-0.012514 -0.012286 0.034501 -0.004423 0.003896 0.002836
-0.058616 -0.015652 -0.002187 0.281696 -0.310386 0.292309
0.009298 -0.013682 -0.058277 0.218013 0.096392 -0.144607
-0.068641 0.000807 0.062541 0.183800 0.149408 0.223746
-0.003410 0.000960 0.004828 -0.127963 0.023776 0.055803
-0.007411 0.006713 0.006407 -0.176971 0.168701 0.112433
