-0.064604 0.010996 -0.046340 -0.000298 0.002613 -0.009866
0.001209 -0.000492 -0.000559 0.362457 0.013932 0.324365
-0.047751 0.023735 0.004259 0.101191 0.240034 -0.031865
0.055913 0.003308 -0.067352 -0.009066 -0.435228 0.320541
-0.033875 -0.038402 -0.000149 0.021514 -0.014998 0.086157
0.012457 0.019717 -0.010686 -0.169390 0.373677 -0.088282
-0.029576 0.033813 0.027966 0.093657 -0.216374 0.184598
-0.035947 -0.003820 0.038415 0.068469 -0.256400 -0.208647
0.036824 0.000741 0.051328 -0.043681 0.313491 -0.284650
0.001074 0.000232 -0.000675 -0.008398 0.023654 -0.055270
0.026414 0.020547 -0.025845 -0.054441 -0.010214 -0.076993
0.009667 -0.014319 0.005871 -0.072072 -0.115153 -0.013754
0.020181 -0.019691 -0.016071 -0.184102 -0.118210 -0.215335
0.039591 0.019211 0.035908 -0.076444 -0.082383 -0.051303
-0.003670 0.070951 -0.042298 -0.006699 0.233454 -0.045103
-0.015660 0.016247 0.009072 0.007528 -0.124710 0.040831
-0.002126 0.004158 0.002379 -0.061397 -0.065223 0.387242
-0.006374 0.025411 -0.014437 0.132033 -0.011063 -0.099761
0.000307 0.000081 -0.000391 -0.022609 -0.275581 0.317301
0.000302 -0.005751 -0.007211 -0.205239 0.225408 0.315267
-0.008943 0.008567 0.019170 0.242446 0.481120 -0.246145
-0.004840 -0.002621 -0.004712 0.047425 0.117724 -0.220474
0.063498 0.036525 0.051714 -0.211473 0.044457 0.187855
-0.019512 -0.009564 -0.001876 0.182996 0.125656 0.164467
0.034975 -0.009281 -0.031870 0.002178 -0.002842 -0.002932
0.002444 -0.031481 0.028081 0.352924 -0.201256 0.027319
0.038987 -0.000579 0.055351 -0.146721 0.098346 0.040245
0.034543 0.017925 -0.011231 0.370093 -0.059527 0.131369
-0.011765 0.013003 -0.007842 -0.144149 0.317222 0.038804
0.061412 -0.039704 0.010559 0.028839 -0.026359 -0.014184
0.052252 0.030469 0.002005 0.197152 -0.297853 -0.154134
-0.026103 0.034073 0.019193 0.067657 -0.053564 -0.084767
0.021783 -0.060763 0.069765 -0.000770 0.016055 0.001459
0.010363 0.017244 0.038273 -0.094731 -0.408951 -0.124702
0.044601 0.015390 -0.004799 0.088713 -0.123028 0.143644
0.001497 -0.010180 -0.029943 0.014503 0.266438 0.023761
-0.024658 0.013162 0.003572 -0.294898 0.144132 -0.243984
-0.005206 -0.000373 0.012788 0.025619 -0.012523 -0.133922
0.045186 -0.031156 0.019498 0.106080 -0.173388 0.176341
-0.006764 -0.004915 -0.008448 -0.133032 -0.263482 -0.362938
