0.061620 0.016250 -0.036088 -0.165412 -0.140912 0.347434
0.016755 -0.038407 0.017477 -0.005585 -0.415315 -0.001898
-0.001111 0.001419 0.000183 -0.008557 0.165776 -0.164811
0.011428 -0.016075 -0.003272 0.001651 0.281591 0.040132
-0.042592 0.069566 0.032229 -0.003455 -0.220600 -0.196098
-0.012540 -0.008900 0.011311 -0.115153 -0.312572 0.139165
-0.015107 0.004901 -0.012202 0.008905 -0.024830 0.028881
-0.008268 0.046227 -0.010031 0.024768 0.135888 -0.075896
0.029154 -0.034649 0.041141 0.138284 0.135058 -0.152397
-0.057773 -0.058343 -0.060362 -0.172747 -0.331778 -0.007216
-0.013950 -0.001416 -0.015402 -0.248263 -0.159644 0.134672
0.006491 -0.015083 0.004628 0.162203 0.266803 0.313750
-0.001043 0.005665 -0.002021 0.120249 -0.078830 0.080604
-0.042871 0.006638 0.012511 0.079582 0.080384 -0.080705
-0.001349 -0.011141 -0.005330 0.055401 -0.018761 -0.021360
0.001426 0.001110 -0.006137 -0.091387 0.053078 0.030344
0.013504 -0.016612 0.013769 0.144002 -0.106783 0.137841
-0.039755 0.045527 -0.044152 -0.117651 0.084910 0.084940
-0.029276 0.006332 0.043754 -0.325078 -0.276602 0.063988
-0.006154 -0.008516 0.020348 0.227172 0.453006 0.237412
0.011383 -0.010363 0.002245 -0.344352 0.159933 -0.457344
0.004971 -0.000069 -0.004478 -0.212391 0.064910 0.120540
-0.064397 0.039647 -0.049682 -0.303740 -0.082338 -0.295218
-0.077127 0.005254 -0.020749 -0.223904 -0.003298 -0.014950
0.079737 -0.062741 0.056410 0.023683 0.069861 -0.116561
0.003359 0.002101 0.004058 -0.166226 -0.093690 -0.221811
0.013018 0.016506 -0.017529 0.358151 0.371785 -0.382986
0.011379 0.004119 0.001836 -0.241670 -0.150300 -0.082863
-0.037467 0.080477 -0.043291 0.023086 -0.216564 -0.033140
0.014478 0.032787 -0.062669 -0.188939 0.206821 -0.141115
0.021648 -0.000180 0.002883 0.004678 0.026827 -0.021945
-0.047616 0.016675 -0.040651 0.006564 0.231935 0.008526
-0.016657 0.008770 -0.043778 -0.209522 -0.135068 -0.251472
0.068973 -0.062766 0.016447 -0.233807 -0.292021 0.231438
0.008669 -0.016428 -0.001671 0.195280 -0.079389 0.264832
-0.025461 -0.026977 0.019423 -0.301121 0.183248 -0.424417
-0.001418 -0.003285 -0.008242 0.143961 -0.242294 0.142762
0.004064 -0.001837 0.003491 -0.029322 -0.390630 0.401206
-0.030494 0.010165 -0.011633 0.014627 -0.075092 0.025501
0.020936 0.000876 -0.011220 -0.206354 -0.235157 0.008467
