0.002014 0.009273 0.007876 0.098336 0.286741 -0.160194
-0.002388 -0.005112 -0.004732 -0.143097 0.076717 -0.183904
-0.011032 0.000435 -0.015575 0.134821 -0.070435 0.072406
-0.051314 0.006839 -0.051511 -0.193294 -0.173903 0.022336
-0.057182 -0.060534 -0.020177 0.019187 0.038830 0.043580
0.048211 0.021337 -0.006472 -0.005756 -0.012197 0.016402
0.008204 0.015873 0.000232 -0.054910 0.007373 -0.231841
-0.033221 -0.025376 -0.027981 -0.395525 0.322574 -0.265551
-0.000659 -0.023750 -0.004717 0.136781 0.019307 0.040556
-0.014524 0.038978 0.032284 0.337576 -0.213025 -0.053939
0.023593 0.002278 -0.013151 0.026692 0.050230 -0.148126
0.020600 -0.055802 -0.034446 0.067723 -0.106802 0.023363
-0.013895 -0.016252 -0.065524 0.008161 -0.000927 -0.000454
0.003465 0.007178 -0.004808 -0.036003 0.381826 0.259010
0.011811 -0.005081 -0.001598 0.082538 -0.298468 -0.266406
0.000979 0.014555 0.002250 0.194120 0.175928 0.143043
-0.023224 -0.013204 0.017932 -0.316162 0.321685 -0.033273
0.002794 0.000174 -0.001182 0.334608 0.395010 0.049294
-0.021390 -0.019513 -0.028999 -0.162691 0.351747 -0.189687
0.001994 0.003418 0.009319 0.245993 -0.364454 -0.118339
-0.019589 0.006207 0.056039 -0.010629 -0.005139 0.005012
0.033314 0.009840 0.023533 -0.011013 -0.012735 0.010946
0.000706 -0.011664 0.000524 0.030783 -0.000658 -0.041149
-0.000558 0.002305 0.002305 -0.087307 -0.106220 0.202561
0.008994 0.040521 -0.023349 -0.010441 -0.009957 -0.024104
0.027338 0.027081 -0.001202 -0.028397 0.032535 0.037299
-0.045296 -0.018214 -0.015094 0.020211 -0.050982 0.122445
0.000233 -0.012781 0.002613 0.003811 -0.007563 -0.006810
-0.025575 -0.015745 -0.031761 -0.036185 0.116943 0.093354
-0.001255 -0.005521 -0.003152 0.208060 -0.012710 0.236023
0.001898 0.013502 0.018725 -0.042309 -0.047401 -0.038536
-0.015655 0.008690 -0.011666 -0.384914 -0.270881 -0.378145
-0.050060 -0.002851 -0.037142 -0.009255 0.002298 -0.040195
-0.036595 -0.039709 -0.028441 -0.126208 0.162259 -0.054077
0.001397 0.000948 -0.000673 0.209941 0.306615 -0.289660
-0.012525 -0.014395 -0.011051 -0.056322 0.265403 0.452490
-0.009646 0.014078 0.007671 -0.026084 0.161315 -0.173124
-0.001214 0.002168 -0.001956 -0.045876 0.057959 -0.006692
-0.040099 0.010742 -0.027140 0.123219 0.011760 -0.050805
