0.021766 -0.011704 0.005972 0.349461 0.042172 -0.123192
0.023204 0.074330 -0.047905 -0.068459 -0.143561 0.010479
-0.063788 -0.062830 0.009201 0.370209 0.256468 0.320604
-0.026171 -0.006375 -0.016097 0.129458 0.081256 -0.004845
0.001542 -0.006033 0.005250 -0.039342 0.039165 -0.037325
-0.077289 -0.043103 0.016235 -0.260261 0.170753 0.256380
-0.046532 0.011661 -0.017699 -0.094213 0.117619 -0.167223
-0.042863 0.060836 -0.027403 0.033158 0.064515 0.029628
0.000986 -0.001610 0.001951 -0.151227 -0.181240 0.215002
0.047924 0.050517 -0.031833 0.050119 -0.099720 0.242180
-0.006003 -0.004223 0.001701 -0.066784 -0.059466 0.082469
0.015390 0.020134 0.016647 0.156915 -0.085583 0.003191
0.005242 -0.004086 -0.004224 -0.079733 -0.080797 -0.023872
-0.001227 0.003042 -0.003010 -0.000271 0.207570 -0.288777
0.034364 0.007626 0.028352 0.215755 0.281084 -0.045624
0.085849 0.084339 0.083185 -0.019312 0.098975 -0.437386
-0.011528 -0.020046 0.019943 0.203869 -0.050655 0.008834
0.033762 0.000986 -0.009372 0.087438 0.076033 -0.086899
-0.013635 -0.030092 0.040480 -0.150789 -0.185710 -0.163361
-0.047369 0.040527 -0.001749 -0.041272 -0.154055 -0.024600
-0.011682 -0.006874 -0.011829 -0.090506 0.095671 0.117835
-0.062023 0.007182 -0.016211 0.140603 -0.103223 -0.119014
-0.033563 -0.012733 -0.010309 0.063369 -0.042961 0.135078
0.035892 -0.065900 -0.001910 -0.306191 0.297439 -0.221168
-0.001064 -0.063721 0.071852 -0.285841 -0.026792 -0.145609
-0.039913 0.066797 0.064533 -0.280725 0.253593 0.335764
0.000743 0.020439 -0.020656 0.003741 0.000858 -0.000929
-0.005486 -0.041168 -0.030382 -0.253525 0.419980 -0.235533
0.008755 0.020649 -0.016445 -0.176246 0.167856 -0.018651
-0.015284 -0.021209 -0.003286 0.003883 -0.001921 0.004387
-0.064897 -0.061840 -0.016998 -0.283496 0.235718 0.338650
0.008798 0.001577 -0.003812 -0.001653 0.071808 0.003525
0.045109 0.049802 0.046117 -0.121661 0.060596 -0.111229
0.000171 -0.001996 0.011966 0.008514 -0.299589 -0.158518
0.023584 0.033266 0.031598 -0.083722 -0.115095 -0.286687
-0.010911 0.032557 0.007520 -0.204526 -0.386841 -0.356972
0.023874 0.023855 0.020111 -0.075618 -0.042973 -0.017315
0.031522 0.037181 -0.022257 0.355983 -0.272095 -0.282592
-0.008382 -0.005018 -0.011020 -0.311671 0.354282 -0.046368
