-0.002119 0.000781 0.002198 -0.137814 -0.047160 0.049050
-0.019912 0.019357 -0.006544 -0.100952 -0.167723 -0.126972
-0.028034 0.038193 0.065213 -0.367152 0.147065 -0.133858
0.002652 -0.005530 -0.005388 0.318896 -0.226455 0.263644
-0.018703 -0.067046 0.014502 -0.145459 -0.330420 0.120487
0.027469 -0.006983 0.012326 -0.053804 -0.078851 -0.059425
0.024635 0.029351 0.012179 -0.143119 -0.036002 0.082617
0.001959 -0.001929 0.001054 0.027049 0.052855 0.062299
0.015364 -0.030615 0.017658 0.032075 -0.008489 -0.151399
-0.000332 -0.000220 -0.000205 0.090866 -0.145324 -0.017183
-0.011212 0.018501 -0.006066 -0.007688 0.229704 -0.215417
0.027784 -0.040695 -0.035454 -0.087578 0.126893 0.084148
-0.032548 0.020951 -0.024954 0.054934 0.176096 0.220116
-0.078540 -0.052662 -0.079126 0.044802 0.053981 -0.000342
-0.042391 0.036734 0.031821 0.187144 -0.050530 0.143701
-0.024468 0.015464 0.012850 0.141348 -0.062404 -0.052249
-0.000828 0.043098 0.047948 -0.362755 0.099112 -0.069774
0.063153 -0.066289 0.023201 0.071622 0.102412 0.115157
-0.043181 -0.027128 0.036791 -0.096439 0.279141 -0.132485
-0.004296 -0.035023 -0.011092 -0.032635 -0.132077 0.235928
0.052181 -0.054841 0.055912 -0.009716 -0.083574 -0.176797
-0.004489 0.006049 0.000752 0.015116 -0.000266 0.014420
0.011925 0.021414 -0.015008 -0.297807 -0.334494 -0.103112
0.025561 0.005606 -0.008569 0.159737 -0.151382 0.067718
-0.059812 0.005752 0.035734 -0.037908 0.033875 -0.083409
0.003016 0.001080 0.002040 0.039108 0.010452 -0.057953
-0.014323 -0.014806 0.000773 0.205172 -0.077262 -0.044165
-0.022839 -0.003984 -0.016966 -0.249816 0.106376 0.121241
0.013451 -0.024806 -0.016549 -0.083967 0.110256 0.029769
0.002992 -0.002065 -0.003161 -0.052235 0.092417 -0.028395
0.007481 0.010449 0.002331 0.050807 0.141131 -0.222119
-0.017258 -0.023447 -0.034741 0.113634 0.130719 0.011308
0.011544 0.000140 -0.007028 -0.195751 0.059764 0.122527
-0.029724 0.046385 -0.033261 -0.361279 0.418754 0.053473
-0.023833 0.049647 0.002316 -0.007532 -0.015572 -0.023647
0.004204 0.039813 0.002745 -0.081002 0.072433 -0.048329
-0.001761 0.017261 0.014724 -0.199163 -0.039956 0.237548
-0.050530 0.013450 -0.027306 -0.119899 -0.028816 -0.013627
0.047564 0.015352 0.015851 0.047023 -0.165726 -0.009241
0.018853 -0.004084 0.011396 0.409045 -0.332345 0.480860
-0.065254 0.027851 0.055519 0.042464 -0.058354 -0.002782
