0.004136 -0.005377 0.001619 0.019777 0.034398 -0.029438
0.000916 -0.016769 -0.004633 -0.131866 -0.029891 0.183120
-0.051156 0.060543 -0.063488 -0.083247 -0.182166 0.105994
0.000877 -0.054212 0.067116 -0.199553 0.273745 -0.117770
-0.043281 0.018112 -0.021285 -0.027267 0.039776 -0.083691
-0.037416 -0.011335 -0.066143 0.031675 0.110581 0.050815
-0.075303 0.002739 0.009011 -0.111104 -0.071940 -0.098131
-0.033268 -0.023686 0.055903 -0.187607 -0.123379 -0.244359
-0.025188 0.018836 0.029855 0.041108 -0.031197 0.050668
0.026786 0.041125 -0.007513 -0.009114 -0.015234 -0.000641
-0.027693 0.028507 -0.022872 -0.105480 -0.200695 0.039284
-0.000760 -0.010189 0.008556 0.096602 0.126553 0.141498
-0.006312 0.040820 -0.011103 -0.044926 0.004038 -0.102061
0.029533 0.043568 -0.040557 -0.049270 0.106154 0.072129
0.084674 0.011055 -0.041447 0.117481 0.063351 -0.054655
0.000980 0.007530 0.021707 0.065691 -0.182389 0.072631
-0.007835 -0.035174 0.075966 -0.050765 0.043051 -0.007494
-0.016387 0.011988 -0.000671 -0.018418 -0.003447 -0.007260
0.013301 0.006648 0.008166 0.012652 0.019012 -0.006217
-0.018802 -0.016292 0.011796 0.017048 -0.029486 0.128654
-0.077839 -0.026167 0.045606 -0.239065 -0.019187 -0.208656
-0.010030 0.059551 -0.047485 -0.085071 -0.015083 0.067158
0.005827 -0.000546 -0.019444 -0.007777 -0.106729 -0.119838
0.001124 0.002575 0.001161 0.229344 0.153080 0.066778
-0.019610 0.037359 0.000519 0.047855 -0.044701 -0.010309
0.015153 -0.036957 0.027361 -0.109509 0.182790 0.084220
0.004834 -0.002245 0.001401 0.015182 -0.070218 -0.112931
-0.057067 -0.025072 0.003810 0.218540 0.137944 -0.190216
-0.033886 -0.031355 -0.013686 0.028136 0.049048 0.013587
0.000017 -0.000011 0.000131 -0.002475 -0.006709 -0.002649
0.026766 -0.080643 0.036436 0.176332 -0.199788 0.205054
0.022750 -0.021855 -0.000435 -0.426545 0.143206 -0.119129
0.055259 0.019599 0.057357 -0.062398 -0.026649 0.008166
-0.011841 -0.017596 -0.034834 0.009814 0.042230 0.020202
-0.019403 0.019068 -0.028281 0.018845 -0.059288 0.006658
0.028436 0.029880 -0.052612 -0.056793 0.015511 0.010989
-0.003893 -0.022844 -0.010407 0.009515 -0.075923 -0.053817
-0.039102 -0.007572 0.015044 -0.039050 -0.022770 -0.019865
0.001974 -0.002116 0.004354 -0.109267 0.083795 -0.436085
0.036764 -0.043788 -0.031626 0.033075 -0.036630 -0.010663
