0.053126 -0.068156 -0.057551 -0.002761 -0.004937 -0.019004
-0.063846 -0.062178 0.000500 0.043607 0.024152 0.222139
0.026514 0.012480 0.020230 -0.148868 0.277794 0.019195
0.009364 -0.001483 -0.070508 0.198891 0.013296 -0.064901
0.059876 0.064831 -0.000382 0.012430 -0.014261 0.021099
0.004006 0.004106 0.021945 -0.234696 -0.195470 0.263799
-0.000130 -0.011189 -0.037034 -0.077910 -0.170652 -0.155116
0.012069 0.021518 -0.039396 0.354595 -0.045430 -0.299967
0.009774 0.007136 0.012673 -0.069672 -0.235603 -0.321738
0.035801 -0.019994 0.010226 -0.222952 0.355221 0.182742
-0.038570 0.033135 -0.046315 0.133213 0.023540 -0.091957
-0.068109 -0.057573 -0.043316 -0.151410 -0.239307 -0.267804
0.002213 0.034807 -0.006988 -0.003915 0.000787 0.002287
0.040689 -0.009258 0.048046 0.364077 -0.021443 -0.066516
0.048198 0.044103 0.028509 -0.028309 0.149786 -0.064945
-0.022062 0.032097 -0.031173 -0.024573 -0.020029 -0.073070
-0.049595 -0.042754 -0.018670 -0.135755 -0.077770 0.018234
0.009155 0.004365 -0.018142 -0.096320 0.057268 -0.084047
0.036160 0.035151 0.018471 0.098572 -0.091616 0.061309
-0.046663 0.026612 0.013592 -0.179710 -0.116199 -0.334896
-0.009123 -0.061819 0.062519 -0.169386 -0.162413 0.000970
-0.018792 -0.050848 0.048520 0.335473 0.152255 0.214766
0.033458 0.025238 0.055410 0.037933 -0.069438 -0.066155
0.007038 -0.004397 -0.003513 -0.130685 -0.414378 0.245913
0.033221 -0.001317 -0.033564 -0.043614 -0.085898 0.039081
-0.027638 -0.030184 0.003823 -0.001814 0.114272 -0.133786
0.057909 0.047374 0.020947 0.168833 -0.068417 0.071113
0.028271 -0.040179 0.079395 0.232658 -0.027653 -0.234270
0.020842 -0.034443 -0.036405 -0.158084 0.150946 -0.146753
-0.007500 -0.002382 0.006123 -0.027514 0.051049 -0.057648
0.000704 -0.005679 0.003336 0.011618 0.001188 0.003827
-0.035846 0.015394 0.035259 0.062631 0.039386 0.228836
0.002526 -0.001582 -0.001768 -0.246831 0.061160 -0.128727
0.011844 0.017013 -0.006963 0.084550 0.074019 -0.034796
-0.000025 -0.001231 -0.001283 0.211217 -0.064496 0.200138
-0.058578 -0.054465 0.056594 -0.079545 -0.162770 0.113907
-0.018128 0.027834 0.023356 0.080044 0.142427 0.053024
-0.001441 -0.004581 0.000314 -0.104208 0.059693 0.014343
-0.012506 -0.042803 0.070126 0.250312 0.103804 0.232139
