-0.007164 -0.003611 -0.001914 -0.002508 -0.048691 -0.021346
0.017795 -0.019787 -0.028987 0.065808 0.186383 -0.074789
-0.004383 -0.004445 -0.002950 -0.039474 -0.093623 0.058662
0.040170 -0.039346 -0.029897 0.212159 0.153706 -0.131163
-0.030233 -0.018631 -0.001041 0.108603 -0.046767 0.077008
-0.008493 0.000147 0.004707 0.062971 -0.088357 0.026370
-0.012183 0.030896 0.016432 0.003235 -0.005194 0.007893
0.077679 -0.004105 0.069698 0.127326 0.127010 -0.006724
0.009380 0.005991 0.007092 -0.152521 -0.153906 0.100465
-0.045777 -0.045780 0.029191 -0.034571 0.160330 0.177154
0.013271 0.032982 -0.004759 0.001245 -0.014003 0.006927
-0.007945 0.029630 0.001396 0.395071 -0.109332 -0.223736
0.058400 -0.031729 -0.020410 -0.107572 0.051882 -0.323103
0.001542 0.019029 -0.031278 0.052708 0.043233 -0.037485
-0.022591 0.058612 0.016805 -0.109394 -0.132218 0.210746
0.049827 -0.023874 -0.044429 0.243818 0.123186 -0.024579
-0.010452 -0.008607 -0.011505 0.003092 0.012142 0.004036
0.008464 0.004591 -0.010928 -0.014548 0.011128 -0.011629
0.000368 0.000114 0.000149 -0.013821 -0.250364 -0.011328
-0.024271 0.039881 -0.040633 0.012683 -0.150263 0.155986
0.007882 -0.005876 0.004593 0.304071 -0.276020 0.095702
-0.002554 0.004587 -0.005922 -0.100956 -0.029414 0.069685
-0.003054 -0.004228 -0.009368 -0.005806 0.089615 -0.095538
-0.000243 -0.000139 0.000051 0.396818 -0.195238 0.077774
0.005753 -0.001332 0.007945 0.019907 0.128610 0.018901
-0.039284 -0.042499 -0.004306 0.104235 0.041718 0.106576
-0.012311 0.021601 0.062837 0.000148 0.003911 0.011816
0.028176 -0.068861 -0.028116 -0.062352 -0.084793 0.156977
-0.004464 -0.020459 0.006947 0.156316 -0.386373 0.142799
0.022466 0.012782 -0.000510 -0.013501 -0.007399 0.005372
-0.002156 -0.013264 -0.003147 0.122896 -0.052107 0.194405
0.039015 -0.022871 0.007117 0.426152 0.327701 -0.408402
-0.009036 -0.003368 0.000713 -0.064732 0.010236 0.145356
-0.037778 0.013593 -0.042962 -0.027699 0.030782 0.083395
-0.006401 0.010904 0.014698 -0.093063 -0.105608 0.171821
-0.003951 -0.036115 -0.041487 -0.008119 0.105410 -0.144710
-0.020545 -0.042662 0.066455 -0.100824 0.200165 -0.022833
-0.036358 0.030700 0.009697 0.002956 -0.007969 0.008955
-0.022952 0.061512 0.041993 -0.165766 -0.011278 -0.231737
