0.034648 -0.060031 0.055379 -0.455336 -0.268426 -0.343092
0.065688 0.031165 -0.071588 0.196571 -0.247127 -0.020226
-0.011327 -0.009189 -0.008149 0.014958 -0.037455 0.019396
0.014503 0.009351 0.020374 -0.433192 -0.314953 -0.400485
-0.001565 0.001406 0.001487 -0.058828 -0.070743 0.027719
-0.017595 -0.020500 -0.010966 -0.035010 0.090642 0.181438
0.003715 -0.005109 -0.004723 0.008137 -0.008992 -0.021328
0.018849 0.018153 0.027671 0.073874 -0.104395 0.108862
-0.039662 -0.038452 0.026951 0.295182 0.152821 0.398139
0.002395 0.001648 0.000431 0.270744 0.060010 -0.207409
0.026936 0.077572 -0.052733 0.096410 -0.047689 -0.044989
-0.032239 0.049668 -0.048587 0.264849 0.258252 0.109623
-0.000507 0.000671 0.000290 0.010631 -0.142860 -0.017663
0.007364 -0.009660 -0.000315 0.458875 0.122010 0.038282
0.052959 -0.034731 0.000455 -0.006513 -0.010987 0.020093
0.016488 -0.023934 0.033669 0.012052 0.110830 -0.031321
-0.019424 -0.009336 -0.010519 0.003748 0.003559 0.001389
-0.015596 -0.023484 0.013494 0.097510 0.093221 0.140077
0.020903 -0.073692 -0.050641 0.244521 -0.080683 -0.286726
0.019019 0.007355 0.007721 0.090152 -0.005845 -0.127599
-0.047755 -0.034992 -0.012049 -0.045232 0.008349 0.214161
-0.008495 -0.031829 0.003827 0.150747 -0.175227 -0.206776
0.005208 -0.006636 0.007265 -0.073546 -0.114562 0.269335
-0.030786 0.020215 0.029294 0.214046 0.352976 0.008854
-0.019196 -0.036137 0.019076 0.084631 0.159434 -0.426437
0.004482 -0.009557 0.018109 0.039475 -0.031645 -0.257453
-0.016542 0.024716 0.018556 -0.085609 0.097495 0.089243
-0.066253 0.050965 -0.072659 0.210368 0.472053 -0.173829
-0.006237 -0.001877 -0.007588 -0.069977 0.151936 -0.065790
0.052301 -0.010738 0.021264 -0.027088 -0.108777 0.038769
-0.000670 0.000432 -0.000233 -0.079013 0.004701 0.127413
-0.050592 0.009725 0.032222 -0.012734 -0.013117 0.023936
0.051711 -0.036497 -0.029405 -0.109283 -0.020948 0.294766
0.008745 0.012338 0.017487 -0.019550 -0.033829 -0.026478
0.034228 -0.014140 0.034645 -0.102818 -0.170140 -0.180932
0.032207 -0.011411 0.031078 0.133123 0.052130 -0.106923
0.033115 0.059784 -0.038516 -0.024859 -0.011046 -0.014423
-0.004490 -0.002629 0.000461 -0.103500 -0.287118 0.068025
0.022343 -0.021251 0.018637 -0.172391 -0.179363 -0.183840
-0.022574 0.038053 -0.002991 0.155197 -0.217337 -0.149881
