-0.051459 0.044802 -0.034719 0.338686 -0.057263 0.138838
-0.003059 0.004053 0.033484 -0.069724 0.065450 -0.050729
0.005320 -0.008348 0.011466 -0.212402 -0.170061 0.408280
-0.008128 0.001116 0.007841 0.023511 -0.077446 0.015742
0.074051 -0.019790 -0.056983 -0.114168 0.001038 0.089600
0.002550 0.004476 -0.003095 0.043247 0.087630 -0.347957
-0.008986 -0.034533 0.021685 -0.061320 0.187916 -0.229520
0.016830 0.039195 -0.027129 -0.116099 0.161644 0.065507
-0.074298 -0.032413 -0.060195 0.019785 -0.036822 0.023235
-0.003884 0.005859 -0.013413 -0.073597 0.068702 0.268028
-0.001380 -0.028925 -0.020951 -0.386206 0.114116 -0.366799
-0.006124 -0.002978 -0.004432 0.163608 0.065220 0.024561
0.010929 0.043404 0.053538 -0.116550 0.118274 -0.162839
0.000846 -0.000018 -0.000479 0.068989 0.303311 -0.271318
0.002353 -0.001985 0.002505 -0.000885 0.000727 0.000539
-0.013964 -0.010825 0.003847 0.002927 0.180064 -0.053037
-0.032630 0.014781 0.069029 0.043653 0.082394 -0.028829
0.032846 0.070389 -0.030461 0.076703 0.081925 0.055876
-0.034797 -0.009252 -0.014676 -0.101913 0.353159 -0.226181
-0.033919 -0.004788 0.069665 0.158068 0.088590 0.352671
-0.012763 0.013076 0.010816 -0.236241 0.052889 -0.168168
0.011177 0.005207 -0.007130 0.215305 0.138282 -0.315724
0.006945 -0.007926 -0.010329 -0.004024 0.018126 0.027442
0.054247 0.048101 -0.041939 0.257404 0.139055 0.058690
0.049227 0.012567 0.015535 0.113594 -0.203242 0.150897
0.050784 -0.002767 -0.016757 -0.011683 0.054815 0.026070
0.006319 -0.002600 -0.002416 -0.016372 0.211486 -0.176271
-0.019158 0.046763 0.022670 0.097295 0.144523 -0.113701
-0.003320 -0.000409 0.001433 0.085999 -0.235206 -0.120577
-0.020779 0.009952 -0.027206 0.172266 0.189311 -0.324132
-0.001719 -0.006920 -0.015058 0.129040 0.035449 0.360786
0.042362 0.012827 0.022064 -0.464548 -0.114223 -0.270578
-0.003538 0.000857 0.001440 -0.160865 -0.042653 -0.243233
0.041986 -0.023865 -0.015883 0.204640 -0.088085 0.090190
-0.020351 0.015235 0.016733 -0.143650 0.004318 -0.175651
0.026863 0.029104 0.034300 0.229839 0.239018 0.224102
0.069452 0.024130 0.026598 -0.029157 0.052531 -0.075677
0.019255 -0.034570 0.015359 0.097228 -0.029578 -0.183119
0.022353 -0.059052 -0.021957 -0.030348 -0.036366 0.008545
-0.042124 -0.043623 0.047445 -0.026271 -0.035239 0.070914
