-0.002219 0.000684 -0.005025 0.308734 0.473864 0.178144
0.015799 -0.010030 -0.000449 -0.041241 -0.001508 -0.027580
-0.004273 -0.003564 -0.003406 -0.002079 -0.199485 -0.029982
0.014614 -0.045221 0.030320 -0.003569 0.255888 -0.192516
0.024187 0.034873 -0.058623 -0.007100 -0.000556 0.008826
-0.033055 0.033625 0.044684 0.090468 0.100425 -0.176020
0.031480 -0.072745 0.020617 -0.002473 -0.096200 0.086723
0.008669 -0.000590 0.007820 0.325733 0.406415 0.175614
-0.039469 0.033241 0.011107 0.054616 -0.020192 -0.007581
-0.016115 0.036581 -0.041303 -0.404238 -0.319556 -0.376413
0.004668 0.001236 0.001490 0.273886 0.222506 -0.375402
-0.000164 0.000190 0.001045 0.277569 -0.328980 0.034866
0.010323 0.010063 0.042482 -0.165805 0.155960 -0.088186
-0.036829 -0.017978 0.031472 -0.067716 0.051326 -0.021264
0.045833 -0.009481 0.001348 0.128680 0.188282 0.136155
0.006576 -0.010044 -0.012502 0.039927 -0.028018 -0.235618
0.002872 0.008861 -0.038404 -0.174720 -0.183363 0.183155
0.072738 0.025993 -0.045437 0.012683 -0.179074 0.262760
0.026326 0.009596 0.002630 -0.023218 0.072413 0.068195
0.004060 -0.029545 -0.003561 0.081071 -0.370630 0.148772
0.017226 -0.011046 0.010276 0.004420 -0.138932 -0.166105
0.048646 0.075604 -0.061553 -0.216196 0.043029 0.116719
0.004664 0.005602 -0.005763 0.007071 0.024338 -0.015403
0.011265 0.007398 0.016252 -0.062827 0.175544 -0.137375
-0.023178 0.008782 -0.023469 -0.177392 0.181102 0.118871
0.011210 0.026993 -0.036038 -0.071223 0.127229 -0.134710
0.042324 0.031296 -0.004970 -0.059893 0.058777 -0.156408
0.071788 0.000470 -0.056792 0.007671 -0.038003 -0.076720
-0.049792 0.045594 -0.057797 0.040609 -0.055439 -0.078446
-0.016764 0.040105 0.025670 0.020381 0.073920 0.036367
0.050342 0.019081 0.001283 -0.126723 0.107093 -0.056022
0.037425 -0.036452 0.048165 -0.005930 0.035190 0.022313
-0.015059 -0.009725 -0.008582 -0.171445 0.292484 -0.125148
-0.012486 -0.000447 -0.004923 -0.022618 0.057686 -0.018533
-0.014537 0.049456 0.058817 -0.007471 0.423694 0.441539
-0.042815 0.077500 0.057061 0.092134 0.262965 -0.040612
-0.011519 0.029875 -0.013728 -0.075086 0.147058 0.082810
0.038927 -0.002210 0.031640 0.085785 -0.061453 0.067466
0.062626 0.052762 0.030105 0.220735 0.028748 0.188437
0.005004 -0.028424 0.000404 -0.004487 0.001946 -0.001158
