0.000226 0.000491 0.000119 0.115890 0.137174 0.125256
0.005643 0.056212 -0.023137 -0.030057 0.016388 0.000419
-0.011344 0.026848 -0.039556 -0.236073 -0.121054 0.291253
-0.025845 -0.006926 0.022306 -0.318538 0.235846 0.395191
-0.023110 0.012904 0.000819 -0.029361 -0.036827 -0.031081
0.045171 0.025952 -0.025989 0.006329 -0.292312 0.267204
-0.036727 0.022711 -0.035100 0.191090 -0.022977 0.119650
-0.020383 0.033759 0.010254 0.125261 0.048333 -0.071683
-0.000110 -0.006161 -0.001516 -0.012720 0.253732 -0.148841
0.008417 0.037169 -0.024510 0.007372 -0.035244 -0.049677
-0.007646 0.008647 -0.042736 -0.018313 -0.061319 -0.037048
-0.020649 -0.061030 -0.024008 0.385936 -0.124346 -0.072840
-0.027507 0.022800 -0.032146 0.272610 0.118996 -0.217760
-0.024775 -0.003019 -0.012397 -0.021648 -0.028946 -0.043206
-0.011557 -0.005157 0.008232 -0.173003 0.103455 0.162459
-0.043637 -0.035749 0.003594 -0.089351 0.113294 0.057178
0.029544 0.002592 0.065503 0.078203 -0.075253 0.028759
0.043274 -0.058808 0.049213 0.339486 0.260593 -0.161189
-0.042804 0.060978 -0.021029 0.149605 0.119313 -0.135183
0.066129 -0.018627 -0.023097 0.126850 -0.104635 0.188243
-0.007733 0.010473 -0.006042 -0.068884 -0.132634 0.098820
-0.022485 -0.028296 -0.050956 -0.107846 -0.083310 0.126085
-0.041145 0.068744 0.053220 0.033379 0.010566 0.034879
0.016299 -0.018627 0.008737 0.082851 -0.034254 -0.072961
-0.013542 -0.059555 0.049374 -0.038642 0.004229 -0.015595
0.044611 0.073434 -0.079439 0.079329 0.089106 -0.228217
0.004781 0.017188 -0.004215 -0.136860 0.201004 -0.105986
0.031064 0.033239 -0.033003 0.002600 0.004681 -0.004568
0.051092 0.017589 -0.007598 0.016977 0.023907 -0.063566
0.016065 0.033555 0.008261 -0.014654 -0.030174 -0.061840
0.008703 -0.012207 -0.008341 -0.091490 0.243521 0.251767
-0.009599 0.031821 0.031625 -0.236963 -0.124111 -0.213935
-0.021752 -0.012568 -0.010974 0.245883 -0.296990 -0.128981
-0.022735 0.041252 0.024765 -0.090806 -0.108512 0.224542
0.037437 -0.019393 -0.013770 -0.342340 -0.319407 -0.314509
-0.041319 0.036900 -0.018776 -0.102443 0.119425 0.031263
-0.006138 -0.049442 0.015330 -0.010700 0.375460 0.332811
0.036589 -0.066466 0.051311 0.009365 0.007358 -0.017130
0.006218 0.016169 -0.029586 -0.178906 0.030376 0.156148
0.012998 0.049693 0.033435 0.156520 -0.022773 -0.001747
-0.010421 0.001263 -0.015879 0.059330 -0.060704 0.053248
