0.024694 -0.050046 0.007816 0.220637 -0.244883 -0.308886
-0.001199 -0.010486 -0.062397 -0.474553 0.182712 -0.267579
-0.037279 0.003650 0.018598 -0.110217 -0.034868 0.146126
0.043990 -0.024848 0.066389 0.001105 0.018009 -0.027153
0.002507 -0.004524 -0.006630 0.138435 -0.125410 0.194703
0.026080 0.002932 -0.003893 0.271692 -0.296932 -0.099970
-0.009551 0.013564 -0.010382 -0.041055 -0.187554 0.017495
-0.027124 0.025746 -0.015895 -0.083137 0.205797 -0.017968
0.043013 -0.051371 -0.015017 -0.149693 -0.134629 -0.235065
-0.008124 0.000631 -0.001753 -0.182883 0.057222 0.090021
0.006232 -0.016202 -0.018423 -0.083216 0.001517 0.098455
0.020628 -0.019860 0.008746 0.039257 0.032774 -0.204912
-0.040565 0.009102 -0.000994 0.085419 -0.026938 0.007341
-0.009535 -0.000399 0.002381 -0.023944 0.085509 -0.161097
0.001465 0.039607 -0.029987 0.086012 -0.297147 0.305662
0.003013 0.006129 -0.004780 -0.128888 0.066360 0.021107
-0.016684 0.007199 -0.007562 -0.156104 -0.055714 0.369864
-0.001572 -0.065011 0.042570 -0.040873 -0.020859 0.056381
-0.004867 0.004532 -0.025626 0.103289 0.050511 -0.154017
0.010413 -0.000492 -0.011955 -0.018752 -0.119225 -0.058964
0.011418 -0.017067 0.017059 -0.005919 -0.020805 0.022964
-0.040370 -0.016309 -0.028879 0.001417 0.028146 0.043767
0.005421 -0.008948 0.009873 0.055574 -0.229569 0.047618
0.008242 0.020745 -0.022080 0.188031 0.080985 0.167960
-0.056370 -0.011387 -0.038128 -0.127108 -0.055920 -0.214920
-0.015276 0.037072 0.024105 -0.085791 -0.068753 0.044959
-0.025257 0.051910 -0.057259 -0.143415 0.072212 0.158744
-0.004642 0.003538 0.003449 0.112379 -0.133234 0.201949
-0.003673 -0.008670 0.001986 0.157166 0.097460 -0.108264
0.006207 0.006332 0.005279 0.319490 0.192855 -0.070118
-0.012010 0.010616 0.002933 0.018921 -0.027376 -0.003620
-0.042846 0.003390 -0.050978 -0.073357 -0.084439 0.072018
0.015633 -0.040043 -0.048997 0.236392 -0.147922 -0.252752
0.000385 0.005336 0.004441 -0.161085 -0.099401 -0.071812
-0.006399 0.005882 0.003848 0.333017 0.370846 0.205174
-0.018339 -0.007086 -0.006583 -0.067533 -0.043041 0.014944
-0.056501 -0.063432 -0.047206 -0.292656 0.413164 -0.252585
0.060618 -0.017717 0.006401 0.006645 0.000143 0.006389
-0.032552 -0.006743 0.014810 0.033651 0.003535 0.050193
-0.001691 -0.006557 -0.001111 0.023508 0.104622 -0.070235
