-0.017121 -0.025787 -0.009692 0.128047 0.112092 0.044528
0.008983 -0.010701 0.024187 0.029797 0.117216 -0.198818
-0.002288 -0.002251 -0.003881 -0.095973 -0.049438 -0.047554
-0.001530 0.002342 0.003204 -0.043477 0.165565 -0.102609
-0.057053 0.026530 0.042802 0.003227 -0.262525 -0.151516
-0.010909 -0.018926 0.005346 0.055880 0.056773 -0.018245
-0.061756 0.014447 0.058391 0.133580 0.257673 0.249258
0.004080 0.050175 0.048273 -0.011736 -0.263695 -0.121523
0.032931 -0.019590 -0.024128 0.209704 -0.168586 0.195719
-0.025968 -0.016686 0.015326 -0.265295 0.161892 0.237629
0.009820 -0.012760 0.003239 -0.002354 0.013685 0.008327
-0.011837 0.040351 -0.043682 0.008351 -0.072822 0.024785
-0.003133 0.018491 0.009840 -0.219065 -0.056144 -0.369147
-0.018645 0.039979 -0.046495 0.055358 0.021018 -0.122593
-0.017961 -0.070905 0.036533 -0.045172 0.067457 -0.116224
-0.004381 0.004439 -0.001109 0.072280 -0.129645 0.009404
-0.019148 0.036500 -0.033588 -0.049362 -0.307671 -0.070743
0.003627 0.005532 -0.006017 -0.060826 -0.023227 0.014448
0.022094 -0.048005 0.029160 -0.039715 -0.028976 0.227253
-0.028469 -0.013298 -0.022310 0.382812 -0.250731 0.058855
0.001424 -0.000238 -0.002480 0.171922 0.030929 0.035859
-0.024562 -0.002846 -0.020369 -0.136554 0.065639 -0.203904
0.004608 0.029179 0.020029 -0.096707 -0.189521 0.147911
0.007658 0.036654 0.011490 0.021344 -0.051325 -0.046379
-0.010668 -0.051960 0.011143 -0.001190 0.082827 -0.259249
-0.005981 -0.000614 -0.006402 0.006753 -0.050423 -0.073274
-0.007487 -0.006376 0.001547 0.128081 -0.093700 -0.070566
0.006139 -0.002291 -0.016504 0.440465 -0.268322 -0.184664
-0.066463 0.021845 0.066267 -0.277996 -0.226919 0.041764
0.004983 -0.004971 -0.006383 0.218510 0.137647 -0.122267
-0.061257 -0.049496 -0.046549 0.038295 -0.095846 0.092185
0.056068 -0.016457 0.031288 -0.142519 0.089561 -0.155358
0.029712 0.026828 -0.070427 -0.190522 -0.445031 0.075664
0.022524 0.014291 -0.021553 0.177992 -0.242363 0.134275
-0.009376 0.005939 -0.002937 -0.031193 0.028192 -0.091945
-0.040268 0.010532 -0.053787 -0.323286 -0.075843 0.171454
0.044496 0.045988 0.028937 -0.151801 -0.103286 -0.120362
0.036669 -0.048993 -0.007973 -0.086572 -0.348195 -0.249209
0.023730 0.011711 0.039342 -0.055796 -0.080406 -0.069163
0.014454 -0.051018 -0.040766 -0.111726 -0.074214 0.223391
