-0.007211 0.030985 0.016122 -0.050593 0.035977 -0.017040
-0.008122 -0.045653 0.004202 -0.161658 0.127638 0.093412
0.013962 0.013603 -0.007639 0.270600 0.170681 0.060887
-0.015075 0.017592 -0.046362 0.018206 -0.042976 0.055303
0.007726 0.014771 0.056749 -0.004892 0.005696 -0.005060
-0.001929 0.015161 0.015156 -0.283214 0.162997 0.254204
-0.010653 0.003219 0.011866 -0.116412 0.123776 -0.376333
-0.004169 -0.019661 0.007654 -0.034894 0.308191 0.327969
0.004187 -0.007698 -0.007656 -0.129296 0.151333 0.377199
-0.061259 -0.062210 0.071082 0.129315 0.071594 -0.297764
-0.024949 -0.006662 -0.014927 0.080498 0.078379 -0.159206
-0.015289 0.025166 -0.010621 0.095066 -0.127271 0.185694
0.026185 -0.019926 0.042295 -0.010976 0.192967 -0.077097
0.011148 -0.007785 0.000311 -0.082297 0.119000 0.098505
0.024064 -0.031195 -0.017227 0.440613 0.134654 -0.198690
-0.055377 -0.050050 0.035896 -0.278000 -0.435905 0.023915
-0.000583 -0.003477 0.000324 0.165945 -0.057500 -0.033775
0.016041 0.025818 -0.016457 0.249892 0.323395 0.098568
0.024230 0.005673 -0.030129 0.011341 0.180140 0.150399
0.004269 0.002164 0.011384 -0.288037 -0.312566 -0.102885
0.033945 0.019484 0.007849 0.009991 -0.015582 -0.010387
-0.023191 -0.025844 0.014462 0.025649 -0.074544 0.190420
-0.042107 0.000949 0.052836 0.150258 0.152419 0.126115
0.010158 -0.002571 0.003189 -0.244270 -0.324833 -0.280730
0.002854 0.007160 0.072337 -0.027295 0.218424 -0.061822
-0.039387 0.056042 0.003090 0.281837 0.227040 -0.270143
0.011712 -0.005265 0.007591 0.002381 -0.002233 -0.004957
-0.019219 -0.028643 0.025411 0.037493 -0.038171 -0.100843
0.013668 0.038870 0.016026 -0.334998 0.357536 -0.124807
-0.000389 -0.000549 0.000756 0.178418 -0.079090 0.222268
-0.001237 -0.003706 -0.004607 -0.089847 0.337484 0.138804
-0.053376 -0.033494 -0.064108 -0.034564 0.018307 0.020244
0.072169 0.008664 0.024738 -0.322075 -0.322560 0.032343
-0.006847 0.000392 0.009487 0.077079 0.120108 -0.038731
-0.014642 0.034881 -0.013432 -0.211032 0.100960 0.012720
-0.020696 -0.040746 -0.054864 0.005177 0.306223 0.060952
0.030632 -0.045325 -0.038519 0.366235 0.336590 0.095931
-0.033659 -0.062931 -0.063249 0.021689 0.011066 -0.029760
-0.046358 0.069227 0.004125 0.124280 0.004305 -0.012643
-0.030080 -0.006654 0.066725 0.338050 0.340386 -0.310462
