-0.005319 0.021904 0.022143 0.020981 0.275578 -0.379016
-0.001891 0.036633 -0.009702 0.138605 0.376677 -0.331402
0.011636 0.021603 0.007513 0.099765 -0.113914 -0.157840
0.000820 -0.041553 -0.017099 -0.359480 -0.041504 0.089705
-0.026254 -0.030640 -0.022225 0.208758 -0.177243 0.109351
0.000270 -0.013724 -0.013198 0.168527 -0.350147 -0.179214
-0.041715 -0.051248 -0.061766 0.112427 0.033007 -0.116311
0.007412 0.053983 0.061555 -0.174812 -0.114133 -0.040091
0.014931 -0.003218 -0.015148 -0.187062 -0.223670 0.178394
-0.010067 -0.006716 -0.015229 0.113415 0.066570 -0.273459
0.032476 0.081579 -0.032756 -0.226659 0.037701 0.302703
0.013892 -0.014687 -0.007376 0.061179 -0.086189 -0.072084
0.005253 0.002258 0.004681 -0.072844 0.074473 0.048561
-0.040600 -0.026440 -0.011547 0.349393 -0.241603 0.069995
0.028526 -0.030361 0.009662 -0.034679 -0.043837 -0.036674
0.013012 0.009383 0.011432 -0.466668 -0.117814 0.085138
-0.003352 0.009956 -0.000106 0.147152 0.387899 -0.065421
-0.004012 0.004718 -0.007359 0.025599 -0.021619 -0.023640
-0.002608 0.015700 -0.013978 0.015923 -0.038297 0.084052
-0.012343 -0.001957 0.033558 0.071969 -0.319592 0.126808
0.023441 0.016548 0.010793 0.030696 0.116243 -0.224170
-0.007324 0.050515 -0.021631 -0.010462 0.054169 0.045161
0.027974 -0.032168 0.000359 -0.443126 -0.405533 -0.008469
-0.020825 0.031735 -0.016525 0.151335 -0.000223 0.156448
-0.014957 0.010928 0.002554 -0.045314 -0.038422 0.025339
0.077995 -0.011208 0.059342 0.147606 -0.363897 0.081451
0.014151 0.060619 0.017779 0.028913 0.007521 -0.015063
0.016165 0.031966 0.026548 0.056050 -0.162692 0.090731
0.055774 -0.031258 0.008558 0.067137 0.072131 -0.184398
-0.065032 -0.032145 -0.004624 0.058401 -0.032464 -0.228602
-0.024527 0.043344 -0.034107 -0.005891 0.006459 0.003240
-0.002590 -0.014737 -0.019586 0.211571 0.212261 0.173420
-0.037021 -0.049182 0.039276 0.133030 -0.255072 -0.319678
-0.006866 0.022781 0.002866 0.042637 0.087504 -0.001857
-0.046758 -0.043633 0.015865 0.242544 0.121746 -0.183474
-0.057045 -0.023488 0.018234 0.007305 0.007243 -0.036656
0.011591 0.012242 -0.014015 0.370602 -0.316925 -0.382671
-0.047098 0.026677 0.009745 0.002445 0.008574 -0.051019
-0.019129 0.018303 -0.011320 0.034736 0.039725 0.051919
0.046700 -0.011859 -0.024253 0.299351 0.079566 0.367122
-0.004026 -0.010826 0.009694 0.262560 0.139884 0.145112
