-0.036841 0.031438 0.046656 -0.009594 -0.013798 -0.017188
-0.042087 -0.044573 0.013595 0.114213 0.004509 -0.006327
0.039745 -0.026079 -0.007344 0.302857 0.238280 -0.098258
0.008346 -0.003594 0.004028 0.347312 -0.047793 0.377757
-0.001960 0.011408 0.005820 -0.190987 0.104594 -0.256359
0.029494 0.063246 -0.001173 -0.087860 -0.005696 -0.173473
-0.022034 -0.065531 0.073006 0.007181 -0.007084 0.108649
0.029671 -0.008207 -0.039485 0.011938 0.058085 0.052728
0.000654 0.000508 -0.000553 0.064034 0.057097 0.029326
0.026109 -0.004504 0.052072 0.335852 0.374987 -0.136856
-0.003695 -0.024362 -0.004104 0.076939 0.052011 0.083424
0.002931 -0.015313 0.015578 -0.156597 0.025390 0.043847
0.030597 0.032387 0.022092 0.106691 0.061218 0.216525
-0.024750 0.015542 -0.015396 -0.039228 -0.017938 -0.091397
0.004474 -0.048783 -0.024230 0.084782 -0.106678 0.030704
-0.034153 0.000841 0.003821 -0.135489 0.057844 -0.096930
0.064858 0.026028 0.041014 0.045556 -0.066021 0.050618
-0.031200 0.002091 -0.007331 -0.116079 -0.447111 -0.162868
0.002686 -0.009508 0.011886 -0.040062 0.041459 0.107253
0.000125 0.000056 0.000024 0.010788 -0.000631 0.003007
-0.002097 -0.053131 -0.042470 -0.061758 -0.041571 0.071305
-0.009081 -0.008766 -0.017644 0.201599 -0.011649 0.084937
0.012570 -0.001932 0.009191 0.365360 -0.308809 0.013810
0.031997 -0.044663 -0.037698 -0.021782 0.003564 -0.000119
-0.024544 -0.007038 -0.012361 -0.057913 0.243071 -0.173694
0.010033 0.001782 -0.006160 0.162939 -0.056571 0.242732
0.025414 -0.006206 -0.005840 0.002367 -0.059719 0.035480
0.011389 0.002773 0.005358 0.113596 -0.003146 -0.066749
0.065184 0.057593 -0.047846 -0.058679 -0.012527 -0.114477
-0.018054 -0.039317 0.035479 -0.082427 0.054275 -0.084149
-0.029796 -0.034712 -0.008795 0.214779 -0.208339 0.007046
0.049954 -0.066768 -0.067373 -0.031077 -0.214842 0.335869
0.028044 0.008555 -0.009725 -0.297234 0.052181 0.100838
-0.075484 -0.015778 0.043223 0.248871 0.166319 0.155693
-0.002532 -0.001412 -0.002832 -0.076740 -0.019643 0.041611
-0.007133 0.006978 0.021391 0.059338 0.191128 0.170999
-0.008112 -0.011267 0.003541 0.034766 -0.025989 0.028425
-0.008413 0.005988 -0.006220 -0.093009 0.064975 0.249407
-0.051775 -0.011361 0.030112 0.291471 -0.268427 0.127712
-0.015888 -0.001791 -0.009865 0.195821 -0.208163 0.160599
-0.015901 -0.024042 0.016420 -0.010731 -0.010152 0.005901
