0.047583 0.036741 -0.029815 -0.419229 0.351365 0.387284
0.000583 -0.005610 0.000514 0.090353 0.198407 0.117777
-0.083763 0.071183 -0.029562 -0.370058 -0.172773 -0.121338
-0.064747 -0.001360 0.022467 -0.129976 -0.006877 0.045835
0.006049 -0.006671 -0.000964 0.010074 0.171344 -0.186255
-0.051342 -0.051671 -0.045252 0.030589 -0.014322 0.027026
-0.034452 0.034445 -0.049477 0.151322 -0.124741 -0.153386
-0.016186 -0.032325 0.051276 0.172179 0.168389 -0.025619
-0.000681 -0.005800 0.008558 0.049254 0.034872 -0.072743
-0.058837 -0.029381 -0.070801 0.248044 0.190727 -0.477651
-0.003979 0.014183 0.043538 -0.132467 -0.267239 0.193439
-0.047100 -0.043358 0.064920 -0.343476 -0.264865 -0.289053
0.003415 -0.013153 0.008369 -0.168128 -0.372039 -0.094568
0.069705 0.002663 -0.033184 -0.071199 0.081332 0.104650
-0.021650 -0.014567 0.020644 0.115193 -0.118364 0.119729
-0.056343 0.072416 -0.049264 -0.043321 -0.026611 -0.013167
0.013279 0.047111 -0.020937 -0.035844 0.034805 0.023406
-0.047277 -0.036660 -0.029656 0.182020 0.174042 0.378485
-0.009862 -0.015826 -0.008254 -0.126779 0.079249 -0.109672
-0.001726 0.004300 -0.000847 -0.040377 -0.194059 0.141183
0.006850 -0.018448 0.009164 -0.063013 -0.038875 0.079382
0.031798 0.011663 -0.008215 -0.250399 0.047977 -0.397156
0.004691 0.052569 -0.037106 -0.141143 0.207174 0.120063
0.056254 -0.012736 0.040887 0.015651 -0.201005 0.326538
0.056052 0.002518 0.001630 0.072810 0.014027 -0.050143
0.014684 -0.002943 0.005829 0.016049 0.216289 0.127507
0.064093 -0.013262 -0.023594 0.212566 0.220803 0.112289
0.050058 0.057994 0.061900 -0.120715 -0.004772 0.030000
-0.023694 0.016537 0.012361 -0.077321 0.067307 0.149879
-0.011280 0.011545 -0.009494 -0.030560 -0.017332 -0.043772
0.000160 0.000026 0.000095 0.031736 0.122298 0.184763
-0.046552 -0.014640 -0.041164 0.008425 0.178504 -0.251615
0.023372 -0.034127 0.003008 -0.001938 -0.012592 -0.029718
0.020711 -0.001247 -0.016130 0.354278 0.239948 -0.323555
0.002909 0.001007 -0.007030 -0.440774 -0.229065 0.165140
-0.002940 -0.002368 -0.006102 0.179506 0.196257 0.292973
0.001966 -0.024678 -0.044910 -0.082331 0.008832 -0.055684
-0.060258 -0.048498 -0.016192 -0.046111 0.000783 -0.007188
0.053773 -0.007910 -0.036098 -0.041915 -0.000840 0.025131
-0.059886 0.013390 0.066771 0.084637 -0.030707 0.064586
