0.005150 0.000375 -0.002602 0.096501 0.056364 -0.126590
0.047629 0.032317 0.027055 -0.188626 -0.183789 -0.213406
-0.004424 -0.013706 -0.002291 0.049290 0.008111 -0.001434
-0.001682 -0.001806 -0.004583 0.063095 0.219643 -0.018283
0.012523 -0.002902 -0.017085 -0.149735 -0.229378 0.263350
-0.006160 -0.009505 0.005317 -0.130249 0.072326 0.130651
-0.008928 -0.039663 -0.059678 0.059299 0.000981 -0.015668
0.029395 -0.052131 -0.054861 0.210456 -0.163009 0.110330
-0.007377 0.048883 -0.064646 -0.144481 0.233287 -0.102365
-0.005516 0.002747 -0.008277 -0.296669 -0.171898 0.260854
0.005976 0.004808 0.004389 0.122297 -0.237522 -0.216906
0.051875 0.052944 -0.028148 -0.053271 -0.028677 -0.077031
0.013110 0.012673 0.010507 0.244373 0.023242 -0.095428
-0.008260 -0.016652 -0.019646 -0.011641 0.079111 -0.120145
0.003862 -0.000493 0.000911 -0.435221 -0.355141 0.195477
0.006198 -0.005622 0.001601 0.042071 -0.340654 0.313085
0.003227 -0.000795 0.011869 0.000385 -0.000679 0.000447
0.010514 -0.010903 0.002880 -0.016354 0.042247 0.392311
-0.039711 -0.036488 -0.055131 0.198492 0.065229 -0.127574
0.015839 -0.004345 -0.026983 0.045150 0.051233 -0.009503
-0.014078 -0.005228 0.026788 -0.121217 0.146698 -0.065375
0.069412 -0.054159 -0.005097 -0.287631 -0.458859 0.223023
0.070125 0.047773 0.033394 0.016496 -0.019427 -0.038975
-0.002444 0.001415 0.000552 0.218614 0.018625 0.277648
0.001016 0.045166 -0.023576 -0.016322 0.149519 -0.042541
-0.016880 0.047732 0.017379 -0.020765 0.026191 0.010870
-0.022664 -0.004681 0.016104 0.310800 0.026552 -0.265709
0.020871 0.022986 -0.020184 -0.278737 -0.092294 -0.061574
-0.043561 0.018620 0.044740 -0.259951 0.432374 -0.263854
0.032027 0.015052 0.023127 0.004604 0.026417 0.009083
-0.011698 0.004073 -0.001746 0.019300 0.146258 -0.192192
-0.000401 0.016955 -0.026895 -0.422753 0.120544 -0.320100
0.003048 -0.011069 0.015856 -0.209599 -0.176500 0.198810
-0.062793 -0.038796 -0.050234 -0.299900 0.328003 0.310768
0.046909 0.038984 0.051943 0.083790 -0.293018 -0.425270
0.070003 0.021602 0.009042 -0.036307 0.029737 -0.032830
0.011674 0.006703 0.004990 -0.048572 0.060777 -0.046046
-0.002952 0.003009 -0.002649 0.069244 -0.244864 0.253945
0.060156 0.039562 0.022356 -0.198008 -0.167375 -0.230839
