-0.010100 -0.037736 -0.000919 -0.365099 -0.366651 -0.387335
0.019238 0.011065 0.033370 0.098167 0.192996 -0.224148
0.061092 0.026630 -0.062251 0.293803 0.297021 0.061232
-0.026439 0.025832 0.051255 -0.156798 -0.181029 -0.092632
-0.004158 -0.051924 0.028740 -0.209822 0.094948 0.246443
0.000322 -0.036967 0.071986 0.208385 -0.125419 -0.115849
-0.003343 0.054627 -0.018595 0.005018 -0.009374 0.029731
0.053057 0.001253 -0.031236 -0.312808 0.163192 0.004631
0.001062 -0.001215 -0.000108 0.412698 -0.154517 0.181697
0.003553 -0.002326 -0.009156 0.029874 -0.084526 -0.094610
-0.003202 0.008402 -0.001237 0.278139 -0.204107 0.331299
-0.013548 -0.012657 -0.025095 0.016413 0.010457 0.063624
0.051881 -0.077509 -0.035415 -0.023283 -0.023190 0.029412
0.008850 0.046570 -0.041668 0.079485 0.212625 0.290311
0.005723 -0.027990 0.028771 0.035810 0.023660 -0.001709
0.030243 0.024930 -0.017624 -0.278242 -0.122147 -0.035852
-0.020420 -0.015235 -0.008842 0.028402 -0.215778 -0.141166
0.013100 -0.004423 0.025075 0.300716 -0.242988 0.028187
-0.077528 0.003772 -0.069963 0.033635 0.012103 0.016620
-0.015943 -0.012109 0.001899 0.032935 0.026466 0.021234
-0.052077 -0.007041 -0.025033 -0.174614 -0.391127 0.329416
-0.025358 0.040499 -0.017521 -0.149030 -0.110095 -0.121239
-0.082162 0.058813 -0.085337 -0.020015 0.094129 0.144385
-0.001283 -0.016664 0.010918 0.046521 -0.212592 0.071504
0.011352 -0.003792 -0.009286 -0.057051 0.045104 -0.078970
-0.013294 -0.012984 0.007140 0.001056 -0.006542 0.004902
-0.025855 -0.013081 0.030340 0.184085 -0.029375 -0.013020
-0.014490 0.000287 -0.005077 -0.000114 -0.001716 -0.001754
0.008551 -0.005493 0.013456 0.000773 0.057482 0.038454
0.011468 -0.022173 0.007453 0.282564 0.333204 0.142819
-0.001502 -0.001582 -0.026651 -0.190575 0.070179 -0.146689
0.032069 0.010426 -0.001978 -0.039560 -0.140754 0.121290
-0.029306 0.053875 -0.048997 -0.046365 0.045125 0.033181
0.008019 -0.016778 -0.014193 0.003087 0.003615 0.000928
0.000399 0.000282 -0.000180 -0.081865 0.081008 0.156492
0.001422 -0.000275 0.001145 0.246435 -0.248081 0.136907
-0.035390 0.020229 -0.010743 -0.118091 0.285325 -0.137942
0.030281 -0.042463 0.004780 -0.066344 0.108971 -0.321419
-0.025939 0.030846 -0.056831 0.083319 0.240504 -0.071637
-0.066191 0.027243 -0.004564 -0.255188 -0.267303 -0.218002
