0.023753 0.029973 -0.030018 0.071171 -0.042776 -0.041074
0.000198 -0.009872 0.001284 -0.037016 -0.056631 -0.187552
-0.061347 -0.067753 0.003518 0.006342 -0.055629 -0.055816
0.036054 -0.051879 -0.048745 0.113869 0.222108 -0.407326
0.002525 0.021279 -0.006293 0.021440 0.085552 0.039089
0.060784 0.061739 -0.028793 -0.028331 -0.037914 -0.003805
0.019188 0.043111 -0.061152 0.090346 -0.007656 -0.115554
0.031675 0.032734 -0.000212 0.243757 -0.184902 0.085150
-0.037859 -0.005974 -0.029139 -0.050266 0.016646 -0.016998
0.000001 0.000806 -0.016627 -0.030402 -0.042916 0.210408
0.042306 -0.031684 0.031471 -0.102006 -0.064719 -0.147762
0.025414 0.036702 0.011674 -0.252211 -0.078687 -0.353933
0.044066 -0.023051 0.023777 -0.142371 -0.049588 -0.255235
0.020995 -0.022554 -0.016378 0.072285 0.043662 0.064133
0.019426 -0.014959 -0.011123 0.111991 -0.079100 -0.023029
-0.048057 0.000074 -0.026394 -0.152691 -0.300369 -0.106836
0.058314 0.037486 0.016024 0.105812 0.088707 -0.037966
0.030232 -0.031022 -0.019822 0.170197 0.167996 0.177848
0.008849 0.012842 -0.003072 0.180718 0.008119 -0.010980
-0.052189 -0.001501 0.035412 0.163668 0.020939 0.182518
0.000339 -0.006972 0.000910 0.009371 -0.186819 -0.167768
-0.022837 0.017336 0.034805 0.031344 0.041409 0.022855
0.022550 -0.030162 0.008491 0.291658 0.345322 -0.169323
-0.004849 0.017235 -0.042870 0.141171 0.083904 -0.057058
-0.024712 -0.014202 0.001264 -0.313662 -0.291737 0.163558
0.043841 -0.070104 0.039766 -0.169168 -0.143939 -0.193077
0.066839 -0.058143 -0.048796 -0.216017 0.194050 -0.339674
0.008322 -0.025748 0.007589 0.192017 -0.037407 0.214928
-0.066370 -0.005564 0.066732 -0.160487 0.112637 0.072191
0.065083 0.014748 0.038338 0.315094 0.254960 0.027350
0.017677 -0.015876 0.014532 0.355607 -0.321477 -0.143810
0.001324 -0.003259 0.001995 0.126486 0.164989 -0.215639
0.007417 -0.047405 -0.027812 -0.061239 0.148837 -0.162351
0.006364 0.007578 0.017541 0.045918 0.100602 -0.038008
0.038551 0.041281 0.018854 -0.021579 0.047768 0.081922
0.007396 0.000315 0.076599 -0.057608 -0.286402 -0.013077
0.002085 -0.024300 -0.017817 0.006296 0.036392 0.009784
-0.050528 -0.035919 0.050379 0.016751 -0.009019 -0.004007
-0.007768 -0.002234 -0.009407 0.061083 0.168153 0.088787
0.042248 -0.030786 0.074677 0.274970 0.088701 0.143422
