-0.003636 0.007657 -0.008237 -0.073376 -0.077566 -0.041569
0.014774 -0.004271 0.001358 -0.031965 -0.057500 0.010034
0.001183 0.003271 -0.001482 -0.026897 -0.074915 -0.015801
0.043691 -0.008210 0.042554 0.069536 -0.055854 0.010203
0.013732 0.004976 -0.020408 -0.003238 0.016583 -0.003788
-0.016790 -0.031333 -0.017392 0.055018 -0.057974 0.112415
-0.005601 0.052628 0.033853 0.000750 0.000777 0.002317
0.007635 -0.042379 0.030849 -0.291783 0.138044 0.246740
0.012183 -0.007955 0.007167 0.160606 0.172503 -0.217427
-0.016587 -0.010065 -0.006008 0.413518 0.112649 -0.469882
-0.021766 -0.001466 0.004916 0.101677 0.087388 -0.017014
0.000300 0.000964 0.000595 0.118320 0.007579 0.096869
-0.064805 -0.022232 0.039681 -0.278540 -0.285996 0.080020
-0.080268 -0.005172 0.031645 -0.004105 -0.152190 -0.109566
-0.014228 0.018202 -0.013989 0.250405 0.287713 -0.333084
-0.033590 -0.034759 -0.008021 -0.128772 0.001152 0.001896
0.019440 0.016768 -0.028763 -0.181270 0.176601 -0.174029
0.048968 -0.030003 0.043931 0.105188 -0.101424 -0.152334
0.006521 -0.006264 0.014359 0.099394 -0.191687 0.270682
0.005676 -0.014555 0.008700 -0.043310 0.013169 0.099265
0.081436 -0.064411 -0.018154 -0.218541 -0.136456 0.251675
-0.055713 0.046288 0.036631 0.340199 0.056374 0.325472
0.061575 0.023711 -0.013921 0.032420 0.030631 -0.002679
-0.007246 -0.055332 0.047129 0.027336 -0.009710 0.001146
-0.016203 0.004432 0.001374 -0.033057 -0.008677 0.065371
0.022477 -0.059727 -0.011777 0.287324 0.059513 0.234126
0.019484 -0.031218 -0.018143 0.077599 0.054894 -0.032304
-0.023877 -0.036690 0.042337 0.168625 0.223545 0.226095
0.021364 0.015495 -0.020497 0.073931 0.210985 -0.200474
-0.000709 0.014261 0.034449 0.051601 -0.266767 0.155579
0.006920 -0.021059 0.001089 0.006434 -0.023302 0.078121
-0.040407 0.025058 0.031475 -0.039707 0.103445 0.140828
-0.003163 -0.007738 0.000082 -0.209825 -0.366683 0.038033
0.029959 -0.039984 0.024740 -0.231138 -0.209680 0.186594
0.015940 -0.018973 0.012657 0.069308 -0.067480 -0.108386
0.015277 -0.017384 0.028351 -0.038127 -0.021307 0.003776
-0.019107 0.030198 -0.030455 -0.204274 -0.333544 -0.362540
0.047175 -0.013448 -0.052832 -0.139751 -0.071959 0.043140
0.024190 -0.003720 0.012827 -0.192094 0.284784 0.229521
0.023603 0.005471 0.016365 -0.275709 0.087571 -0.154173
