-0.057664 0.032297 0.039067 -0.235364 0.238506 -0.314688
-0.003117 0.004401 -0.001184 -0.025548 0.009310 -0.073166
0.060708 0.022484 -0.001087 -0.121846 -0.136613 -0.104566
-0.054908 -0.039825 0.038570 -0.104635 0.047603 -0.250122
-0.039328 0.008460 0.025830 0.298756 -0.153521 -0.248884
-0.006153 -0.001869 0.000582 0.091648 0.183047 -0.151769
-0.013762 0.009936 0.000796 -0.021351 -0.000584 -0.003356
-0.007736 -0.009269 0.004687 0.174699 0.167993 -0.298186
-0.050575 0.068402 0.058037 0.401402 -0.115789 -0.037748
0.026945 0.017242 -0.038536 0.166256 -0.143263 0.131372
-0.024327 0.033712 -0.023233 -0.234791 -0.108262 -0.038508
-0.051674 -0.045006 0.063497 -0.257143 0.068930 0.359040
-0.006084 -0.004443 0.005595 -0.085919 -0.080081 -0.045701
-0.044361 -0.028378 -0.000530 0.106131 -0.373985 0.213476
0.040398 -0.043206 0.029494 -0.000209 0.002141 -0.033201
-0.028405 0.020787 -0.018299 -0.014021 -0.015634 -0.006642
0.000222 0.001643 -0.000485 0.045784 -0.038039 0.043557
-0.016882 -0.003164 -0.062993 0.000223 0.009309 -0.002488
-0.029635 -0.029784 0.022467 0.000059 0.003884 -0.001903
0.004856 0.027456 -0.001557 0.056143 -0.154302 0.196042
0.006021 0.002336 0.002015 0.065216 -0.022648 -0.028347
0.013852 -0.017104 0.041073 -0.250680 0.121163 -0.176140
0.048424 -0.021029 0.029663 -0.020309 0.010357 0.001307
0.025055 0.014492 0.029921 0.433812 0.175649 0.292507
0.029486 -0.025848 0.027143 -0.029957 -0.089582 -0.230068
-0.022387 -0.000461 -0.023240 -0.312418 0.082887 -0.035059
-0.015159 0.027491 0.048026 0.439309 -0.107078 -0.387120
-0.002483 0.001672 0.002623 0.046526 -0.241062 -0.233072
0.061320 0.043084 0.036326 0.116283 0.115539 -0.038236
-0.018160 -0.012119 0.010628 0.056772 0.078334 0.008019
0.000962 -0.000811 0.003916 0.049710 0.124828 -0.052163
-0.002768 -0.019168 -0.009969 -0.008173 0.029946 0.061430
0.028849 -0.026800 -0.009825 0.214547 -0.107658 0.175858
0.011287 0.024960 0.025690 0.048075 -0.327582 -0.177139
0.010601 -0.011418 0.020114 -0.050555 -0.375220 0.098983
-0.010277 0.007404 0.000852 -0.028021 -0.026868 0.019345
-0.002451 0.002524 0.000089 -0.070755 0.226818 0.032846
0.002517 0.033921 0.065004 -0.063520 0.304508 -0.162942
-0.021109 0.029889 0.051056 0.105811 -0.006172 0.087971
0.036686 -0.001861 0.024082 0.284982 -0.201820 -0.090738
