-0.011069 0.075566 0.046484 0.033625 0.039185 0.334252
-0.031378 -0.014351 0.029484 0.180598 -0.035418 0.173261
0.000782 -0.056242 0.017759 0.184593 -0.030111 -0.419587
0.082869 0.036730 -0.068967 0.348863 0.263920 0.049174
0.002461 0.034554 -0.006826 0.004108 -0.008690 -0.007455
-0.003524 -0.023056 0.001847 -0.038792 0.088030 0.015881
-0.042521 -0.059137 0.005657 0.005764 -0.019342 0.039712
0.006829 -0.016437 -0.012957 -0.198638 -0.031902 -0.186822
0.011479 -0.051721 -0.047887 0.033389 0.018552 -0.018636
-0.009143 -0.011354 0.011375 0.186415 -0.100717 0.166361
0.065122 0.025377 0.035289 0.397758 0.219289 -0.102791
0.017791 0.017503 -0.015446 -0.332840 0.016999 0.141369
-0.032056 0.000386 -0.014245 -0.163766 -0.020866 0.000531
0.014511 0.005919 -0.015947 -0.046312 -0.487452 -0.155431
-0.037642 0.010673 -0.039100 -0.188854 0.031813 0.128204
0.008996 -0.054809 -0.037037 -0.107041 -0.113818 0.029957
0.007846 -0.000282 -0.005762 0.238789 -0.063490 -0.259805
0.020479 -0.015693 0.048356 0.076015 0.049191 -0.025837
-0.024214 0.011179 -0.002220 -0.113486 0.011948 0.130960
0.054850 -0.076601 0.016717 -0.401615 0.430241 0.157773
-0.018964 -0.031126 0.017864 -0.044821 0.118151 0.000809
0.000641 -0.055529 0.022009 0.175207 -0.047138 -0.044209
0.006430 0.004383 -0.001316 -0.294270 0.011404 0.036442
0.052367 -0.016436 0.009648 -0.236633 0.085862 0.232514
-0.018486 -0.034807 -0.011059 0.143524 0.113242 0.108377
-0.018015 -0.004490 0.011922 0.034584 0.016347 0.054637
0.029398 -0.006667 -0.029397 0.146720 -0.342169 -0.301382
0.026207 -0.007358 -0.039483 -0.037097 0.158362 -0.113146
-0.022895 -0.035279 -0.030110 0.080823 -0.354518 -0.285373
-0.023713 -0.051724 0.024137 0.202498 0.099895 0.033187
0.004711 -0.024793 -0.008480 -0.024053 0.137125 -0.022101
0.046845 -0.071757 -0.066413 0.017053 0.010641 0.065071
0.038133 0.010374 0.005206 0.150546 0.197980 0.334945
0.066823 -0.047193 0.046781 0.392164 0.109894 0.092831
-0.047006 0.023984 -0.012316 -0.211549 0.057841 -0.253967
-0.020238 0.013819 0.006236 -0.005182 0.009899 0.017146
-0.059675 0.006826 -0.059219 0.045893 -0.004952 -0.128539
0.000524 0.024010 0.019466 -0.047812 -0.051593 -0.052223
-0.008038 -0.006828 -0.006056 0.319445 0.417438 -0.326719
0.007613 -0.004941 -0.005598 -0.104869 -0.269430 0.135625
