-0.002011 0.001384 -0.002696 0.007666 -0.242449 -0.031511
-0.033394 -0.016926 0.000550 -0.006192 -0.223362 -0.053041
0.015013 -0.016294 -0.013305 -0.159490 0.104913 0.082674
0.017110 -0.012981 -0.023200 0.000599 0.001859 0.001552
0.002040 0.032378 -0.009514 -0.226884 -0.075184 -0.300048
0.002948 0.046560 0.020128 0.116246 0.308503 -0.138516
0.000426 0.008778 -0.002315 0.005737 0.180401 0.122089
-0.025580 0.018682 -0.039342 0.211567 0.184802 0.062119
0.018530 0.026809 0.034302 0.431220 -0.340701 0.372713
0.003973 0.015267 0.014729 -0.056229 -0.191355 0.265488
0.028651 -0.038938 0.009712 0.030297 0.025838 0.007577
0.012947 0.021864 0.023746 0.011718 -0.071869 0.022059
-0.004864 0.004517 0.001278 0.028562 -0.066659 -0.092141
-0.009713 -0.015491 0.006624 -0.156271 0.077162 0.115317
0.015171 0.013937 0.011059 0.033810 0.106981 -0.044544
-0.054504 -0.065469 -0.014417 -0.068054 0.108936 0.039704
-0.039403 -0.051697 -0.074009 0.000970 0.058986 -0.099466
0.004907 0.004333 0.006387 -0.104245 0.192844 -0.100543
-0.037743 -0.041874 0.002626 0.004218 0.036221 0.040361
0.015256 0.011264 0.008425 0.060704 0.024646 -0.092527
-0.009923 0.007425 -0.012160 -0.030027 -0.000965 -0.098880
0.030831 0.034915 0.002444 -0.286521 -0.284918 0.353758
-0.005231 0.048476 -0.036395 -0.002064 -0.171285 -0.252081
-0.000800 0.008422 -0.017065 -0.165195 0.415885 -0.135229
-0.000069 -0.001572 0.000084 -0.004217 -0.007169 0.005508
0.027933 0.036352 0.039123 0.204931 0.140046 0.175826
0.000203 0.000442 0.000236 -0.019591 -0.122664 -0.051432
0.029516 0.039899 0.038944 0.062148 0.335645 0.041803
0.013929 -0.071872 0.002656 0.224279 0.438789 -0.150568
-0.000944 -0.001704 -0.001825 -0.364519 -0.190798 -0.414714
-0.019183 -0.024530 0.057109 0.178411 -0.192981 -0.070239
-0.024872 -0.001007 -0.011501 -0.059120 -0.030265 0.107302
0.013150 -0.007633 0.006815 0.117586 -0.201581 0.367149
-0.050814 0.011367 -0.035896 -0.047353 0.016614 -0.057758
0.007011 0.007171 0.007407 -0.000980 -0.046419 0.036859
0.001809 -0.004759 -0.008699 -0.053810 0.046711 -0.219875
-0.016481 -0.003982 -0.005647 0.415459 0.419085 0.307946
0.022310 0.012722 -0.001859 -0.373891 -0.387576 -0.245883
0.008490 -0.001033 -0.011662 0.000885 0.000962 0.000581
-0.013286 0.037568 0.023999 -0.289349 0.239823 -0.338595
