0.007523 -0.023886 -0.014290 0.012194 -0.015533 0.006056
0.041083 0.041121 -0.052670 0.004565 0.009953 0.012070
0.065913 0.072934 -0.027049 0.008490 -0.003108 -0.025573
0.004128 0.017325 -0.031041 -0.067766 -0.034879 0.055389
0.029739 0.070924 -0.022883 -0.195241 -0.087590 -0.012713
-0.039590 -0.029863 0.030754 -0.000423 -0.019548 0.015492
-0.002867 -0.002413 0.007065 0.058259 0.391178 -0.348125
0.009816 0.016852 0.001310 0.000251 0.026183 0.042182
-0.005460 0.003669 0.003529 -0.133038 -0.078404 -0.001147
0.002182 -0.017655 -0.006997 -0.193293 -0.246099 0.041470
0.018571 0.031301 -0.037684 0.065575 -0.104320 -0.032388
0.008100 0.004373 0.011360 -0.236208 0.044193 0.080674
-0.009095 -0.003233 -0.035847 -0.030132 0.008175 -0.010936
-0.003210 -0.034751 0.035383 -0.005314 -0.019548 -0.002975
0.018083 0.016792 -0.023714 0.126916 -0.145061 -0.089965
-0.008160 0.002206 -0.003394 -0.088224 -0.069175 0.124066
-0.000624 0.003989 0.000281 0.291677 -0.193869 0.424415
-0.005553 0.006177 -0.002709 0.040477 0.034994 -0.081879
0.006297 -0.029669 0.040290 -0.086136 0.347208 0.257952
-0.038104 0.045052 0.031260 0.222982 -0.210473 -0.106647
-0.003955 0.005186 -0.016899 0.075355 0.062751 -0.055852
-0.063093 0.038013 0.043965 -0.103645 -0.156455 -0.168851
-0.024282 -0.009850 -0.027099 -0.138767 0.173107 -0.156762
-0.020437 0.003985 -0.005926 0.037567 -0.080279 -0.004357
0.061598 0.048066 -0.038031 -0.193047 -0.145627 0.192688
0.000760 0.000545 0.000830 0.046952 0.156307 0.045139
-0.019440 -0.003014 -0.038537 0.001568 0.153786 -0.130249
-0.033238 0.066061 0.055376 0.030008 -0.000951 -0.000527
-0.058573 0.030603 -0.021193 -0.275316 0.003549 -0.294358
-0.033157 0.019306 0.006969 0.019467 -0.022492 -0.003650
-0.006508 0.022997 -0.014302 0.196170 -0.015399 -0.162145
0.009401 0.009893 -0.007853 0.088995 0.090097 -0.174756
0.046165 -0.041366 -0.038351 -0.064198 -0.078060 -0.037931
0.043883 0.053939 -0.043249 0.018387 -0.246899 -0.220622
0.064501 -0.063882 0.027700 0.145697 -0.398012 0.011113
-0.014394 -0.003186 -0.013733 0.086229 0.287004 0.001383
0.056505 -0.040995 -0.061676 0.096424 0.332780 0.097401
-0.007331 0.010692 0.006434 0.054177 -0.009590 0.060544
0.031238 0.056669 -0.018661 -0.240854 0.262468 0.047546
0.042284 -0.070462 -0.061666 -0.013951 0.252999 0.121748
