0.022081 0.002321 -0.029218 -0.086374 0.153120 0.081443
0.058463 -0.015671 -0.020323 -0.166598 0.173959 -0.017080
-0.000691 -0.001073 0.000729 -0.117850 -0.232281 0.283854
-0.011380 0.016549 -0.012844 0.110044 -0.088804 0.157855
0.034699 0.040169 -0.042754 -0.026275 -0.001514 0.010427
0.013458 -0.025806 0.021775 0.135839 -0.100603 0.077796
-0.037846 0.025945 -0.033949 -0.002241 0.007173 0.000221
-0.004751 0.013045 -0.026621 0.100809 0.206781 -0.114511
0.062443 -0.018859 -0.015256 -0.109237 -0.102413 0.203231
0.035751 0.050643 -0.016070 0.220114 -0.394220 0.366858
0.006583 -0.003007 0.004485 0.044035 -0.045569 -0.008884
-0.001130 -0.002079 -0.000428 0.023065 0.069222 0.051636
-0.032299 0.032642 -0.025861 0.061384 -0.076709 0.224766
-0.011298 -0.012798 0.033459 0.302115 0.225592 0.158775
-0.027293 -0.027968 -0.018623 0.109765 0.184372 0.220323
-0.000466 0.000563 -0.000156 -0.070697 0.125806 0.093700
0.003582 0.005964 -0.006277 0.147343 -0.125615 -0.120398
-0.016797 0.004758 -0.015299 0.263557 0.158944 0.317655
0.018310 0.024421 0.006504 -0.000013 0.000016 0.000016
0.034098 0.061420 0.021151 0.039017 0.199516 -0.174992
0.003400 0.002231 -0.005571 0.010590 -0.005479 -0.000041
-0.028067 -0.022505 -0.028792 -0.023179 -0.024740 -0.000054
0.038738 -0.026658 0.011160 0.032896 -0.008721 -0.044742
-0.007726 0.002873 0.008474 0.125880 -0.055964 0.140461
-0.034694 0.073497 -0.013233 0.006973 -0.004825 0.007652
-0.027427 -0.004566 -0.007338 -0.108577 -0.060687 0.257411
0.028700 0.039983 0.024607 -0.040343 -0.010581 0.027230
-0.000304 -0.004188 0.004104 -0.383100 -0.338300 0.338413
-0.000116 0.000439 -0.000385 -0.201159 -0.399763 0.353702
-0.038630 0.034629 0.030608 0.118957 0.119891 -0.274038
-0.016963 0.015472 -0.001360 -0.033555 0.025815 0.000504
0.005683 -0.001276 -0.002036 0.416609 0.384505 0.164739
-0.005892 0.001757 -0.008603 0.120248 0.095993 0.082953
0.041563 -0.016043 0.012121 -0.050101 -0.159246 -0.081855
0.009809 0.006608 -0.018826 0.015947 -0.377146 0.292237
-0.005401 -0.006557 0.019273 -0.333448 -0.300052 0.153528
0.010597 -0.009470 0.005504 -0.039743 0.001220 0.011203
-0.000249 0.000403 -0.000931 0.288344 0.107479 0.165068
0.021426 -0.005141 0.024659 -0.077207 -0.356301 0.287765
-0.017967 -0.032723 -0.009125 -0.318776 0.044001 -0.266928
0.028260 0.002397 0.011588 0.133133 0.087112 -0.145997
