0.025527 0.005938 -0.008587 -0.130097 -0.140088 -0.140876
-0.062300 -0.038030 -0.022052 -0.142202 -0.169857 -0.162026
0.007505 -0.016271 0.010311 -0.131166 -0.328898 0.291985
0.029200 0.009934 -0.031873 0.115790 -0.325655 -0.319014
0.010910 -0.033748 0.026453 -0.188082 0.154772 0.358872
-0.002500 0.032720 -0.005441 -0.030059 0.120444 -0.109493
0.001765 0.003899 -0.007250 -0.029125 -0.022242 -0.138290
0.005277 0.028196 0.022094 -0.000205 0.123085 0.281483
0.002983 -0.008426 0.019813 -0.348923 -0.131817 0.018618
-0.052233 -0.017890 0.051520 0.040149 0.071584 -0.285565
0.003032 -0.000305 -0.018544 0.338963 -0.387585 -0.149474
-0.048081 0.010260 -0.055764 0.189023 -0.083355 -0.180656
-0.012815 -0.021831 0.013657 -0.462519 0.327615 -0.003426
0.000902 -0.005703 0.001950 0.224881 0.074203 -0.348326
-0.004988 -0.026803 0.040756 -0.016138 0.033714 -0.022583
-0.000840 -0.001164 0.000139 -0.006642 0.007904 -0.006237
-0.025331 -0.018953 -0.040816 0.021179 -0.058534 0.036097
-0.000119 0.000380 -0.000434 0.045015 -0.350133 -0.334608
-0.021089 -0.006825 -0.024682 0.177742 -0.156369 0.258352
0.006269 -0.006656 0.025336 0.012550 -0.091385 -0.046100
-0.004412 0.000149 0.001957 -0.029658 0.032066 0.051751
0.004062 -0.008522 0.029346 -0.004973 -0.085162 0.095443
-0.035007 0.042004 0.012278 0.301737 0.249655 0.004030
0.009071 0.013429 0.001896 0.119953 0.023617 -0.182717
0.005283 -0.010103 -0.045200 -0.293964 -0.042800 0.130661
0.028087 0.049866 0.027878 0.049223 0.020215 0.039980
-0.007612 -0.043668 -0.000806 0.311899 -0.095266 0.311071
0.000209 -0.000630 0.000684 -0.009976 -0.166299 -0.182307
-0.001145 0.011880 0.038371 -0.084036 -0.106514 0.031594
0.010065 -0.012563 0.008550 0.106353 0.015959 0.014782
0.032969 0.027975 -0.026344 -0.143918 -0.159166 -0.122871
0.000876 -0.006196 -0.000969 0.023917 0.011955 -0.025557
-0.009334 0.007689 0.013160 0.089468 -0.080583 -0.031273
-0.040856 -0.019709 -0.017844 0.144056 -0.085657 0.183058
-0.048171 0.062599 -0.053139 -0.143812 0.222559 0.093781
-0.016718 -0.026564 -0.000106 0.046331 -0.026366 -0.032574
-0.030594 -0.027842 0.041101 -0.002111 -0.002718 0.001981
0.017567 0.016678 0.027880 0.299571 0.082705 -0.118183
0.001640 0.001540 -0.007130 0.035473 -0.006015 -0.139076
0.011288 -0.031392 -0.000175 -0.083293 0.035730 -0.029094
