0.041696 -0.044175 -0.045320 -0.050146 -0.091232 0.121350
-0.051037 0.039903 -0.041212 0.028751 -0.028872 -0.055744
-0.036711 0.018083 -0.008634 0.117973 0.051555 -0.102188
-0.001509 0.001123 0.001148 -0.236474 -0.169869 0.079037
0.051590 0.040373 -0.049862 -0.096343 -0.012610 0.065566
-0.007126 -0.006362 -0.015743 0.050869 0.010653 0.010004
0.005294 -0.003066 0.002600 0.097073 0.161810 0.324942
-0.044130 0.077768 0.061149 0.042562 0.085841 0.117415
0.043390 0.030771 0.052625 -0.311865 -0.195901 0.214314
0.021356 0.011162 -0.014728 0.099299 -0.280177 0.148156
0.019922 -0.023656 0.017510 -0.439532 -0.174134 0.251542
-0.005650 -0.003953 -0.039256 -0.000686 -0.038427 0.027926
-0.020698 0.008930 -0.019291 0.020177 -0.035573 -0.258563
0.026129 0.010340 -0.062479 -0.019493 0.004969 -0.029505
0.026637 -0.021459 -0.017609 0.047591 -0.181845 0.202838
-0.030412 0.032649 -0.081480 0.212834 0.177060 -0.027686
-0.024080 0.013447 -0.010124 -0.140940 -0.055937 -0.013105
-0.015920 -0.075382 0.008508 -0.294071 0.255738 0.105522
0.040872 -0.031348 0.006638 0.128322 -0.155776 -0.086999
0.001384 -0.010332 0.039357 0.086783 -0.007839 -0.227762
0.002998 0.002213 -0.000362 0.184533 0.104096 -0.011987
-0.000915 0.023440 0.002510 0.407596 -0.413383 -0.380146
0.017733 0.063598 0.055408 0.086567 0.379985 0.236173
-0.005073 -0.011318 0.003641 -0.166994 0.219310 0.160407
-0.019151 -0.027886 0.019254 0.019495 0.186957 0.060259
-0.049241 0.058641 -0.054733 0.003341 -0.036060 -0.073587
-0.042747 0.030183 0.004051 -0.052664 -0.009805 -0.059101
-0.036895 0.032131 -0.055000 0.180562 0.130597 -0.402963
-0.028011 -0.048942 -0.026032 -0.314330 0.295539 -0.205858
-0.037191 0.037103 -0.018823 -0.000048 -0.184060 -0.066726
0.008376 -0.022189 -0.011310 0.228575 0.119084 0.222647
0.025318 0.007054 0.016734 -0.024685 -0.303470 -0.001027
0.001132 -0.002823 0.002080 0.245253 0.096469 0.085077
0.022953 0.008466 0.022567 0.041228 0.166487 0.100192
-0.001944 -0.002669 -0.003277 -0.046169 -0.155325 0.232423
-0.011947 -0.007472 -0.042947 -0.012730 -0.017190 0.007827
-0.015825 -0.014902 0.044627 -0.014318 -0.018165 -0.017511
-0.003479 0.039492 0.004693 0.083962 -0.232575 0.327658
0.014469 0.023399 -0.037374 -0.002482 -0.042679 -0.060625
