0.028535 0.027894 0.053791 -0.064352 -0.093526 0.058282
0.019095 0.016827 0.020243 -0.053721 -0.059434 -0.021164
-0.031556 -0.039432 -0.013623 -0.005055 -0.062435 0.036286
0.032736 0.041266 0.043423 -0.018799 0.012538 0.017307
-0.017690 -0.007116 -0.038518 0.007524 -0.010270 -0.042410
0.009751 -0.010487 -0.006507 0.043874 0.076790 0.078967
0.070322 0.020695 -0.035651 0.035771 0.179708 0.463044
-0.042839 -0.043749 0.051342 0.034845 -0.139779 -0.288830
-0.046047 0.043535 0.040302 0.010143 0.008589 0.021624
0.004616 -0.005971 0.057937 -0.060800 0.054187 -0.040371
0.002709 0.005808 0.004962 -0.075379 0.179750 -0.283164
-0.034779 0.032729 0.026747 0.131901 0.081523 -0.100563
-0.016397 0.011091 -0.011995 0.091643 -0.044667 0.016270
-0.023356 0.000731 -0.004817 -0.041413 -0.152765 -0.017969
-0.015576 -0.037990 0.031689 0.090056 -0.022703 -0.094947
0.062774 -0.013950 -0.042420 0.007223 0.048587 -0.079408
-0.002766 -0.046606 -0.043561 -0.203198 -0.146373 -0.038601
-0.003286 0.006197 -0.007556 0.146477 0.365698 0.008678
-0.002605 -0.008478 -0.015033 0.144258 0.237224 -0.179086
-0.009994 -0.002586 -0.007465 -0.151928 0.300102 0.328013
0.026377 0.014451 0.022461 0.054259 -0.185858 0.140251
0.002786 0.000746 0.003860 -0.114235 0.069404 0.016260
-0.055259 0.044135 0.041258 0.077973 -0.243686 -0.093177
-0.020848 -0.001686 -0.037159 0.034631 0.065906 -0.023525
-0.011052 -0.000014 0.002261 0.314056 -0.077795 -0.212912
-0.013540 0.019393 -0.048459 -0.095133 0.011640 -0.039907
-0.034406 0.043201 -0.060913 0.086121 -0.090668 -0.048134
0.003490 0.017113 0.016664 -0.037383 0.031356 -0.007535
0.022348 -0.059676 0.008434 -0.292058 -0.016620 0.008234
-0.005825 -0.004657 0.012692 0.108483 -0.044157 0.244670
-0.019966 -0.042076 -0.047162 -0.163919 -0.145843 -0.111499
0.053719 0.004105 0.084031 0.034253 0.127826 -0.010827
0.014814 -0.067505 0.017921 0.246763 0.252047 -0.179676
0.059638 0.040423 0.019558 -0.025679 -0.118985 0.111058
-0.026112 -0.020841 0.023600 -0.031521 0.027987 0.006116
-0.034653 0.011823 -0.006640 -0.060768 -0.061612 -0.092977
0.019723 0.003851 -0.044832 -0.213835 0.101066 0.021596
-0.021641 0.047352 0.006391 0.079805 -0.093801 -0.002230
0.017642 -0.017553 0.027544 -0.385937 0.009256 0.160764
