0.012144 0.024969 -0.026881 -0.241425 0.027507 0.139268
0.051814 0.067087 -0.057904 0.012301 0.130823 -0.195712
0.009301 -0.007868 0.040189 -0.002536 0.201766 -0.188235
-0.001044 -0.001941 -0.001681 -0.047399 0.143489 -0.307418
0.035952 0.013904 -0.046977 -0.188105 -0.212241 0.328222
-0.044366 0.029439 -0.028283 -0.075716 0.004689 0.361664
-0.034674 -0.021654 -0.019827 0.026898 -0.039085 0.054557
-0.048378 -0.034477 0.010774 -0.060777 0.127267 -0.039214
0.000157 0.000651 -0.000733 0.341999 -0.116619 0.209499
-0.011724 -0.014270 -0.026367 0.138157 -0.054576 -0.013694
0.006631 -0.009490 -0.006986 -0.083339 0.086430 -0.058146
-0.018713 -0.009445 0.001185 0.226150 -0.195535 -0.108854
-0.008659 -0.003006 -0.009210 -0.025313 0.087725 0.057623
0.006192 0.011847 -0.019958 -0.003418 0.034229 -0.060816
-0.001135 -0.000400 -0.001437 -0.037513 0.402754 -0.104813
-0.001363 0.001513 -0.000524 -0.013243 -0.011240 0.018716
0.028477 0.000686 0.003029 0.014481 0.023587 -0.046352
-0.049496 0.005069 0.066438 0.180902 -0.019593 0.361267
0.025351 0.019079 -0.008585 0.135691 -0.182182 0.179550
-0.000161 0.026629 -0.006688 -0.250216 -0.125897 0.053447
0.006783 0.002441 0.018005 -0.172632 -0.009486 -0.112457
-0.026434 0.010433 -0.048242 -0.064238 -0.002458 -0.041290
-0.006291 0.011837 0.002717 0.069741 -0.056134 0.026769
0.057111 -0.043963 0.027500 -0.011381 -0.114350 -0.289378
-0.002135 0.040682 0.037758 0.157892 -0.270812 0.039601
0.048404 -0.036166 0.054479 0.136305 0.191709 -0.120775
-0.013661 -0.010171 0.012503 0.351484 -0.223540 -0.252582
-0.000002 0.010684 0.018849 0.014178 -0.037907 -0.060857
-0.007060 0.016599 0.001619 0.051156 0.152886 0.113199
0.051535 0.039814 0.004261 0.091174 0.151942 0.219009
-0.014618 0.006000 0.012243 -0.164310 0.296348 0.102839
0.004681 0.030971 0.016562 0.107936 -0.158763 0.039945
-0.019954 -0.020935 -0.007113 -0.014965 -0.004170 -0.189190
-0.074600 -0.001935 -0.021493 -0.002177 -0.004381 -0.007145
-0.020970 0.003148 0.004655 0.307796 -0.331523 0.034193
0.031063 -0.003291 -0.028675 0.178594 0.082957 0.273872
-0.010366 -0.048576 0.001047 0.005740 0.026330 0.019950
0.041312 0.001172 0.008055 -0.029127 -0.037838 -0.021009
0.036569 0.035293 0.039075 -0.157491 -0.193022 0.058362
0.059712 0.039268 -0.002038 -0.361781 -0.346631 -0.158110
