0.034689 0.013883 -0.017294 -0.059402 -0.024935 0.048949
0.046973 0.047540 -0.029295 0.111390 0.035779 0.042195
-0.040534 0.029279 0.039867 -0.130501 -0.226411 0.234646
0.002446 0.017528 -0.005089 0.001903 -0.001854 -0.000527
-0.004770 -0.009014 0.016776 0.065925 0.100630 -0.251756
-0.016665 0.018652 -0.022703 -0.220109 0.184552 -0.198983
0.070612 0.027486 -0.059387 0.035687 0.021436 -0.180998
-0.031150 0.014345 0.062788 -0.142455 -0.163411 0.114536
-0.000051 -0.000400 -0.000399 0.080517 0.232426 0.087688
-0.023687 0.020608 0.027973 0.022062 -0.110142 -0.046395
-0.017104 0.015374 0.008837 -0.041747 0.076069 -0.116838
0.045619 -0.047925 -0.043350 0.043020 -0.247682 -0.261753
-0.025360 -0.017082 0.009784 -0.256678 -0.343677 -0.342894
0.002876 -0.002319 -0.005550 0.014691 -0.406771 -0.171940
0.005365 0.002876 0.003007 -0.059033 0.075052 0.061670
-0.009841 0.024719 0.004405 0.025888 -0.019839 0.033731
-0.001401 -0.000772 0.000135 0.029428 -0.040192 0.077384
0.002957 0.000154 -0.000704 -0.068547 -0.082431 0.082758
-0.000079 -0.001078 0.001197 0.032977 -0.013714 -0.010691
-0.016244 0.008525 0.019337 0.143635 -0.281025 0.253335
-0.025772 -0.000822 -0.006458 0.305210 0.264662 -0.052962
-0.004493 0.022583 -0.038842 0.157761 -0.193073 -0.163060
-0.003813 -0.049477 0.037368 -0.048968 0.071572 -0.299849
-0.028001 0.027172 0.014312 0.009773 -0.096431 -0.077885
0.005302 -0.005154 -0.008210 0.124967 0.208485 -0.063249
0.020965 -0.047284 -0.002114 -0.036821 0.414521 0.193128
-0.017227 -0.018344 -0.005519 -0.072541 0.121319 -0.134343
-0.038911 0.005718 -0.006475 0.197832 0.208239 -0.387388
-0.017472 -0.029487 0.020103 0.003442 -0.277726 -0.261924
-0.003905 -0.003539 0.006182 0.264344 0.099700 0.081846
0.030474 -0.025352 0.063343 0.335886 0.084366 -0.088007
0.016779 -0.002847 -0.019830 -0.068240 0.088308 0.078871
0.013544 0.007004 -0.015759 -0.288860 0.214076 -0.282717
-0.005781 0.021018 0.010882 0.119100 -0.043658 0.051213
0.001375 -0.000995 0.000485 0.148886 0.055863 -0.096525
-0.026532 -0.016079 0.023769 0.444378 0.310443 0.243469
-0.002892 -0.010376 -0.009003 -0.172560 0.031347 0.235615
0.006282 -0.030803 0.034909 -0.008152 0.006031 0.002625
-0.000857 0.000327 -0.001409 -0.143369 0.095153 0.006491
-0.006325 0.003155 -0.009364 -0.045985 0.143332 -0.083698
