-0.040531 0.039752 -0.043668 0.058474 -0.007727 -0.043427
-0.025741 0.074343 0.020351 0.332728 -0.116498 0.313477
-0.020741 -0.022122 0.010806 0.165078 -0.246076 -0.077013
0.017107 0.020695 0.002021 0.001186 -0.015306 0.003415
-0.003522 0.003480 -0.005844 -0.169277 -0.211298 0.304302
-0.000995 -0.028563 -0.006506 0.147671 0.347340 -0.073245
-0.000041 0.005678 0.001588 -0.101419 -0.227004 0.039932
-0.047353 0.032205 0.001843 0.108922 -0.014070 -0.046366
-0.029914 -0.039780 0.009718 0.020927 0.000968 0.004230
-0.014422 -0.009607 -0.012860 0.346076 0.352004 0.352569
-0.031483 -0.027355 -0.006284 -0.049274 0.008507 0.045703
-0.001846 0.050717 -0.061650 0.329571 -0.310010 0.279874
0.020982 0.022640 -0.023708 -0.209810 -0.238952 -0.262750
0.033514 0.042497 -0.039605 -0.115591 -0.036612 -0.005808
0.025364 0.020811 0.025603 -0.020096 0.030384 -0.027825
-0.012988 -0.019648 -0.000240 0.391228 -0.395730 0.137794
-0.010257 0.014876 -0.024940 -0.006388 -0.005942 0.002416
0.050877 -0.019162 0.034396 -0.033315 -0.111858 -0.006721
-0.009553 -0.004507 0.004388 -0.046538 -0.038480 0.038082
-0.006880 0.003593 0.007058 0.021188 -0.101607 0.284792
-0.039946 0.020454 -0.048635 0.048170 0.341608 0.204522
-0.000718 -0.008310 -0.015786 0.007496 -0.033134 -0.039638
0.009319 0.013300 0.002900 0.092670 0.023057 0.091301
0.015114 -0.024813 0.029644 0.264930 -0.032710 -0.420310
-0.051434 -0.017757 -0.023269 0.151932 -0.082828 0.071261
-0.013362 0.025500 0.023973 -0.156035 0.333073 0.409333
0.008957 -0.006715 -0.010736 -0.042075 -0.017300 -0.052487
-0.017673 -0.024909 0.007111 0.228194 -0.347950 -0.379968
0.008415 0.015641 0.011686 -0.118101 -0.127214 0.122619
-0.043585 0.045572 -0.049223 -0.049132 0.068590 -0.030541
0.006200 0.006656 -0.009970 -0.049545 -0.046259 -0.135028
-0.013127 -0.018372 0.024427 0.075804 -0.108505 0.078264
-0.020664 0.006392 0.011698 -0.338034 0.060586 0.321140
0.028860 0.000727 0.032525 -0.056491 0.037935 -0.184274
-0.018541 -0.010469 -0.016465 -0.033528 0.066641 0.032985
-0.002083 -0.044731 0.048274 0.108093 0.123532 -0.061566
-0.018890 0.003378 0.033592 -0.003798 0.008857 -0.003337
-0.025026 0.010475 -0.021630 -0.003841 -0.039077 0.038484
0.009558 -0.005169 -0.016925 -0.098769 -0.114997 -0.188144
0.010368 0.004594 0.021888 0.105045 -0.364950 0.409167
