-0.070350 0.068759 -0.066403 0.116652 -0.035873 0.088217
-0.013941 0.037367 0.016313 0.141659 0.252920 -0.123565
0.002448 -0.001144 -0.003954 -0.004383 0.022029 0.013995
-0.024840 0.037544 0.051615 -0.378345 0.122609 0.440263
0.018116 -0.015421 0.024909 -0.245135 0.084367 -0.075573
0.027187 -0.031594 -0.012320 -0.074082 -0.024818 0.062906
-0.027020 -0.031008 0.015502 -0.237022 -0.251789 -0.263490
0.016421 -0.003576 -0.005327 -0.005391 -0.018101 0.007775
-0.000335 -0.010421 0.008667 0.141946 0.114987 0.119024
-0.004352 0.027805 0.042228 0.039730 0.100066 -0.025238
0.024297 0.012595 -0.007596 0.296623 0.363597 -0.295993
-0.024095 0.075084 -0.012631 -0.114015 -0.025806 0.140721
0.023345 -0.020003 -0.023535 0.035881 -0.005887 0.021982
0.030834 0.018208 -0.030929 -0.062749 0.092450 0.288578
0.011199 -0.022348 0.005811 -0.048884 0.028499 0.031148
0.002999 -0.012555 -0.000245 0.002668 0.015949 -0.024091
-0.031610 0.041789 -0.041954 0.145296 0.358457 -0.034110
0.014978 -0.007804 0.012545 -0.033536 -0.155951 -0.376677
0.020195 0.007610 0.007204 0.466311 -0.376731 0.481499
-0.033286 -0.003589 0.019653 -0.168565 0.054271 -0.035195
-0.028336 -0.019181 -0.017003 0.196304 0.274353 -0.240264
-0.010707 -0.012984 0.017409 0.200187 -0.235858 0.260279
0.005435 -0.007915 -0.010775 0.235608 0.460410 -0.102997
-0.037351 -0.051878 -0.012570 0.378047 -0.295700 0.097226
-0.007220 0.019164 -0.026612 0.073923 0.030337 0.197670
0.017138 -0.015395 0.020134 -0.184831 -0.251253 -0.178232
0.066992 0.057748 0.077194 0.266736 0.150841 0.039268
0.019467 0.003924 0.031341 0.247488 0.242866 -0.356376
-0.024417 0.022272 -0.012258 -0.133119 -0.070838 -0.007811
-0.071836 0.036967 -0.047192 -0.028942 -0.011345 0.071376
0.012576 -0.034820 -0.020867 -0.026500 0.348771 -0.259029
-0.002624 0.043004 -0.058595 -0.008829 -0.002100 -0.001385
-0.000882 0.000815 0.001563 0.016189 0.055533 -0.064460
0.034717 -0.031388 -0.015273 0.029609 0.125626 0.102246
-0.005530 -0.005969 0.003068 -0.136345 -0.125526 0.121471
0.009167 -0.000956 0.004724 -0.193239 -0.159590 -0.235701
0.004783 -0.005092 0.002585 -0.054109 0.105844 0.081085
-0.025414 0.002219 0.038904 0.061333 -0.002795 -0.055385
0.005452 0.001705 -0.008299 0.110644 0.238532 0.148548
0.015555 -0.001496 0.056040 0.196294 -0.307955 0.269795
