0.008327 0.005597 -0.006492 -0.064113 -0.087799 0.041841
0.037453 0.044576 0.056608 0.223101 0.120153 0.172908
0.002722 0.010311 0.004522 -0.046629 0.029868 -0.014740
-0.006439 -0.047991 -0.011710 -0.048494 -0.202490 0.165200
0.004026 0.006024 -0.006043 0.228647 -0.146733 0.135389
0.000012 0.010612 -0.008893 0.056617 0.009857 -0.065601
0.001483 0.000660 0.000562 0.010422 -0.052682 0.144124
0.029989 0.031951 -0.025624 -0.023945 -0.053503 -0.059494
0.021566 -0.041661 0.020575 -0.100483 -0.135893 -0.094547
0.001556 -0.001471 0.009116 -0.105179 -0.274881 -0.152530
0.001958 -0.000800 -0.000908 -0.000489 0.072846 0.116918
0.035373 0.029225 -0.016768 0.014156 0.004285 -0.161359
0.022325 -0.060973 0.060922 0.049098 0.055892 -0.055982
-0.009542 -0.017766 0.019769 -0.185776 -0.216964 -0.125895
-0.024465 0.047731 0.031817 -0.139290 0.178205 -0.146273
-0.048373 0.009902 0.067383 -0.128870 0.000798 0.024785
-0.055543 0.003658 -0.005611 0.217955 -0.278006 -0.003182
-0.061997 0.020295 0.060361 0.386435 0.348505 0.345048
0.042548 0.026207 0.004349 -0.017201 -0.030855 0.142719
-0.022220 0.013096 0.000074 0.261011 0.166200 0.079577
0.001216 -0.001232 -0.000437 0.068754 -0.245811 0.365831
-0.004746 0.004208 0.003620 -0.049001 -0.384023 0.096930
-0.014781 0.001264 0.013123 0.102858 0.136904 -0.006973
-0.003541 0.080289 -0.018268 0.120294 0.103791 -0.079318
0.070847 -0.001406 0.055131 -0.304816 0.400387 0.153678
-0.065686 0.081969 0.005960 0.091246 -0.279682 0.077308
0.017969 0.012581 0.015558 0.021981 0.123882 0.208902
-0.000382 -0.001345 0.000871 -0.001339 -0.005210 -0.004112
-0.006552 0.004016 0.006951 0.237602 0.035347 0.205890
-0.020830 0.071256 -0.033260 -0.124039 0.097151 -0.023961
-0.052201 -0.041778 -0.018286 -0.023705 0.022594 0.014233
0.026440 -0.045730 0.001419 -0.001596 -0.012300 -0.013891
-0.000062 0.045065 -0.036655 -0.018352 -0.050633 -0.029233
0.005433 0.021837 -0.005274 -0.000603 -0.048497 0.022109
-0.000013 0.000679 0.000576 0.114116 0.046587 -0.060083
0.015846 -0.027991 -0.003028 0.011683 -0.057595 0.092305
-0.056476 -0.026935 -0.020734 0.081592 0.097680 -0.028079
0.011096 0.046861 0.039008 0.139070 0.030404 -0.033929
-0.018202 0.009021 -0.010811 0.174972 -0.152858 -0.230707
-0.031827 0.030211 0.036700 0.292722 0.122820 0.183888
