0.003951 -0.001188 0.003644 -0.071384 0.072324 -0.173453
0.047875 0.046781 0.056678 0.084730 0.210748 0.050825
-0.007563 0.007724 0.006186 -0.000881 -0.000441 -0.000340
0.023922 0.040825 0.008683 -0.007726 -0.065537 -0.022904
-0.010903 0.007642 -0.000209 0.150547 -0.456825 -0.368635
0.002000 -0.001040 0.000815 0.087336 -0.040429 -0.097259
-0.026878 -0.034424 0.024994 0.005071 0.120515 0.116369
0.067708 0.071605 -0.006344 -0.008800 -0.005472 0.023472
-0.001069 -0.002848 -0.074744 0.221955 -0.105186 0.075794
0.025039 -0.031898 -0.005459 -0.061238 0.235101 0.170437
-0.020601 -0.049167 0.030486 -0.019275 -0.007002 0.007298
0.029171 0.019061 0.011107 -0.206742 -0.248700 0.036158
0.038380 0.023035 0.005565 -0.231263 0.011240 -0.273464
0.014454 0.021597 -0.000547 -0.067060 0.067130 0.048655
0.037388 -0.028985 -0.039487 -0.410454 0.382731 -0.126215
0.003547 -0.004696 -0.003329 0.042787 0.064739 0.010237
0.050717 -0.026263 0.019224 -0.114233 0.149806 0.026523
0.045070 -0.012861 -0.035702 -0.018664 -0.000106 -0.053061
-0.003515 0.001121 0.004454 -0.203057 -0.259906 -0.248481
0.050683 -0.050560 -0.062687 -0.085265 0.139876 0.050161
-0.038972 -0.032380 0.026538 -0.080705 -0.238119 -0.178246
-0.023702 0.016463 -0.032668 -0.038111 -0.032368 0.019027
0.004824 -0.004358 -0.000306 0.292866 0.040402 0.136887
0.001036 0.002078 -0.002524 0.089018 0.146379 0.071899
-0.044649 0.039279 -0.002980 0.048249 -0.057200 -0.001567
0.004946 0.008531 0.009796 -0.106334 -0.004992 -0.004473
-0.034179 -0.012487 -0.034366 -0.029866 -0.217879 0.084807
-0.032991 0.029327 0.035341 -0.063921 -0.200141 -0.142524
0.000522 -0.000884 -0.001183 -0.419532 -0.055215 0.341496
-0.002254 0.002485 0.006212 0.324479 0.045266 0.060668
0.020032 0.028132 0.027233 -0.386910 -0.239187 -0.338343
0.004145 0.000097 0.003155 -0.251346 0.056894 -0.055006
-0.021351 0.011301 -0.035999 0.045641 0.108374 -0.068877
-0.057272 -0.027137 -0.051596 0.045008 -0.064076 0.064632
-0.001029 0.008169 0.004697 0.350554 -0.185229 0.223817
0.003107 -0.007403 -0.010308 0.198195 -0.186172 0.052403
0.003042 -0.010653 -0.007617 0.108096 -0.119593 -0.065279
-0.041115 0.031076 0.004313 0.040459 -0.020770 -0.028585
-0.008054 0.002779 -0.006772 -0.011141 -0.379882 -0.209013
-0.011790 -0.002469 -0.014888 0.205747 -0.432143 -0.038589
