0.023875 0.031064 -0.019669 0.021793 0.016106 0.014446
0.012383 -0.015702 -0.038332 0.272246 -0.264969 0.022506
-0.021921 -0.004330 -0.018016 -0.168451 -0.019379 0.157092
-0.009159 0.040253 0.033893 0.187807 0.200234 -0.193760
-0.045105 0.017759 -0.000316 -0.075180 -0.024330 0.062180
0.023462 0.043733 -0.057005 0.153797 0.209074 0.091571
-0.025165 0.020811 0.008058 -0.023723 -0.378063 -0.026545
-0.020563 -0.036657 0.010755 0.052574 0.032027 -0.028492
-0.003873 0.004193 -0.006332 -0.028930 0.032249 0.002908
0.064469 0.008323 -0.017699 0.014888 -0.060138 0.092830
-0.049938 0.058918 -0.045362 -0.106883 0.226402 0.078323
-0.054949 0.024711 -0.032524 -0.023371 -0.007180 -0.036700
0.014733 0.004039 -0.011823 0.210084 -0.075670 0.235086
-0.042480 -0.031738 0.046247 -0.138649 0.095449 0.062950
0.000741 -0.015814 0.022999 0.230710 -0.106014 -0.203289
0.009776 0.020862 0.019158 0.098745 -0.225833 0.234671
0.023422 0.019053 0.016574 0.045667 0.295057 0.289929
0.014998 0.018185 -0.011024 -0.027048 -0.050349 -0.034620
-0.015360 -0.027316 -0.034593 -0.010734 0.006000 0.004382
0.073816 0.051968 0.066423 -0.184424 0.069679 0.252369
0.012805 0.022626 0.019568 0.314168 0.204563 0.048928
-0.007904 -0.079190 0.033024 0.065301 0.072450 -0.060608
-0.020770 -0.042755 0.049912 -0.091177 -0.013223 0.171886
0.004116 0.002809 -0.001520 -0.019362 0.003910 0.015729
-0.034534 0.065752 0.046333 0.113740 -0.281977 -0.206117
-0.001577 -0.006928 -0.004033 -0.339287 -0.307467 -0.304241
-0.010159 -0.015494 -0.021907 -0.001379 -0.006831 -0.016217
-0.006182 0.021602 -0.004551 0.171097 0.046458 -0.123937
0.017715 0.000705 -0.036971 -0.200161 -0.023264 0.236594
0.000529 0.000567 -0.000142 -0.115785 -0.134259 0.229501
0.000948 0.001080 -0.001696 -0.046351 -0.116572 0.217257
0.001513 -0.004535 0.003932 -0.055994 0.018510 -0.060352
-0.017656 0.000865 -0.007393 0.018181 -0.077087 -0.312158
-0.037549 0.004150 -0.011428 -0.016886 0.019671 0.025318
-0.005030 0.004093 0.058470 0.053836 0.100828 0.138072
-0.002676 0.001640 -0.002189 -0.020269 -0.006599 0.094956
0.022087 0.017390 0.039874 0.027104 -0.017460 0.010675
-0.033213 0.007723 -0.017468 0.042727 -0.050688 0.084782
-0.046013 -0.045283 0.053848 -0.176905 0.192607 0.275388
0.001726 0.031334 -0.048135 -0.002256 -0.025837 -0.026883
