-0.030840 -0.053060 0.024846 0.072024 -0.007733 -0.022493
-0.044612 -0.001174 -0.042762 0.148076 -0.049553 0.474467
-0.014140 -0.015977 -0.003038 0.450735 0.212688 0.371248
-0.008107 0.016624 -0.040113 0.005835 0.113550 0.091440
-0.027891 0.018431 -0.021802 0.259277 0.104697 -0.201207
-0.003896 0.007712 0.007970 0.081697 0.059466 0.153116
-0.012942 -0.004416 -0.018647 -0.112758 -0.132398 0.100442
-0.014180 0.011091 -0.002612 -0.018679 0.069930 -0.027639
-0.013309 -0.010695 0.021973 0.076031 -0.086666 -0.107960
0.023377 0.026652 -0.029620 -0.156652 -0.040147 -0.270383
-0.028936 -0.062917 0.005840 -0.086585 0.046051 -0.048471
0.009784 -0.027424 -0.004145 -0.004710 -0.004882 0.002038
-0.053766 0.084035 0.055768 -0.009020 -0.008714 0.003806
-0.005683 0.007207 0.015127 -0.125743 -0.122501 -0.022720
-0.039623 0.040500 -0.037777 -0.074636 -0.201053 0.043934
-0.008332 0.063438 -0.003397 -0.122560 0.285550 -0.240741
0.009064 -0.008914 0.011932 0.174146 -0.104343 0.214482
-0.003276 -0.004465 0.000659 -0.182930 -0.187820 -0.047561
-0.007595 -0.023120 -0.039108 0.117381 0.080506 -0.003334
0.028744 -0.011573 -0.009971 0.182283 0.176227 -0.032792
-0.031088 0.034008 -0.037070 -0.043814 -0.034208 -0.070291
0.066567 -0.023949 -0.055182 -0.253203 0.219846 -0.174437
-0.011927 -0.032396 -0.007874 -0.114597 0.305663 -0.282993
0.043895 0.011881 0.053056 -0.060222 -0.060238 -0.078330
0.005695 0.045917 -0.017148 -0.064499 -0.042869 0.179164
-0.025633 0.015712 -0.006895 0.021875 0.244020 0.040699
0.014948 0.017761 0.007116 0.008895 0.407421 -0.138282
-0.004365 0.011672 0.001230 -0.282189 -0.276404 -0.247354
0.032556 -0.036452 0.003304 -0.011540 0.114409 0.118296
0.001260 -0.032741 -0.033385 -0.099755 0.365647 -0.338320
0.000199 0.000624 0.000478 0.174383 0.292612 -0.169988
0.003185 0.002764 -0.001426 -0.012916 -0.337261 -0.328538
0.028863 -0.046898 -0.017075 0.056189 -0.004821 -0.005377
-0.032714 -0.035283 -0.057303 0.002583 0.074295 -0.015326
0.013733 -0.012147 -0.018598 -0.133554 -0.358046 0.334972
-0.003511 0.008385 -0.001944 -0.162203 0.270660 0.328241
0.012765 0.037323 0.006625 -0.194685 -0.179282 0.316550
-0.026364 0.038612 0.010846 0.084719 -0.118113 -0.024244
0.022029 0.012863 -0.008191 -0.073319 -0.418408 -0.350321
0.013771 0.008548 -0.003411 0.021731 -0.039425 0.004186
