-0.014281 0.010711 -0.018875 0.359862 -0.290877 -0.340676
-0.031892 0.070301 0.028487 -0.358068 0.220197 -0.419540
0.001543 0.015409 0.016222 0.335252 0.156369 0.297372
0.034849 0.028996 -0.048718 -0.076406 0.127781 -0.095133
-0.021613 0.044853 0.016421 -0.041661 0.307107 -0.209187
0.012194 -0.029100 -0.021221 -0.083396 0.039041 0.115042
-0.016255 0.020621 -0.017405 -0.034210 -0.208334 -0.064608
0.033899 -0.031462 -0.007617 0.182820 -0.380294 -0.393751
0.058628 -0.028983 0.001238 -0.100079 0.066984 -0.114647
-0.020448 0.024563 -0.035114 0.127508 0.055059 0.305410
-0.020784 -0.010353 0.011093 -0.006152 -0.032798 -0.020769
-0.011072 -0.032745 -0.008910 -0.252429 -0.117189 -0.157067
-0.014770 0.028140 -0.004920 -0.015450 -0.018593 -0.017357
0.012391 0.026855 -0.019550 0.126494 -0.119752 0.246483
0.024123 0.008545 0.053226 -0.130307 0.139617 -0.198261
0.002596 0.024626 -0.082191 0.375814 0.108478 0.057207
0.062997 -0.049886 0.048681 0.113173 0.082969 -0.155705
-0.021340 0.007007 0.000376 0.032865 -0.081742 0.066441
0.052085 -0.064935 0.058394 0.390415 0.371735 -0.103236
0.083317 0.024937 0.079386 -0.000081 0.000460 -0.000368
0.044503 0.002682 0.031074 0.139029 0.108730 0.410145
0.005645 0.020101 -0.057001 -0.151441 0.292766 -0.044688
-0.015622 -0.031420 -0.033981 0.206787 -0.206937 -0.126685
-0.022230 -0.014887 0.006087 -0.069866 -0.318767 -0.032415
-0.001746 0.026211 0.025491 -0.309078 0.245989 0.325567
-0.015202 0.038182 -0.037661 -0.004391 0.028667 0.024668
-0.031980 0.054648 0.027188 0.172065 0.053726 -0.264105
0.015944 -0.031006 0.023868 -0.290228 0.131711 -0.216460
-0.009560 0.001766 -0.005879 0.380101 0.104629 -0.248920
0.001235 -0.001820 -0.002799 -0.109968 0.063526 -0.009730
-0.013973 -0.011894 -0.005803 0.240069 -0.102685 -0.164241
0.002295 -0.024718 -0.023289 -0.284490 0.053946 -0.225808
0.005799 0.028019 -0.010217 -0.045322 0.443736 -0.201173
0.006684 -0.003407 0.006584 0.036996 0.025210 -0.025743
-0.033566 -0.037400 -0.021254 0.211129 -0.154838 0.202848
-0.000807 -0.002247 0.002424 -0.229766 0.104235 0.221840
-0.043291 -0.000745 -0.048983 0.170972 -0.084246 0.133365
-0.050777 0.011315 -0.012319 0.057078 -0.021228 0.055687
-0.004305 0.001991 -0.006228 -0.093468 -0.252973 0.154589
-0.037763 -0.001687 0.011984 0.110457 -0.362803 -0.172944
