-0.029991 0.025808 -0.036838 -0.004998 -0.002101 0.009511
0.004133 0.026033 -0.032439 -0.358051 -0.367036 0.454315
0.014651 -0.025721 -0.054099 0.146332 0.360741 0.075269
-0.003442 0.011713 -0.009540 -0.182331 -0.187796 -0.167142
-0.004123 0.012177 -0.014903 -0.366536 -0.379960 -0.433936
-0.036490 0.057010 0.019234 0.100374 -0.180763 0.046822
-0.003541 0.003618 -0.001848 0.068903 0.006302 0.007689
-0.003159 0.001625 -0.005485 -0.094023 0.056505 -0.035944
0.017714 0.013757 0.006400 -0.102817 -0.176815 0.220338
0.002060 0.002672 -0.011921 0.322597 0.200793 0.123746
0.014951 0.004080 0.037212 0.135537 -0.186216 0.262205
0.024739 -0.026703 0.026538 0.084149 -0.094473 -0.062476
-0.077435 0.017805 0.023858 -0.090652 -0.166300 0.022390
-0.022755 -0.035644 -0.014883 0.076073 -0.214674 0.219618
-0.005225 -0.004211 0.002164 -0.092804 0.022874 -0.056011
-0.069034 -0.019081 -0.017794 0.034092 -0.033675 0.063523
0.017762 0.023173 0.017951 0.131250 -0.070701 -0.022465
0.041360 0.027827 0.029069 -0.003645 0.002119 0.000281
-0.002494 0.003997 0.007234 -0.167790 0.243536 -0.193280
0.020910 0.011670 0.032058 0.010298 0.011025 0.005802
-0.000990 -0.001427 -0.001677 -0.120928 0.106638 0.074286
-0.018251 -0.046236 -0.028422 -0.069737 -0.088812 0.078823
-0.046675 -0.033248 0.046595 -0.098401 -0.082772 0.032791
0.021112 -0.017276 0.017930 -0.118627 0.047861 0.112129
0.024000 -0.017850 0.009618 -0.114192 0.215396 0.120339
-0.023935 -0.013702 -0.015132 -0.125909 0.028391 0.018415
0.006126 0.046289 0.007824 -0.031789 -0.085571 0.099119
0.049261 0.050233 -0.043384 0.222227 0.361407 -0.385276
0.050618 -0.025184 0.039348 0.074026 -0.145495 -0.091662
0.004508 0.022874 0.009261 -0.158358 0.072324 -0.156613
0.035789 -0.050116 -0.036311 -0.054023 -0.086727 0.070090
0.015370 0.043308 0.023120 0.056536 -0.149415 -0.062034
0.048249 -0.008779 0.053697 -0.116182 0.047255 -0.206828
-0.066068 -0.043239 0.025942 -0.194720 0.248177 -0.254794
0.003792 0.045480 -0.033594 0.080749 0.040843 0.082065
-0.022975 0.026516 0.032836 -0.007751 0.099012 0.071171
-0.021294 0.034956 0.061746 0.384041 -0.045115 0.302351
-0.027047 0.002305 -0.013455 -0.018265 0.060051 -0.039218
-0.065430 0.042391 -0.007759 0.447317 0.279792 -0.405921
-0.007774 0.003504 0.005469 0.398957 0.136942 -0.095306
