-0.044230 0.029106 -0.028441 -0.299947 -0.446689 -0.011911
0.002878 0.001871 0.004000 -0.151274 0.176102 -0.016500
0.012633 0.020008 0.020322 -0.159446 0.124734 -0.186612
0.043644 -0.014775 -0.032593 -0.080227 0.285472 0.402149
-0.004127 -0.010197 -0.002309 -0.279725 0.225637 -0.285140
-0.036679 -0.064680 -0.020152 0.230981 -0.322143 -0.072780
0.037009 0.031931 -0.014483 -0.125666 0.162835 0.082110
0.060755 -0.012987 -0.013556 0.003536 0.113535 -0.099575
-0.060161 0.056303 -0.059629 -0.222993 0.234265 0.206472
0.017207 -0.053668 0.051355 0.182907 -0.183399 -0.213155
-0.003164 0.001600 -0.003250 0.481139 0.046938 -0.469441
0.010374 0.038850 0.056208 0.360608 -0.006147 -0.489124
-0.000023 0.009841 0.007707 -0.175135 -0.258801 -0.089869
0.064585 0.062757 -0.019317 0.001643 -0.004103 0.007013
0.003812 -0.051543 0.014183 -0.256619 0.458443 -0.396340
0.012792 0.004928 -0.021256 -0.395771 -0.020007 0.370225
-0.024487 0.021810 -0.043281 -0.007350 -0.018923 0.019215
0.050644 -0.025409 -0.011822 0.155601 -0.086205 -0.206481
-0.001214 -0.001725 -0.005386 0.077557 0.035366 0.160277
-0.003217 -0.015157 0.035130 -0.181729 -0.071269 0.221429
-0.004023 -0.002795 0.018806 0.255272 -0.128424 -0.132288
0.053676 -0.041677 -0.018143 0.096265 0.056821 -0.099008
-0.013858 0.065254 -0.009804 0.068067 -0.015566 0.135202
-0.005102 -0.009628 -0.005773 -0.033750 -0.021670 0.042860
-0.003092 -0.002995 0.001342 -0.064195 -0.184645 0.097075
-0.000289 -0.013506 0.001194 -0.008752 0.049884 -0.022364
-0.016213 0.021837 0.033006 0.093999 -0.009862 -0.008051
0.030846 0.009668 0.034435 0.280404 -0.017859 -0.385338
0.015269 -0.004035 -0.014036 0.046988 0.090913 -0.106500
-0.002155 0.020429 0.011493 -0.030053 0.057327 -0.031210
-0.022736 -0.011011 0.039330 0.024631 0.041482 0.054236
0.007435 0.011835 0.006096 -0.009942 0.117716 0.318544
-0.024370 -0.065079 0.043063 -0.026677 -0.032032 0.115416
-0.044622 -0.044100 -0.001837 0.189642 0.451079 -0.392771
-0.000530 -0.024745 0.019124 -0.125017 -0.291063 -0.116613
0.014629 -0.010112 -0.007553 0.087752 -0.026195 -0.041801
-0.011367 0.030988 0.028477 -0.026419 0.042315 -0.056226
-0.062124 -0.020215 -0.003664 -0.100199 -0.148471 0.144159
-0.034227 -0.033678 0.010858 -0.024098 -0.029388 0.038523
-0.005552 -0.018505 0.015168 0.348817 0.286817 -0.414125
