-0.023737 -0.011976 0.028346 0.232459 -0.295162 0.308519
-0.078589 -0.076900 -0.052841 -0.081737 -0.099843 0.001728
0.000170 -0.009196 0.001851 -0.340803 0.324518 0.326619
0.069345 -0.016620 -0.014437 -0.139697 0.219353 -0.122051
-0.058368 -0.014020 0.005485 0.034773 -0.100420 -0.012901
0.006127 -0.009856 -0.018290 -0.079071 0.057543 0.083339
-0.004195 0.005520 -0.004355 -0.092796 0.006339 0.076556
0.005204 -0.011766 -0.026916 0.141372 0.081972 0.003048
-0.002784 0.048717 0.048800 0.249355 0.179517 -0.223301
-0.004987 -0.004802 -0.013373 -0.014459 -0.264459 0.019467
-0.029957 -0.011002 0.047791 0.003931 -0.042440 0.014616
0.008061 -0.048428 -0.014545 0.211544 -0.265821 -0.282870
-0.074799 0.080015 0.008016 -0.089865 0.033612 -0.196965
-0.016740 0.026446 -0.061828 -0.014056 0.050983 -0.054511
-0.016629 0.004725 0.036346 -0.005136 -0.003989 0.011352
0.000362 -0.000015 -0.000444 -0.097018 0.197924 -0.130738
0.014621 -0.044633 0.071384 0.025327 -0.012665 0.056997
-0.021836 -0.022070 -0.012045 -0.046459 -0.037754 0.087766
0.029232 0.013830 -0.021750 -0.247782 0.087273 0.151225
0.007048 0.012789 -0.010447 -0.022688 0.232360 -0.247827
0.013921 -0.037640 -0.021616 -0.018072 -0.071825 0.054769
0.026172 0.038061 0.013014 0.282881 -0.286140 -0.119625
-0.038158 0.024546 -0.038793 -0.275626 -0.218369 0.106177
-0.039687 -0.032682 -0.004694 0.000992 -0.118310 -0.096509
0.001207 0.000423 0.005464 -0.105280 0.012411 -0.132490
-0.004092 0.053054 -0.042861 -0.231141 -0.241086 0.230658
-0.008665 0.002308 0.010032 0.226438 -0.148680 0.072658
0.016649 0.055006 -0.029900 -0.049278 -0.134611 0.156671
0.058609 0.019995 0.016536 -0.285785 0.010135 0.311156
-0.000584 -0.016410 0.012196 -0.200137 0.193527 0.155813
0.015875 0.050453 0.053862 0.149303 -0.048522 -0.125458
-0.038005 0.041452 -0.010304 -0.055717 -0.075269 -0.106107
-0.014530 0.018929 -0.003430 -0.029365 0.044847 -0.211107
0.013350 0.012161 -0.043582 0.434876 -0.301329 0.039027
0.045350 0.027118 0.057604 -0.002397 0.007107 -0.003598
-0.020995 -0.055428 0.014796 0.023632 0.026687 0.038882
-0.003652 0.000007 -0.011053 -0.023657 -0.018903 0.000343
0.009309 -0.005459 -0.000938 -0.452719 -0.180733 -0.382234
0.000134 -0.002289 0.003131 0.097828 0.022813 -0.207357
-0.058540 -0.009664 -0.046526 0.462372 0.215202 -0.270831
