0.056234 -0.073666 -0.002721 -0.069937 -0.000811 0.025045
-0.022251 -0.015164 -0.010390 0.386576 -0.157105 -0.135800
0.001525 0.002186 -0.000731 -0.258703 0.112697 0.108423
0.001681 -0.000567 0.046941 -0.002960 -0.016391 -0.112280
0.021636 -0.010051 0.032780 -0.040809 -0.036401 0.026397
-0.012299 0.006037 0.011815 0.162198 0.170280 -0.275657
-0.028138 0.020285 0.024857 -0.001002 -0.002280 0.011115
-0.032177 0.011033 0.029004 0.288555 -0.302369 -0.225369
0.007426 -0.015628 -0.031689 -0.320111 -0.112093 -0.366515
-0.030322 0.011095 -0.043188 0.171408 -0.150425 -0.179827
-0.018903 -0.007990 -0.020912 0.017503 -0.106417 0.245447
0.073385 -0.025323 -0.041783 0.280775 -0.258568 0.141527
0.011294 0.019336 0.033835 0.001947 0.030476 -0.022032
-0.014657 -0.006344 -0.027415 -0.011143 -0.003334 0.051397
-0.056298 -0.028053 0.007254 0.206348 0.158212 0.052085
-0.042496 -0.023664 0.031421 -0.374619 -0.253175 -0.263544
0.013108 0.039199 0.029336 -0.249852 0.248819 -0.122802
0.023657 -0.023193 0.024063 -0.208565 -0.137754 0.174703
-0.071138 0.024442 -0.050057 -0.007683 -0.010608 -0.010100
0.006765 -0.022413 -0.004057 0.089447 -0.018564 -0.385770
0.050557 -0.041104 0.050883 -0.072921 -0.087697 0.039552
-0.002919 0.017612 0.017687 0.052989 0.019346 -0.036668
-0.026216 -0.010407 -0.009081 -0.267593 0.196627 -0.110094
-0.031513 0.027397 -0.075885 -0.026807 -0.060007 0.029681
-0.036587 -0.009564 -0.054282 0.026797 0.100378 0.111572
-0.033034 0.014144 -0.028797 -0.072569 0.044353 -0.189893
0.046851 -0.040945 -0.005624 -0.335556 0.370959 0.050842
0.041829 -0.068410 -0.067540 -0.238690 0.235908 0.195642
0.000179 -0.001747 0.002011 0.097110 0.114540 0.014375
0.013532 0.004772 0.014553 -0.309359 -0.368537 0.412017
0.007952 0.001475 0.006149 0.297723 -0.333723 0.337179
-0.019298 0.028202 -0.006086 -0.197197 0.136516 0.143563
0.020775 -0.031891 -0.023060 0.032189 0.022245 -0.032524
-0.015324 0.013829 -0.000872 -0.110821 0.054212 0.100908
-0.025409 0.027152 0.007216 0.143798 0.005950 0.070025
0.061836 0.008392 0.009638 -0.256130 -0.061077 0.201743
0.030517 -0.028804 0.039983 0.005735 0.051896 -0.054506
-0.000141 0.000020 -0.000143 -0.054924 0.025872 -0.003441
-0.033880 0.039357 -0.013505 -0.052962 0.025940 0.001949
-0.000136 0.000565 0.000708 0.015246 0.013836 -0.043418
