-0.015589 -0.006240 0.045243 0.377005 0.007978 -0.377737
-0.021559 0.015015 -0.007240 -0.302558 -0.262803 -0.195544
0.054127 -0.022975 0.061535 0.160663 0.139282 0.130685
-0.008379 -0.005176 -0.041236 0.305628 -0.256837 -0.084840
0.004925 0.016501 -0.031949 0.120079 0.099552 0.184131
0.055168 0.053305 0.082810 -0.106904 0.126323 0.007188
0.062520 -0.065851 -0.044217 -0.016615 -0.009972 0.011737
-0.001018 0.002691 -0.000429 0.033819 -0.024961 0.101595
0.002651 -0.036696 -0.001162 0.235740 0.190593 -0.065892
0.006771 -0.006355 -0.004704 -0.365866 -0.071425 0.113253
0.013605 -0.005640 0.027355 0.002147 -0.056353 0.051703
0.004088 0.001823 0.000614 -0.268074 0.111612 0.146216
-0.038575 0.008329 0.002314 -0.012453 0.124567 -0.190911
0.000807 0.001430 -0.001465 -0.161046 -0.114589 -0.019496
0.012795 -0.012029 -0.003886 -0.006850 -0.034917 0.023778
0.005520 0.028049 -0.017468 0.027273 0.096581 -0.102524
-0.026073 -0.018539 -0.054934 -0.027436 0.022305 -0.004548
0.021390 -0.017663 -0.035733 0.174240 0.029562 0.193747
-0.007408 0.025123 0.006644 0.479718 0.177092 -0.197421
0.002563 -0.048342 0.051515 -0.240247 -0.098778 0.002463
0.043642 -0.043620 -0.044869 -0.129809 -0.286832 0.267454
0.021127 -0.020608 0.000205 -0.147008 -0.068022 -0.006270
0.018481 0.025042 -0.000007 -0.049663 -0.126276 -0.140855
-0.001010 -0.009628 -0.040139 0.156706 0.071050 -0.210644
-0.037079 0.013115 0.031911 -0.258317 -0.042741 -0.278004
-0.026242 0.037463 0.006518 0.056660 0.019082 -0.023572
0.009815 -0.018603 0.024595 -0.022727 -0.197966 -0.209024
-0.003183 -0.017256 -0.011118 0.073822 0.037356 -0.061543
-0.031503 -0.033524 -0.013993 0.061239 -0.136927 0.163722
0.079174 0.000772 0.025778 -0.102412 -0.010936 0.055775
0.053452 -0.037432 -0.054631 -0.037223 -0.016152 -0.053644
-0.042813 -0.053942 -0.004760 -0.358265 -0.213845 0.082536
0.022023 -0.020875 0.021201 -0.005998 -0.161532 0.240667
-0.023660 -0.029904 0.035900 -0.048729 0.135248 0.125589
0.001305 0.004089 -0.002615 -0.123177 -0.065106 -0.022688
0.006089 -0.016250 -0.016803 -0.311439 -0.263142 -0.297116
-0.017774 0.045461 0.006686 -0.208494 -0.062988 -0.212717
-0.051936 -0.029075 0.050034 -0.076081 -0.123910 -0.063448
0.037468 -0.032698 -0.031883 0.462232 0.096957 0.423610
0.001423 -0.011131 -0.000350 -0.056444 0.026046 -0.075114
-0.020124 0.023900 0.017194 0.106569 0.313561 -0.190037
