0.038909 -0.034043 -0.019518 -0.332614 0.190348 0.071763
-0.057959 0.000221 0.063426 -0.170571 0.168702 0.067532
0.033322 -0.036629 0.000923 0.007534 -0.023419 0.006295
-0.000242 -0.001774 0.001728 0.433581 0.308339 -0.350865
0.000199 0.002600 -0.004985 0.113244 0.009913 0.059868
-0.012709 0.004479 0.010042 0.174178 0.189942 -0.171880
0.017872 -0.038401 0.077360 0.232636 -0.194814 0.017641
-0.007080 -0.029455 -0.022496 -0.163753 -0.053325 -0.008446
0.010829 0.000001 -0.001493 -0.001772 -0.002338 0.001182
-0.018272 -0.011510 -0.036979 0.356973 0.216666 0.203924
-0.007744 0.005703 0.008336 0.055068 0.105426 -0.005732
0.032516 -0.024599 0.018429 0.008498 0.022971 -0.105454
-0.019581 0.018872 0.022827 -0.247906 0.042008 -0.123146
0.062997 0.058616 0.050925 -0.003440 -0.026767 0.019388
0.001112 0.026259 -0.020446 0.086516 -0.043641 0.108853
0.015686 -0.011578 -0.000605 0.130178 -0.128186 -0.127762
-0.044393 -0.013336 -0.026822 -0.125540 -0.085869 -0.061819
-0.010470 -0.019820 -0.027917 -0.011195 -0.035175 -0.073635
0.003958 0.039443 0.055352 -0.063340 -0.064038 0.178067
0.035534 -0.031563 -0.060224 -0.107837 -0.226583 0.136741
0.020995 0.031014 -0.047519 -0.004084 0.036749 0.029368
0.009548 0.022512 0.001613 0.089883 -0.072037 0.064800
-0.048714 0.066294 0.034528 0.202882 -0.134589 0.236968
0.024723 -0.025248 0.021726 0.215227 0.002479 0.134563
-0.018201 0.026366 -0.011290 -0.135037 -0.340114 0.093226
0.042759 0.014209 0.018805 0.021463 -0.048044 0.037270
-0.012145 0.032529 -0.033007 -0.291549 0.277196 0.316449
-0.082056 -0.033447 0.068211 0.101356 -0.257262 0.178816
-0.014891 0.017778 -0.020912 0.064016 0.105456 0.129154
0.021573 0.017212 0.010152 0.013048 -0.007477 -0.003664
-0.033631 -0.053762 0.002477 0.045524 0.014700 0.123773
-0.047559 0.066654 -0.077905 -0.018591 -0.002150 0.005906
0.000374 0.000834 0.000419 -0.024371 0.062587 0.010019
0.013035 -0.036781 0.036771 -0.363699 -0.036666 -0.169642
-0.002374 -0.012967 0.013699 0.019128 -0.024603 -0.211115
-0.021065 -0.003662 0.047379 -0.065884 -0.031462 -0.105260
-0.042756 -0.043637 0.010030 0.096175 -0.024406 0.063754
-0.004634 0.007974 -0.029035 0.074596 -0.242207 0.067400
0.001196 -0.017783 -0.019656 0.081930 -0.063849 -0.064542
