0.009473 -0.005979 -0.008304 -0.013516 0.022156 0.039121
-0.044423 0.016232 -0.007117 0.057760 -0.101438 0.051414
-0.038111 0.053190 -0.034629 -0.241778 -0.384800 -0.218124
0.000266 0.002034 0.001953 0.189299 0.276253 0.106303
0.041192 -0.006097 0.025368 0.142875 -0.231022 -0.111500
-0.000792 0.001319 -0.005864 -0.214799 -0.322016 -0.236553
0.038400 0.014119 0.012437 -0.215831 -0.248216 0.047002
-0.005173 0.027318 -0.065200 -0.029214 0.001666 -0.010451
0.047655 0.045749 0.031244 0.021755 -0.276790 -0.237455
-0.003145 -0.080474 -0.023363 -0.389669 0.293307 0.030253
-0.028251 -0.016848 0.027656 -0.194057 -0.084499 -0.001926
-0.003032 0.026178 -0.013246 -0.149803 0.177932 0.157242
-0.025820 -0.044432 0.021115 0.124549 -0.090306 0.284386
0.020997 0.028647 0.049065 0.046791 0.014282 0.022529
0.014510 -0.022133 0.000693 -0.418417 0.138206 0.180012
0.013008 0.010406 0.005771 0.287853 0.224128 0.399142
-0.014250 -0.025607 0.029252 -0.244019 0.042991 -0.329582
-0.020217 0.021102 -0.016685 0.274632 -0.009741 -0.270694
-0.020960 0.022102 0.057423 0.208578 0.032578 -0.089174
-0.005774 0.010531 0.009788 0.281209 -0.166473 -0.154945
-0.012865 0.016025 0.026759 -0.006993 0.002587 -0.016240
0.010002 -0.004229 0.008617 0.031868 -0.146734 -0.080768
-0.002490 0.015213 -0.031271 -0.063285 -0.080964 0.024617
0.036487 0.045755 0.012645 0.094768 -0.053873 -0.060934
0.000375 0.003185 -0.009639 0.003324 -0.101292 -0.118581
-0.071844 0.062078 -0.074842 -0.105779 -0.127696 0.016063
-0.004970 -0.013589 -0.020711 0.063466 0.057713 -0.049409
-0.029482 -0.000561 -0.055748 0.036268 0.061076 -0.013553
-0.034795 -0.036609 -0.001640 -0.108070 -0.312175 -0.027296
-0.005097 0.014063 -0.018319 -0.189345 0.124076 -0.454610
-0.073739 -0.025733 0.084417 -0.013571 0.028078 -0.035800
0.035320 -0.005014 -0.010570 -0.013367 0.081057 0.035494
0.007106 0.002160 0.004832 -0.123756 -0.074562 0.076687
-0.036596 -0.004119 0.016290 0.066500 -0.129639 -0.108878
0.001520 -0.001604 -0.000517 -0.002701 -0.000796 0.000393
0.039537 0.051831 0.042654 0.117765 -0.226561 -0.254803
-0.005360 0.005040 -0.007565 0.236532 -0.326433 -0.074330
0.006980 0.004669 -0.007417 -0.389648 -0.332106 0.162937
0.032982 0.066657 0.018158 -0.008957 0.103395 0.117776
-0.024020 0.019479 0.001621 -0.070430 -0.045404 0.018028
