0.006880 -0.048580 -0.038869 -0.045017 -0.060233 0.094984
0.026768 -0.069000 -0.012255 -0.057176 0.286272 0.347450
-0.000427 -0.007816 0.007020 0.052929 0.088490 -0.028536
0.004505 0.049067 -0.006207 0.052021 -0.068733 0.031877
-0.024016 0.026885 0.005314 -0.040809 0.115379 -0.000291
-0.000176 -0.000405 0.000144 -0.092798 -0.027068 0.135389
-0.044742 0.012355 0.023195 -0.231324 -0.204401 -0.080041
-0.050642 -0.037795 -0.041504 -0.172821 0.177784 0.332974
0.025673 0.025967 0.001912 -0.032562 0.303999 -0.139446
0.055214 -0.019661 -0.057096 -0.107176 -0.093219 -0.129594
0.002208 0.002240 0.006198 -0.333455 -0.422249 -0.420475
-0.000021 0.056615 0.045281 0.038425 0.093544 0.146523
0.058504 -0.080212 0.066562 0.152034 -0.014308 0.028689
-0.057707 0.060690 -0.002805 -0.152151 0.110414 -0.257801
-0.045222 0.014191 -0.010387 0.027935 0.010664 0.018767
-0.052099 -0.021029 0.005980 0.103597 -0.133730 0.233425
0.009395 -0.003708 0.007165 0.038571 0.052714 0.010297
0.004099 0.001103 0.006263 0.173651 0.185263 0.124675
-0.025901 -0.032805 -0.012401 0.211931 -0.050703 0.176044
-0.018033 -0.009025 0.000890 0.066901 0.168713 0.278444
-0.007511 -0.004731 -0.002049 0.008877 -0.014517 -0.003973
-0.008408 -0.040287 0.003507 0.003469 0.002125 -0.003491
-0.010281 0.020948 0.003308 0.288731 0.219996 -0.222606
-0.002000 -0.001379 -0.000046 -0.038040 -0.044289 -0.291072
-0.035890 0.004503 -0.004061 0.004157 -0.008374 -0.014681
0.023815 0.014527 0.045938 -0.115300 -0.115678 0.328360
-0.002805 -0.062869 0.038033 0.027097 0.064404 0.017365
-0.046550 -0.009467 -0.022303 0.059160 0.108805 0.047854
-0.031777 -0.030985 0.076957 -0.391297 -0.268794 -0.115435
0.016801 0.008133 0.027557 0.008211 0.166944 0.167922
-0.067236 0.011972 0.047497 0.053779 0.013176 -0.022165
0.052562 -0.062972 0.028160 -0.315913 -0.298225 -0.224197
-0.001384 -0.000095 -0.000507 0.114748 0.205415 0.333110
-0.007188 -0.008212 -0.005664 -0.079205 -0.019648 -0.073873
0.023807 0.023999 -0.045632 -0.005264 0.157787 -0.012729
-0.025334 0.001102 -0.058324 0.006394 0.018578 0.056369
0.012371 0.019886 0.003883 -0.058871 -0.113989 0.045381
-0.035991 0.011295 0.017584 -0.015426 -0.056812 0.050830
0.034501 -0.023182 -0.039035 0.001819 -0.043938 -0.137731
0.024022 0.003404 -0.017815 -0.039331 -0.268357 0.075090
