-0.020111 0.019370 -0.009584 0.076860 -0.014498 0.141212
-0.022624 0.017656 -0.023683 0.022341 -0.053145 0.016267
-0.019932 -0.024326 0.033862 -0.184484 0.150868 0.223723
0.013971 -0.004477 -0.011537 -0.062189 -0.239923 -0.127953
0.020607 0.029315 0.004002 -0.036412 0.159071 -0.011580
-0.068664 0.000110 -0.009863 0.045434 -0.010027 -0.009585
0.024093 0.031273 0.017520 0.019002 -0.032525 -0.006916
-0.016195 0.022216 0.002886 0.266312 0.072404 -0.162867
-0.000816 0.001675 0.000836 0.122980 0.058267 -0.137561
0.016219 0.005130 -0.023021 0.110245 -0.237161 0.014200
-0.060503 0.044601 -0.041415 -0.011022 -0.017625 -0.014505
0.008086 0.050504 -0.053618 0.001852 0.105956 0.080177
0.016959 0.021483 0.028601 -0.052157 -0.146842 -0.015762
-0.014841 -0.020161 -0.009215 0.137025 -0.027584 0.323833
-0.015121 -0.033146 -0.010648 -0.293287 -0.451221 0.070727
-0.011388 -0.003855 0.018976 -0.022026 0.009119 -0.001600
-0.017267 -0.011338 -0.024517 0.088593 0.131196 0.184090
0.005206 -0.041407 -0.037265 -0.068930 -0.093784 -0.181042
0.003658 -0.028144 0.009001 0.088726 -0.055090 0.250015
-0.018343 0.012660 0.021074 0.123879 0.151783 0.245851
0.009576 0.009410 -0.015831 -0.018612 -0.120949 0.207464
-0.019722 0.032068 0.000701 -0.028247 0.102315 -0.088159
0.022524 -0.026957 0.011074 -0.054535 0.040480 0.024898
-0.010359 0.025958 -0.038607 0.261126 -0.225100 -0.204741
0.006350 -0.019956 0.008635 0.108097 -0.003781 -0.222216
-0.049167 0.015307 0.056183 -0.348629 -0.077219 -0.126186
0.019134 -0.017843 -0.010510 -0.033855 -0.007428 -0.004845
-0.003956 0.003645 -0.000718 0.083123 -0.112079 -0.152205
0.014703 -0.047405 0.025214 -0.009211 0.068414 -0.050811
0.002386 -0.004162 0.007358 0.343697 0.371572 -0.187469
0.052116 -0.039381 0.001344 -0.028215 -0.089924 0.022735
-0.018772 0.006846 -0.021525 -0.007418 -0.343784 0.346845
0.006688 0.028515 0.037757 -0.146890 -0.245807 0.095079
-0.002688 0.011011 0.013054 0.029391 -0.000335 -0.006780
0.022720 0.027754 0.025563 -0.057333 -0.183630 0.195255
-0.001893 0.000315 -0.002951 -0.211055 0.111350 0.100691
0.001711 0.002139 0.001851 0.024259 0.187690 0.136211
0.016490 -0.062974 -0.023002 0.126018 0.031829 -0.009608
0.012566 0.035968 -0.013801 -0.270195 0.118086 0.087673
-0.000501 0.002005 -0.001003 0.046173 0.020052 0.165522
0.001321 -0.001905 -0.007629 0.022388 0.114304 0.100761
