0.006138 0.003083 0.004532 -0.047825 -0.324954 0.024415
-0.023866 -0.015346 0.048647 -0.119387 -0.134786 -0.054653
0.081316 0.046073 0.010738 -0.002220 0.001622 -0.018103
-0.005980 -0.005507 -0.025333 0.369767 0.384565 -0.400420
-0.002390 0.019766 -0.013170 -0.082375 -0.263545 0.227712
0.000050 0.003356 -0.026255 -0.065685 0.166537 -0.247210
-0.002235 -0.042676 -0.008268 -0.126414 0.079200 0.139240
0.011933 0.069546 0.021065 0.006800 0.068287 -0.035769
-0.033136 -0.038225 0.027173 -0.002906 0.002677 -0.001985
-0.007810 -0.008133 -0.000169 -0.084708 0.209558 0.072267
-0.006571 -0.019675 -0.006425 0.069504 -0.147489 -0.108522
0.011729 0.033355 0.025518 0.027330 0.027412 0.005279
-0.008148 0.007873 -0.002037 0.440077 -0.094607 0.403681
0.041035 0.012289 0.078984 -0.109577 -0.120033 0.049528
0.053072 0.007153 0.009529 -0.191045 0.075937 0.138845
-0.030978 -0.006251 0.015040 0.215917 -0.178880 -0.146856
-0.005845 -0.045575 -0.016324 0.032906 0.005638 0.008212
-0.020984 0.002412 0.019783 -0.037940 0.184889 -0.028495
-0.038154 -0.010588 -0.007564 -0.134867 0.260605 -0.050829
0.000408 -0.000344 0.000230 0.124485 -0.107962 0.010177
-0.032749 -0.019930 -0.053478 -0.068664 0.230629 -0.257841
-0.062230 0.026995 -0.011487 -0.168848 -0.205363 -0.153857
-0.053405 0.044820 0.056391 -0.004411 0.004749 0.043463
0.024716 0.020933 -0.001131 0.165981 -0.168175 -0.057063
-0.007092 -0.013871 -0.006735 0.121463 0.371092 -0.308796
-0.004483 -0.000582 0.004266 -0.014125 -0.204609 -0.116234
0.003549 0.021879 -0.036876 0.123491 0.009404 -0.278547
-0.023180 0.022061 -0.022164 -0.312218 0.218199 0.226647
-0.007962 -0.000405 0.005799 -0.178273 -0.202939 -0.229054
0.064102 0.037593 -0.048277 0.279325 -0.061052 0.302565
0.003905 0.001073 0.007774 0.211636 -0.161285 -0.201618
-0.008585 -0.030121 0.004580 -0.318378 0.331496 -0.310224
-0.001968 0.001852 0.011225 -0.010760 0.010917 -0.010206
-0.021932 -0.034660 -0.069453 -0.086994 -0.086107 -0.088289
0.005131 0.000460 -0.006347 0.408262 0.274872 0.335995
0.000150 0.012332 0.026511 0.262840 0.119670 -0.063361
0.000508 0.001985 0.002746 0.007150 0.077655 0.231155
0.013723 -0.005510 -0.000360 0.065118 0.086237 -0.038694
-0.006892 0.006674 -0.000760 0.341124 -0.149535 0.117520
-0.000382 0.011548 -0.010873 0.052332 0.123992 0.026149
