0.019128 -0.005829 -0.010785 -0.033174 0.086329 -0.135638
-0.034723 0.049681 0.040449 -0.025812 0.024977 0.025074
0.034658 -0.009318 -0.033160 -0.045889 -0.042444 -0.024345
0.014697 0.038625 -0.006989 0.063454 0.062691 -0.039797
0.052148 0.045594 0.022702 0.056459 -0.328710 -0.210161
-0.015780 -0.019567 -0.010216 -0.039197 -0.137464 -0.196565
-0.000499 -0.001369 -0.006479 0.031974 0.019506 0.002986
-0.018439 -0.008526 0.020658 -0.019479 0.000691 0.055059
0.029175 -0.064308 -0.050552 -0.069480 0.029590 0.122335
-0.012561 0.020303 0.005300 0.117544 0.120541 -0.089997
0.061986 -0.062490 0.072290 0.192621 0.071244 0.060626
0.028692 0.002446 -0.016490 -0.414893 0.440998 0.205878
0.033486 -0.045902 -0.035414 0.008805 0.032128 -0.021645
0.006746 -0.013813 0.004376 -0.287893 -0.104443 -0.353250
-0.003973 0.000694 0.003413 0.007707 0.003793 0.002347
0.005875 -0.014562 0.010028 -0.236844 -0.226617 0.202380
-0.069877 0.031336 -0.060529 -0.088817 0.015374 0.079618
0.065177 0.016287 0.018761 -0.213419 0.170745 -0.212346
0.016259 0.011891 -0.023405 -0.101861 0.342096 0.362070
-0.054880 0.033730 0.034158 0.266425 0.237865 -0.262961
-0.012752 0.003494 -0.004480 0.019495 -0.103710 0.065198
-0.005926 0.017903 -0.015688 0.105051 0.281760 0.087401
-0.027625 -0.004887 -0.017237 0.143490 -0.005638 -0.168965
-0.036646 -0.015945 -0.002135 -0.315386 0.000782 -0.423613
0.008332 0.007138 0.010325 0.053508 -0.038323 -0.047482
0.034595 0.013903 -0.000301 0.202728 -0.134590 -0.088905
-0.001975 -0.046938 0.005896 0.000375 0.012754 -0.014325
-0.000933 -0.001099 0.003356 0.057809 -0.069370 0.020942
0.018942 0.025902 0.026666 -0.178712 -0.157456 0.062469
-0.026695 0.013306 -0.005784 0.040801 -0.038262 0.029618
0.003504 0.005903 -0.002521 -0.020920 0.044502 0.008561
0.058447 0.003256 -0.014819 -0.041492 0.030183 -0.179462
0.029878 0.035334 -0.012869 0.057797 0.100834 0.090996
0.001481 -0.000574 -0.000079 -0.056765 -0.039700 -0.043118
-0.020256 -0.012152 0.003752 0.038512 -0.182587 -0.199979
-0.011887 -0.005166 0.012389 -0.023830 0.054537 0.016784
-0.029894 0.039760 0.073772 -0.357083 -0.165945 -0.321898
0.023539 0.026004 -0.008196 -0.049663 0.009683 -0.277772
0.002634 -0.027438 -0.039851 -0.372049 -0.102047 0.033260
