-0.000052 0.008024 0.006397 0.067076 -0.066288 0.062730
-0.018370 -0.029605 0.021593 0.003932 -0.057449 0.031201
-0.004727 -0.003695 -0.001957 -0.283483 0.145173 -0.146671
-0.038757 0.037776 -0.023450 -0.236262 0.266872 -0.019275
-0.069042 -0.066216 -0.054081 -0.099098 0.045168 -0.067229
0.005727 -0.029899 0.011471 -0.262397 0.230155 -0.237235
-0.030066 -0.001452 -0.011822 -0.036404 -0.053247 0.065154
-0.017662 0.038041 -0.020112 -0.038341 -0.347389 0.238557
0.010193 0.020356 0.014774 0.358511 0.143426 -0.049588
0.027132 -0.005978 -0.033085 -0.174120 -0.029482 0.100689
-0.012012 0.015454 -0.014761 -0.329202 -0.484752 -0.008924
-0.017122 0.059391 -0.013329 0.066388 -0.146883 -0.156064
-0.022858 0.026793 -0.007009 -0.223432 -0.046723 0.260487
0.017922 0.019517 -0.013663 0.118455 0.024549 0.001417
-0.027803 -0.004082 -0.022771 0.376478 0.068106 -0.058158
-0.023768 -0.040695 0.022561 -0.188930 0.247874 -0.244291
-0.052344 0.036237 0.062537 -0.049759 0.032594 0.017543
0.026059 0.031055 0.008879 -0.001350 -0.003773 0.000434
0.018972 0.026653 0.006045 -0.001802 -0.005432 -0.004745
0.035955 0.053325 -0.000040 -0.250306 -0.457521 0.243956
0.071668 0.020185 -0.050830 0.000211 -0.099890 0.063490
-0.019388 0.006497 -0.020177 0.048348 0.014848 -0.021016
-0.015991 0.016466 0.013375 -0.133338 0.129892 0.385779
-0.003443 0.006348 0.004310 0.017692 -0.067972 -0.024358
0.047406 0.015637 0.023727 0.024566 0.056620 0.059765
-0.060357 0.027896 -0.065025 0.305500 -0.197696 0.047984
-0.043928 0.031656 -0.028141 0.010605 0.043832 0.011282
0.046253 -0.015080 0.031026 -0.116240 0.108506 0.291113
0.002273 0.000317 0.002215 0.075557 0.157937 0.293045
-0.038534 0.032451 0.019226 -0.003212 -0.069965 0.177691
0.050992 0.061650 -0.013927 -0.215001 0.369453 -0.072580
0.006496 -0.015269 0.012840 0.113785 0.013505 0.019264
-0.000065 -0.007580 -0.009090 0.123359 -0.067002 -0.140284
0.009560 0.034136 -0.033935 0.033836 -0.278044 -0.223197
0.003942 0.004295 -0.005279 0.190707 0.028409 -0.067766
0.038221 0.007411 0.063311 0.306326 0.012637 0.238904
0.014527 0.009635 -0.006716 0.030323 0.253209 0.233163
-0.072451 0.057872 0.000180 -0.004679 -0.043254 0.043119
0.000141 0.000109 0.000046 -0.180988 -0.012594 -0.035872
0.054074 -0.017883 0.028886 0.446376 -0.451766 -0.001949
