0.016246 0.042892 0.011183 0.248155 0.065517 -0.176442
0.024399 -0.052867 -0.047560 0.007263 0.023691 -0.015821
-0.050989 -0.055708 -0.038861 0.215076 0.060279 0.142056
-0.037667 -0.020329 -0.038461 0.112033 0.227381 -0.292914
0.011976 0.001038 0.002046 0.064750 -0.136367 -0.009871
0.027335 -0.058047 -0.025241 0.114887 -0.122421 -0.115160
-0.002943 -0.080947 0.046035 -0.038895 0.004212 -0.010578
-0.001221 0.001099 0.001609 -0.250186 0.041793 -0.080205
0.007297 -0.017233 0.024989 -0.018627 0.000722 0.013794
-0.042496 0.003069 0.040641 0.028970 -0.135180 0.131909
0.030991 0.002422 -0.002509 0.049648 -0.104448 0.230150
-0.000706 -0.007886 0.001445 0.065790 0.166968 0.227003
-0.014528 0.001645 -0.004349 -0.000694 0.029154 0.000053
0.013325 -0.008390 0.014893 0.241208 0.035569 0.136998
-0.014708 -0.011938 -0.056190 0.079649 -0.082992 0.131682
0.062063 0.006177 -0.064361 0.004643 0.076296 -0.165431
0.002175 0.015837 -0.008171 -0.025064 0.043899 -0.042893
0.006472 0.003879 -0.001017 0.007507 0.046943 -0.051090
0.049821 0.035145 -0.006113 -0.006549 0.050782 0.184942
-0.004823 0.017135 -0.019455 -0.093925 -0.286323 -0.182525
0.016729 -0.026145 -0.014559 0.136819 -0.344649 -0.396878
0.026897 -0.056318 -0.019442 -0.022048 0.123068 -0.305531
-0.013723 0.013982 0.001298 -0.165850 0.238782 -0.292076
-0.041423 0.046998 -0.026597 -0.290362 -0.114364 0.269722
-0.008258 0.025257 -0.049911 -0.111246 -0.283904 -0.297971
-0.006032 -0.022030 -0.015511 -0.084325 0.252337 0.135782
-0.014332 0.025290 -0.019415 -0.005435 -0.014817 -0.010556
-0.057730 0.036952 0.027716 0.092030 0.355395 0.234552
0.000416 0.003279 0.039060 -0.032959 0.149400 0.020102
-0.001577 -0.004207 -0.004644 0.025488 0.087588 -0.046178
0.019443 0.029231 0.001060 0.050395 0.016157 0.054179
-0.069980 -0.065777 -0.057376 -0.117744 0.301558 -0.391162
0.040910 0.012453 -0.035393 0.289885 -0.350961 -0.276636
-0.077428 0.047036 0.000880 -0.138891 -0.020911 -0.026591
0.066797 -0.055059 -0.054505 -0.153392 0.080208 0.039972
0.010601 0.041182 0.040587 0.113142 -0.085272 -0.090180
0.068498 0.043862 0.030774 0.093706 0.311088 0.254706
-0.006219 0.009968 -0.004476 0.039630 0.016484 0.049293
0.027724 0.017736 -0.025554 -0.031836 -0.085434 -0.069270
-0.002233 -0.002081 0.018872 -0.063630 0.022827 0.089599
