0.016481 0.016734 -0.065691 0.022930 0.084350 0.170809
-0.002010 -0.008089 0.021840 -0.051457 -0.087107 -0.165682
-0.003104 -0.000837 -0.001682 -0.305774 0.020612 -0.148266
-0.048702 0.025840 -0.046385 0.066063 0.059662 0.199767
0.007146 0.001815 -0.008004 -0.050858 -0.000934 0.286053
-0.006843 0.005214 -0.026797 0.059232 0.165937 -0.193321
-0.019606 -0.017197 0.007363 -0.170163 0.180697 0.173184
-0.064256 0.045918 0.047892 -0.136873 0.078739 -0.345014
0.038596 0.035512 -0.023589 0.016785 -0.217485 0.138643
-0.010313 0.017395 -0.003075 -0.207264 -0.051366 0.191543
-0.009463 -0.006156 0.009022 -0.051658 -0.088844 0.137358
-0.041486 0.025660 -0.060914 -0.023922 0.008908 0.025639
0.010784 0.004492 0.011265 0.120559 -0.315440 0.418409
0.001910 0.028427 0.045893 0.043323 -0.058639 -0.051588
-0.009714 -0.058195 -0.054333 -0.002668 0.003800 0.004510
0.005033 -0.005474 -0.007514 0.017787 0.090826 0.136874
-0.005937 -0.003105 0.001301 0.062165 0.117156 0.171146
-0.043570 -0.022281 0.046036 0.047618 0.008507 0.204133
-0.004508 -0.008944 0.012536 0.252017 0.236357 -0.142151
-0.009548 -0.009060 0.001659 -0.189674 -0.211498 -0.329460
0.022914 -0.071431 0.063687 -0.031130 0.225548 0.056929
-0.001185 0.000465 0.002163 -0.014234 -0.005534 -0.030846
0.009087 0.007371 -0.021659 -0.225639 0.029023 -0.205449
-0.006894 0.002748 0.000275 0.045974 0.307897 0.096836
0.033874 0.027607 -0.044257 0.086705 -0.068562 0.005262
0.008724 -0.037183 -0.026200 -0.250191 -0.002308 -0.180452
0.016993 -0.003456 -0.039489 0.274785 -0.239555 0.099870
0.020990 0.042957 -0.060835 -0.170551 0.072705 -0.005898
0.040765 0.023991 -0.003663 -0.051838 -0.144133 0.249409
-0.029606 -0.012924 0.009317 -0.084151 0.041846 -0.138168
-0.035028 -0.027025 -0.033952 -0.347674 -0.217975 0.440563
0.039075 0.038462 -0.035448 0.293091 -0.136332 0.038846
-0.016666 0.048931 -0.003112 0.062377 0.349143 0.059760
-0.003751 0.000932 0.006096 0.016262 -0.104005 0.075078
-0.000111 -0.000820 -0.000290 -0.114245 -0.114505 -0.013261
0.011109 -0.003298 0.015771 -0.291763 -0.287850 -0.068731
0.007143 0.000182 0.007933 0.129311 0.114138 -0.081085
-0.007596 -0.048242 -0.048228 -0.030898 0.325857 0.078039
-0.019067 -0.003861 -0.017527 0.057331 -0.033604 -0.075676
0.007062 0.005526 0.036667 -0.207596 0.042981 -0.109712
