-0.009120 -0.003417 -0.000516 -0.165282 -0.116966 -0.137441
0.019841 0.015422 0.015307 -0.056254 -0.103086 0.099483
0.006356 0.017683 -0.020961 -0.087607 0.081892 0.110290
-0.005336 -0.002612 0.005417 0.199974 0.182261 0.221771
0.003263 0.047030 0.032721 -0.104868 -0.129778 -0.128736
0.033214 0.003950 -0.039772 0.031464 0.056102 0.034150
0.006099 -0.010862 0.000096 -0.302334 -0.085820 -0.024296
0.000353 -0.000022 -0.000165 0.325484 0.127485 -0.098155
0.061135 -0.022880 0.036579 -0.195627 -0.278045 -0.008605
0.006976 0.002766 0.004313 0.227151 -0.056019 0.120097
-0.068986 -0.021581 -0.009362 -0.015742 -0.107287 0.086532
0.033746 0.007801 -0.024308 0.042255 0.068638 -0.056829
-0.014225 -0.002392 0.021496 -0.054348 0.159435 0.000701
-0.025372 0.028830 -0.024847 0.145924 0.086914 0.064014
-0.063851 0.051047 0.012789 -0.274013 0.356496 -0.130944
-0.000327 -0.058225 0.070283 -0.133605 -0.094632 0.034037
0.020611 -0.008072 -0.018008 0.197208 0.149162 -0.035076
0.007018 0.032339 -0.038421 0.123963 -0.111417 -0.057375
-0.020002 0.000933 0.055561 0.000190 0.204818 -0.155088
-0.008270 0.054721 0.074580 -0.070731 -0.000825 -0.092992
0.004781 -0.007146 -0.005018 -0.027909 -0.051741 0.036560
-0.000405 -0.010254 0.031891 -0.192665 0.014818 0.057011
0.031467 -0.003263 0.055874 0.148558 0.046820 0.020705
0.006538 -0.003030 0.003901 -0.129410 -0.374880 -0.175779
-0.007420 0.037642 0.004262 0.004014 0.003993 -0.020468
0.010826 -0.040905 0.025594 0.005165 0.006321 0.047017
0.001246 0.000220 0.001845 0.146581 0.013106 -0.039354
0.006037 -0.003805 0.009149 0.005373 0.004541 -0.006189
0.016243 0.018335 0.060544 0.070600 -0.008534 0.079735
-0.005898 -0.004997 0.024279 0.164163 -0.192218 0.197828
-0.003287 0.001843 0.008452 -0.459653 0.342709 -0.306519
0.047515 0.077892 0.038478 -0.008223 0.123006 0.162459
0.050334 0.039813 0.064374 0.072418 -0.051667 -0.196650
-0.034081 -0.053748 0.013198 0.402543 0.302420 -0.289563
0.007154 -0.012939 -0.005711 -0.066312 -0.164565 0.095134
0.015246 -0.007488 -0.010248 -0.439604 -0.409859 -0.214647
0.028369 -0.009391 -0.013956 0.125776 -0.207693 0.086594
-0.001210 0.000018 -0.000550 -0.174044 0.012478 0.021547
-0.019677 -0.012971 -0.020119 -0.061163 -0.000366 0.075687
-0.005343 0.033027 -0.006668 -0.059142 -0.029873 -0.009286
