0.031784 0.033871 0.008577 -0.183284 -0.268705 -0.085275
-0.002367 0.001402 0.000510 0.001565 0.004850 0.003374
-0.013949 0.020767 0.007671 -0.126698 0.073682 -0.017977
0.047116 0.028470 0.047898 -0.050068 -0.051798 -0.045685
0.019024 -0.020085 -0.071697 0.490846 -0.245549 -0.476502
-0.034984 -0.032675 0.022934 0.131103 -0.340999 0.303603
-0.007850 0.012531 -0.003482 0.085845 0.149450 -0.081378
-0.003444 -0.002109 -0.001529 0.390928 0.198432 0.342334
-0.005527 -0.005669 0.006859 -0.036618 -0.094101 0.273706
-0.032871 -0.042579 0.081047 -0.006662 0.000970 0.007761
-0.006868 -0.007870 0.032479 0.157055 0.052354 -0.083671
0.056476 0.005499 0.062789 0.035079 -0.055933 -0.067336
0.004323 -0.017657 0.013677 0.007730 0.008103 -0.074201
-0.023542 -0.044909 -0.061123 -0.135337 -0.107984 -0.007505
0.056339 0.025721 0.001780 0.333384 -0.260513 -0.200651
-0.031425 -0.054372 0.060208 0.017688 0.002703 -0.008341
0.050261 0.008035 -0.018863 0.029598 -0.232047 0.015439
0.004814 0.001755 0.003652 -0.126483 0.017721 0.029075
-0.014299 -0.032365 0.019958 0.243613 0.131376 0.030724
0.013131 -0.015585 -0.004798 0.012624 0.016077 -0.008822
-0.014555 -0.020415 0.031259 -0.179659 0.005229 -0.091850
-0.012320 0.008170 0.041967 0.125887 0.256708 0.058455
-0.017097 0.019019 0.003377 -0.004327 0.017959 -0.031122
-0.003414 0.031460 -0.024181 0.039242 -0.024373 -0.050385
0.032938 -0.015230 -0.009959 -0.050975 0.302904 -0.135875
-0.034637 0.040482 0.036018 -0.163584 0.152115 -0.016546
-0.008529 0.010579 -0.001190 -0.142313 0.314208 0.217928
-0.028359 -0.030744 0.048098 0.086518 0.243029 -0.216863
0.008200 0.023740 0.026091 -0.089863 0.190243 -0.233113
-0.010342 -0.004631 -0.006939 -0.019713 0.040488 0.008333
0.013873 0.018616 -0.022768 0.034919 -0.091639 0.052802
-0.023608 0.018891 -0.002949 -0.259749 0.053449 -0.054476
-0.043995 -0.016934 0.006322 0.014832 -0.017638 -0.014239
-0.009929 -0.004739 0.008011 0.239331 0.268773 -0.007856
-0.012090 0.042380 -0.027402 0.283375 -0.063695 0.390301
-0.001687 -0.006823 0.004232 -0.096246 -0.086600 0.024394
-0.040230 0.000407 -0.041839 -0.006203 0.008655 -0.004310
-0.015080 -0.019722 0.033465 0.018956 -0.024431 -0.017453
-0.007850 0.016434 -0.039247 -0.058063 0.030909 0.119855
-0.029237 0.012562 0.010928 0.114950 -0.208418 -0.261510
