-0.022246 -0.049644 0.055208 -0.177348 0.174579 0.173100
-0.032120 -0.017319 -0.040758 0.067411 0.037721 0.041855
0.071150 -0.063459 0.056374 0.367292 0.289570 0.409441
-0.001663 -0.000019 0.003118 -0.082218 0.118526 -0.011507
-0.029724 -0.003680 0.019571 0.003203 0.012898 -0.010123
-0.016891 0.004782 -0.019319 -0.005736 -0.180723 0.017925
-0.005878 0.029217 0.016897 -0.032098 0.059171 0.151459
0.004066 0.001654 0.003658 0.281445 0.021506 -0.304699
0.030824 -0.012933 -0.011696 0.443002 0.005281 -0.108059
0.029250 -0.033679 -0.037289 0.173771 0.106531 0.148692
-0.043463 0.021617 0.013891 -0.135289 0.284406 0.070284
0.010302 -0.022877 0.045506 -0.213090 0.232635 -0.108324
0.008516 0.047839 0.044327 0.294733 0.141249 0.127547
0.003955 0.002060 -0.003855 0.004549 0.004498 0.012586
-0.051689 -0.062422 0.005276 0.061730 0.238380 -0.103445
-0.018549 -0.025811 -0.026553 0.147562 0.129218 -0.180588
-0.003072 0.006389 0.011310 0.207458 0.265000 0.240929
-0.042792 -0.018434 0.038807 0.036099 -0.031677 -0.014259
0.052687 -0.012283 0.064308 0.030711 -0.009938 -0.016084
-0.013068 -0.009043 0.026034 0.073325 0.238382 0.159979
0.000905 0.003715 0.007262 -0.074333 0.241813 -0.293661
0.018107 0.023226 -0.013517 0.059337 0.032350 0.031821
-0.007101 0.002247 -0.003373 -0.008055 0.048201 0.243830
-0.062384 0.083959 0.004056 0.020084 -0.231124 0.123093
-0.001619 -0.006692 0.003241 0.000708 -0.000340 -0.003453
-0.051097 0.018577 -0.040693 0.168592 -0.039335 -0.185557
-0.031667 -0.036779 -0.023254 -0.084282 -0.151935 -0.133929
-0.019327 -0.010038 -0.019562 -0.010453 0.002343 0.019038
-0.020331 0.075068 -0.016049 -0.010640 0.302823 -0.328403
0.010483 -0.009254 -0.046097 -0.031553 -0.027334 0.046702
-0.000583 -0.000462 0.000391 -0.036721 -0.099780 0.388506
-0.010304 0.007588 0.017174 -0.390840 0.064083 0.229319
0.037390 0.001538 0.003846 0.031714 0.050583 0.043648
0.067645 0.068204 -0.015779 0.355232 0.285339 -0.018728
-0.020511 0.025243 0.002160 0.008736 0.144161 -0.110856
0.054996 0.005939 0.018360 -0.130649 0.017316 -0.044001
0.000557 -0.004326 0.004063 -0.110699 0.028413 0.049873
-0.032374 -0.023126 0.024138 0.175053 -0.079833 0.025795
0.053464 0.056782 -0.030389 -0.223817 -0.124083 0.094181
0.052521 0.062535 -0.053000 -0.098955 -0.011769 -0.184424
