0.022503 -0.016682 -0.113772 -0.005061 0.064577 0.039932
-0.027572 -0.024260 0.043427 -0.060173 0.046445 -0.030561
0.040907 0.097264 -0.063913 0.022013 -0.024063 -0.024421
0.003009 -0.002156 0.001447 0.037643 -0.023513 0.021799
0.025662 0.064781 0.018520 0.175695 -0.149766 -0.019224
-0.006714 0.077754 0.065074 -0.073006 0.125816 -0.088692
-0.013335 -0.008615 0.013611 0.167179 0.005053 0.056474
-0.007337 -0.009141 -0.003096 -0.039630 -0.002924 -0.071014
0.079310 -0.113258 0.075237 -0.047527 -0.028295 -0.075242
0.001178 0.006106 -0.009854 -0.002930 0.088511 -0.102754
-0.008106 0.069221 -0.038497 -0.000292 0.003585 -0.002893
0.014200 0.016011 -0.093362 0.003812 -0.002421 0.010788
0.014478 -0.014639 0.001675 -0.000586 0.005515 -0.002225
-0.033854 0.155096 0.103085 -0.178065 0.019134 -0.160600
-0.126716 -0.017487 0.141038 -0.087847 0.122325 0.174958
0.005923 0.031606 -0.052478 -0.040446 -0.064440 0.018842
-0.031281 -0.113418 -0.083405 -0.073181 -0.029694 0.041612
-0.045612 -0.010778 0.008337 0.052942 0.019996 0.064962
-0.040774 -0.014628 -0.000106 -0.091867 -0.051504 -0.053887
0.139180 -0.039830 -0.091718 -0.139207 -0.087173 0.027741
0.017305 0.008718 0.000890 0.047214 -0.077345 0.126115
-0.025565 -0.006953 0.091728 -0.078207 0.009957 0.125071
-0.130481 0.068846 -0.071752 0.055339 0.084974 0.032475
0.022168 -0.040090 -0.059699 -0.110444 -0.058679 -0.043344
0.032650 0.021728 0.038021 -0.149058 -0.076114 -0.190127
-0.004429 0.002373 0.008756 -0.051851 -0.108358 0.105905
0.007555 0.006506 -0.002056 0.024211 0.149137 0.088635
-0.019852 0.003250 -0.025821 0.000411 -0.000117 -0.000198
-0.009728 0.004229 0.011803 -0.005156 -0.010979 -0.000779
-0.016038 0.058974 -0.131960 0.000896 0.004532 -0.001410
0.019529 -0.033588 -0.042019 0.052666 0.071656 0.032182
0.007516 0.063908 0.010539 0.011150 -0.018850 0.027500
0.053767 -0.020217 0.008106 -0.174881 0.024690 0.097021
0.005023 -0.020585 0.037661 0.083647 0.056611 -0.021072
-0.057372 0.047423 0.061921 0.116274 -0.162826 -0.037147
-0.005739 0.009430 0.004414 -0.007836 0.012646 0.018266
0.132147 0.060635 -0.089193 -0.062991 0.042076 -0.038807
0.000874 0.001152 0.000874 -0.004360 0.006134 0.003601
0.050282 0.023538 0.009687 -0.042211 0.020936 0.076769
0.078692 -0.038991 0.018004 -0.080911 -0.021164 -0.097729
