0.000001 -0.000062 0.000237 -0.069153 -0.127307 -0.092548
-0.110263 0.087820 -0.121015 0.069840 -0.003744 0.068593
-0.023591 -0.118399 0.115837 0.033451 0.049469 0.017845
-0.000340 0.068386 0.034569 -0.109813 0.195229 -0.181408
-0.000008 0.001586 -0.003876 0.063577 0.061437 0.149319
-0.016410 -0.014413 -0.027181 -0.048855 0.023068 0.007733
0.030595 -0.039503 0.007112 -0.123661 0.026812 -0.010861
0.007842 -0.041005 -0.029046 0.035038 -0.038691 0.007149
0.034661 -0.065330 -0.122911 0.068810 -0.039919 0.062846
0.064793 -0.012388 -0.067589 -0.001752 0.006337 -0.001196
-0.114113 0.093049 -0.152432 0.163950 -0.181054 0.056587
-0.000912 0.094325 -0.071526 -0.026429 0.013951 -0.046164
0.044746 0.034401 0.027515 -0.048631 0.002905 -0.080626
0.070139 -0.049901 0.040804 0.107524 -0.094294 -0.037419
-0.026494 0.038938 0.003034 -0.007414 0.023905 -0.019287
0.009103 0.091577 -0.059092 0.013778 -0.020124 0.002843
-0.110882 -0.087881 0.045895 -0.212240 -0.058756 -0.184161
0.101472 0.058394 -0.076213 -0.090348 0.092307 -0.110705
0.000259 -0.001298 0.000003 0.020888 -0.022484 0.036587
-0.000799 -0.029222 -0.060717 -0.050692 -0.057721 0.052088
-0.040410 -0.021112 0.000636 -0.107389 -0.096265 -0.129062
-0.006384 0.050639 -0.088786 0.046247 0.062146 -0.035805
0.044061 -0.160831 0.070815 0.050115 -0.062012 0.037636
-0.051872 0.022072 -0.002111 -0.071045 0.071820 -0.032652
-0.017205 0.080572 0.049227 -0.070722 0.036007 -0.113357
-0.000785 0.000615 0.000132 0.082346 -0.017111 0.054444
0.041602 0.008553 0.100493 0.023092 0.012968 -0.013251
0.035503 -0.008457 -0.062179 0.052858 -0.214197 -0.136545
0.082630 -0.140414 0.080916 -0.176895 -0.013682 -0.082776
0.014182 0.032313 0.025448 -0.168158 -0.068465 -0.148213
-0.069656 -0.038242 -0.019847 0.002745 -0.001781 0.005126
-0.054717 0.038844 -0.027976 0.087684 -0.040219 -0.018016
-0.066186 -0.051546 0.074593 -0.209925 0.095813 -0.003903
-0.000175 0.015087 0.017780 0.015508 -0.019856 0.002182
-0.002637 0.107487 0.065987 -0.110622 -0.137324 -0.033271
0.059070 0.102522 0.041334 0.018424 0.016272 -0.020642
0.033009 0.022142 -0.017014 -0.151295 0.069264 -0.135340
0.003077 -0.082775 0.127043 0.003644 0.083962 -0.077837
0.029609 -0.067845 0.089017 -0.079883 0.020988 -0.051150
0.041115 0.003451 -0.050657 0.002828 0.019153 0.000456
