0.038153 0.000487 0.042005 0.020099 0.007399 0.111762
0.024733 -0.039849 -0.073526 0.053283 0.028671 -0.009519
-0.028817 -0.000879 0.000192 -0.001058 -0.123873 0.107757
-0.010117 -0.001923 -0.069870 -0.051903 -0.246277 -0.084616
-0.132240 -0.052134 -0.124970 -0.125859 -0.166144 0.024787
0.017059 -0.010577 -0.015757 0.013230 -0.100499 -0.129647
0.019642 0.033114 0.085120 0.031699 0.020506 0.069438
0.004565 0.038354 0.026208 0.108185 -0.143175 0.111401
0.114748 0.037991 0.049752 -0.072912 -0.064037 0.033144
0.002052 0.030664 -0.003307 0.170637 0.085530 -0.006429
-0.073384 -0.087580 0.090270 -0.111107 0.244223 -0.145229
0.001756 0.021655 0.012884 0.100351 -0.066815 -0.101166
0.045193 -0.006105 0.033136 0.000580 0.015265 -0.048656
0.019035 0.030302 0.041600 -0.052112 -0.007129 -0.014048
-0.024378 0.036196 0.014829 -0.050782 0.100508 -0.078783
-0.034756 -0.119037 -0.088799 0.112465 0.062057 -0.089508
-0.004886 0.010142 0.021369 0.029812 -0.059895 -0.049266
0.004530 0.003311 -0.000184 0.113103 -0.109901 0.102300
-0.031856 0.137867 0.003420 -0.188137 0.041007 -0.214159
0.030262 -0.008111 0.134572 0.100745 0.170261 0.106254
0.067437 0.054657 0.045441 0.034555 0.100247 0.125333
-0.001374 0.004010 -0.008827 0.044145 0.034277 0.025070
-0.069448 0.034885 0.024204 0.045166 0.137458 0.175227
-0.043616 0.026879 0.029451 -0.031239 0.018844 0.056163
0.101077 -0.078687 -0.090175 -0.065757 -0.066896 -0.016770
-0.001817 -0.005799 -0.000335 0.032694 0.141640 0.111047
-0.056708 0.060019 0.079602 0.046629 -0.021913 -0.024636
-0.000102 0.000182 0.000060 -0.177266 -0.001044 -0.040973
0.016364 -0.004072 0.049873 -0.126170 0.091855 0.108640
-0.037160 0.036022 0.000140 0.023331 -0.052742 -0.019128
0.003049 -0.009322 -0.013414 -0.179766 -0.034705 0.100375
0.062683 -0.087477 -0.061872 0.092817 -0.091669 -0.024394
0.018300 -0.009152 -0.001667 -0.092598 0.139255 0.181037
-0.071118 -0.018697 -0.030665 -0.037833 -0.018972 0.001146
0.028124 0.035939 0.062443 -0.153565 -0.154935 -0.102258
-0.022359 0.067368 0.029632 0.170435 0.045905 -0.100954
-0.066016 -0.071551 -0.011297 -0.012311 0.064867 -0.062288
0.054192 -0.000800 -0.039729 0.095139 -0.012702 -0.234407
0.031934 -0.053654 0.041619 0.041613 -0.022096 0.034755
-0.001537 0.007190 -0.046905 0.011406 0.037843 -0.023642
