-0.031179 -0.012480 0.090486 0.188003 0.001196 -0.189426
-0.043119 0.030029 -0.014480 -0.150069 -0.130895 -0.100324
0.108254 -0.045949 0.123070 0.083226 0.068937 0.062533
-0.016759 -0.010352 -0.082473 0.155353 -0.125089 -0.043354
0.009851 0.033002 -0.063897 0.058484 0.050962 0.092438
0.110336 0.106610 0.165620 -0.050930 0.065476 0.000424
0.125040 -0.131701 -0.088434 -0.008004 -0.004986 0.006298
-0.002037 0.005381 -0.000858 0.016844 -0.012503 0.050814
0.005303 -0.073393 -0.002323 0.117210 0.095321 -0.035235
0.013541 -0.012710 -0.009408 -0.182669 -0.035951 0.057329
0.027209 -0.011280 0.054710 0.000761 -0.028015 0.026040
0.008175 0.003647 0.001228 -0.134087 0.055996 0.072872
-0.077150 0.016658 0.004628 -0.005757 0.064132 -0.094280
0.001614 0.002860 -0.002930 -0.080474 -0.057357 -0.009782
0.025589 -0.024057 -0.007772 -0.003320 -0.017389 0.012021
0.011041 0.056098 -0.034935 0.013934 0.048268 -0.051204
-0.052146 -0.037078 -0.109867 -0.014045 0.010805 -0.002001
0.042780 -0.035325 -0.071467 0.087712 0.017374 0.095946
-0.014816 0.050245 0.013288 0.241393 0.088115 -0.095370
0.005127 -0.096684 0.103030 -0.121367 -0.046292 0.004199
0.087283 -0.087240 -0.089739 -0.058768 -0.141953 0.138274
0.042254 -0.041217 0.000409 -0.073540 -0.034037 -0.002018
0.036962 0.050083 -0.000014 -0.023949 -0.063789 -0.070155
-0.002020 -0.019255 -0.080279 0.077133 0.037151 -0.105681
-0.074158 0.026230 0.063822 -0.128588 -0.016732 -0.140246
-0.052484 0.074925 0.013037 0.028582 0.009603 -0.011130
0.019630 -0.037207 0.049190 -0.013553 -0.099356 -0.103920
-0.006365 -0.034512 -0.022236 0.036542 0.018932 -0.031060
-0.063006 -0.067048 -0.027985 0.032471 -0.069539 0.080269
0.158347 0.001545 0.051555 -0.051287 -0.003703 0.028084
0.106904 -0.074864 -0.109261 -0.018893 -0.009302 -0.026258
-0.085627 -0.107884 -0.009520 -0.177765 -0.108233 0.043812
0.044047 -0.041750 0.042401 -0.002599 -0.079409 0.121254
-0.047321 -0.059808 0.071801 -0.022211 0.067318 0.063959
0.002609 0.008178 -0.005231 -0.061523 -0.032641 -0.011449
0.012178 -0.032501 -0.033605 -0.155821 -0.133332 -0.146892
-0.035549 0.090921 0.013371 -0.101934 -0.030200 -0.109008
-0.103872 -0.058151 0.100068 -0.040052 -0.060179 -0.032780
0.074936 -0.065396 -0.063767 0.233807 0.056133 0.207117
0.002846 -0.022262 -0.000699 -0.028433 0.012991 -0.037409
-0.040249 0.047799 0.034388 0.055768 0.157278 -0.092804
