0.123241 0.032501 -0.072177 -0.082846 -0.066595 0.175217
0.033509 -0.076815 0.034955 -0.004626 -0.207641 0.000845
-0.002221 0.002838 0.000367 -0.004212 0.082934 -0.082363
0.022855 -0.032151 -0.006543 0.000756 0.140911 0.019255
-0.085183 0.139132 0.064459 -0.000093 -0.108183 -0.100460
-0.025081 -0.017799 0.022623 -0.058151 -0.156397 0.068859
-0.030213 0.009803 -0.024403 0.004493 -0.012497 0.014358
-0.016536 0.092455 -0.020063 0.012920 0.068163 -0.037381
0.058307 -0.069299 0.082283 0.069211 0.064995 -0.078381
-0.115547 -0.116685 -0.120723 -0.081468 -0.168394 -0.005882
-0.027900 -0.002832 -0.030805 -0.123469 -0.081247 0.066867
0.012982 -0.030166 0.009255 0.082593 0.133723 0.155830
-0.002086 0.011330 -0.004041 0.060050 -0.039375 0.040452
-0.085742 0.013276 0.025022 0.040176 0.040808 -0.039359
-0.002697 -0.022283 -0.010659 0.027666 -0.009300 -0.010841
0.002853 0.002220 -0.012274 -0.045784 0.026410 0.015128
0.027008 -0.033225 0.027538 0.072206 -0.053422 0.068683
-0.079511 0.091054 -0.088305 -0.060731 0.040311 0.041975
-0.058553 0.012663 0.087509 -0.165667 -0.135213 0.029454
-0.012307 -0.017031 0.040697 0.116396 0.224982 0.118919
0.022767 -0.020727 0.004491 -0.173271 0.078858 -0.228235
0.009943 -0.000138 -0.008956 -0.106266 0.032367 0.060193
-0.128793 0.079294 -0.099363 -0.147918 -0.040188 -0.151948
-0.154253 0.010509 -0.041498 -0.111915 -0.002522 -0.007833
0.159474 -0.125482 0.112820 0.010997 0.032270 -0.060047
0.006719 0.004202 0.008117 -0.083092 -0.046863 -0.110914
0.026037 0.033012 -0.035058 0.179026 0.186215 -0.191225
0.022759 0.008238 0.003672 -0.120819 -0.075275 -0.041253
-0.074934 0.160953 -0.086582 0.014556 -0.107721 -0.018135
0.028956 0.065575 -0.125337 -0.096554 0.099938 -0.072856
0.043295 -0.000360 0.005767 0.002357 0.013292 -0.011118
-0.095231 0.033350 -0.081303 0.000889 0.115933 0.007052
-0.033314 0.017540 -0.087556 -0.102731 -0.068780 -0.126758
0.137947 -0.125533 0.032895 -0.114471 -0.141055 0.124430
0.017338 -0.032857 -0.003341 0.098761 -0.039039 0.131786
-0.050922 -0.053953 0.038846 -0.152533 0.095788 -0.209011
-0.002837 -0.006570 -0.016485 0.072597 -0.120901 0.071177
0.008127 -0.003674 0.006981 -0.014818 -0.194882 0.201014
-0.060988 0.020330 -0.023265 0.007467 -0.037698 0.012215
0.041872 0.001751 -0.022440 -0.102519 -0.118113 0.005419
