0.106252 -0.136312 -0.115103 -0.001633 -0.002761 -0.009389
-0.127693 -0.124355 0.001000 0.025262 0.008522 0.110777
0.053027 0.024961 0.040459 -0.073089 0.139777 0.007291
0.018728 -0.002967 -0.141017 0.099187 0.010004 -0.032555
0.119753 0.129661 -0.000765 0.005874 -0.006813 0.010964
0.008013 0.008211 0.043891 -0.118691 -0.096183 0.131854
-0.000260 -0.022379 -0.074068 -0.037809 -0.086042 -0.077346
0.024138 0.043035 -0.078792 0.179359 -0.020127 -0.147939
0.019547 0.014272 0.025347 -0.035008 -0.118367 -0.160418
0.071602 -0.039987 0.020451 -0.109654 0.179816 0.089306
-0.077139 0.066270 -0.092629 0.067096 0.014200 -0.044647
-0.136217 -0.115147 -0.086631 -0.076969 -0.116731 -0.135799
0.004427 0.069614 -0.013977 -0.001979 0.000388 0.001109
0.081378 -0.018517 0.096091 0.181627 -0.015773 -0.033883
0.096395 0.088206 0.057018 -0.012370 0.074312 -0.034591
-0.044123 0.064194 -0.062346 -0.011544 -0.009803 -0.036843
-0.099190 -0.085507 -0.037340 -0.067319 -0.039745 0.009604
0.018311 0.008730 -0.036283 -0.048328 0.028005 -0.042260
0.072320 0.070301 0.036941 0.048324 -0.045709 0.032349
-0.093327 0.053224 0.027183 -0.088021 -0.053581 -0.170000
-0.018246 -0.123638 0.125038 -0.087218 -0.078559 0.002734
-0.037584 -0.101695 0.097039 0.172315 0.071047 0.103832
0.066916 0.050477 0.110821 0.018422 -0.035798 -0.032257
0.014076 -0.008794 -0.007026 -0.064708 -0.206871 0.123829
0.066441 -0.002634 -0.067128 -0.021073 -0.042990 0.020268
-0.055276 -0.060368 0.007646 -0.001807 0.058062 -0.066090
0.115817 0.094748 0.041893 0.083216 -0.034063 0.038548
0.056541 -0.080357 0.158790 0.113425 -0.020105 -0.119278
0.041683 -0.068885 -0.072809 -0.081680 0.073269 -0.072802
-0.015000 -0.004763 0.012246 -0.013713 0.025675 -0.028712
0.001407 -0.011358 0.006671 0.005816 0.000585 0.001897
-0.071692 0.030787 0.070519 0.030782 0.017090 0.115012
0.005053 -0.003164 -0.003536 -0.123493 0.030390 -0.064304
0.023688 0.034026 -0.013926 0.042294 0.037054 -0.017258
-0.000049 -0.002462 -0.002566 0.105691 -0.032182 0.100004
-0.117157 -0.108929 0.113187 -0.040525 -0.081928 0.055652
-0.036256 0.055668 0.046711 0.040485 0.070505 0.027715
-0.002881 -0.009162 0.000629 -0.052083 0.029849 0.007312
-0.025013 -0.085607 0.140252 0.129463 0.046785 0.113714
