-0.073681 0.062876 0.093312 -0.004823 -0.006629 -0.008797
-0.084175 -0.089146 0.027190 0.057051 0.001933 -0.004389
0.079489 -0.052158 -0.014688 0.150350 0.118719 -0.053472
0.016692 -0.007188 0.008057 0.173947 -0.023458 0.188666
-0.003921 0.022817 0.011640 -0.094610 0.052700 -0.128673
0.058988 0.126492 -0.002347 -0.041184 -0.004153 -0.088084
-0.044067 -0.131062 0.146012 0.005243 -0.004272 0.054168
0.059342 -0.016414 -0.078969 0.005504 0.029551 0.025909
0.001309 0.001016 -0.001107 0.032005 0.028562 0.014662
0.052217 -0.009007 0.104144 0.172655 0.182227 -0.071254
-0.007389 -0.048725 -0.008207 0.038924 0.026008 0.041292
0.005862 -0.030627 0.031157 -0.078032 0.013337 0.022504
0.061195 0.064774 0.044185 0.051930 0.031676 0.108658
-0.049501 0.031085 -0.030793 -0.019190 -0.008554 -0.045962
0.008947 -0.097567 -0.048459 0.043412 -0.052791 0.014437
-0.068306 0.001683 0.007642 -0.067669 0.029879 -0.047999
0.129715 0.052055 0.082028 0.021771 -0.032656 0.026677
-0.062400 0.004181 -0.014662 -0.057135 -0.222498 -0.084982
0.005372 -0.019015 0.023773 -0.019653 0.020920 0.053694
0.000250 0.000111 0.000047 0.005394 -0.000316 0.001503
-0.004195 -0.106263 -0.084939 -0.029490 -0.021479 0.036451
-0.018163 -0.017531 -0.035288 0.101037 -0.005128 0.042000
0.025140 -0.003864 0.018381 0.181977 -0.155200 0.007699
0.063995 -0.089327 -0.075396 -0.010926 0.001576 0.000155
-0.049088 -0.014075 -0.024722 -0.030014 0.122423 -0.085254
0.020067 0.003563 -0.012320 0.081449 -0.027426 0.121580
0.050828 -0.012413 -0.011679 0.001326 -0.029631 0.018116
0.022778 0.005545 0.010717 0.056840 -0.001915 -0.033287
0.130369 0.115185 -0.095691 -0.027540 -0.008833 -0.057880
-0.036108 -0.078634 0.070958 -0.041559 0.028249 -0.041019
-0.059591 -0.069425 -0.017590 0.107909 -0.103749 0.000106
0.099907 -0.133537 -0.134745 -0.006305 -0.103747 0.171140
0.056089 0.017110 -0.019451 -0.148960 0.026075 0.049417
-0.150968 -0.031556 0.086445 0.126849 0.077528 0.080005
-0.005064 -0.002823 -0.005663 -0.038341 -0.009902 0.020820
-0.014266 0.013956 0.042782 0.030393 0.094942 0.085944
-0.016224 -0.022535 0.007083 0.017440 -0.013083 0.014062
-0.016827 0.011977 -0.012440 -0.046979 0.031818 0.124701
-0.103550 -0.022722 0.060224 0.144077 -0.138062 0.059552
-0.031776 -0.003581 -0.019729 0.098496 -0.104236 0.079385
-0.031801 -0.048083 0.032841 -0.005372 -0.005056 0.002975
