-0.034242 -0.051575 -0.019384 0.064039 0.056166 0.021918
0.017965 -0.021402 0.048373 0.015075 0.057981 -0.099752
-0.004576 -0.004503 -0.007761 -0.047965 -0.024785 -0.023751
-0.003060 0.004684 0.006407 -0.021546 0.082857 -0.051267
-0.114106 0.053060 0.085604 -0.000192 -0.129135 -0.079483
-0.021817 -0.037851 0.010692 0.027929 0.028361 -0.009232
-0.123512 0.028895 0.116783 0.069653 0.123035 0.129092
0.008160 0.100350 0.096545 -0.007527 -0.131830 -0.060640
0.065863 -0.039180 -0.048256 0.106828 -0.081416 0.098221
-0.051936 -0.033372 0.030652 -0.131036 0.080420 0.120972
0.019641 -0.025520 0.006478 -0.001140 0.006865 0.004137
-0.023674 0.080702 -0.087363 0.004721 -0.036393 0.012261
-0.006266 0.036983 0.019681 -0.107964 -0.027244 -0.185630
-0.037290 0.079959 -0.092990 0.028661 0.011724 -0.060645
-0.035921 -0.141810 0.073065 -0.024031 0.034663 -0.057008
-0.008762 0.008879 -0.002217 0.036166 -0.064813 0.004640
-0.038297 0.073000 -0.067177 -0.021451 -0.153911 -0.037295
0.007253 0.011064 -0.012034 -0.030398 -0.011692 0.007161
0.044187 -0.096010 0.058320 -0.017340 -0.012943 0.114263
-0.056938 -0.026596 -0.044620 0.193000 -0.123649 0.026370
0.002848 -0.000476 -0.004960 0.085944 0.015584 0.017908
-0.049123 -0.005692 -0.040738 -0.068756 0.033376 -0.101452
0.009217 0.058358 0.040057 -0.050382 -0.094106 0.073468
0.015316 0.073307 0.022979 0.010949 -0.025813 -0.022896
-0.021337 -0.103920 0.022287 -0.003733 0.042108 -0.129388
-0.011962 -0.001228 -0.012804 0.003446 -0.025091 -0.036714
-0.014974 -0.012752 0.003094 0.063892 -0.046767 -0.035663
0.012278 -0.004582 -0.033007 0.221234 -0.132627 -0.092172
-0.132926 0.043690 0.132533 -0.142988 -0.109545 0.015589
0.009966 -0.009941 -0.012766 0.108883 0.069020 -0.061577
-0.122515 -0.098993 -0.093098 0.021405 -0.048890 0.044149
0.112136 -0.032914 0.062577 -0.071198 0.043717 -0.078348
0.059424 0.053656 -0.140855 -0.087929 -0.225309 0.039861
0.045049 0.028582 -0.043106 0.089822 -0.119466 0.069139
-0.018753 0.011879 -0.005874 -0.015481 0.014289 -0.045953
-0.080536 0.021063 -0.107573 -0.161074 -0.043997 0.084112
0.088991 0.091976 0.057873 -0.075264 -0.051884 -0.060778
0.073338 -0.097986 -0.015947 -0.045645 -0.176555 -0.120351
0.047461 0.023421 0.078684 -0.028487 -0.040065 -0.034268
0.028907 -0.102036 -0.081531 -0.052256 -0.037439 0.113390
