-0.115329 0.064595 0.078134 -0.112809 0.126092 -0.155805
-0.006234 0.008803 -0.002369 -0.012696 0.004705 -0.036604
0.121417 0.044967 -0.002173 -0.060298 -0.069927 -0.050894
-0.109816 -0.079649 0.077139 -0.054350 0.028246 -0.123365
-0.078656 0.016919 0.051661 0.148913 -0.076243 -0.125319
-0.012306 -0.003738 0.001163 0.045780 0.091744 -0.075646
-0.027524 0.019873 0.001593 -0.010667 -0.000276 -0.001733
-0.015471 -0.018539 0.009374 0.086855 0.084368 -0.149173
-0.101149 0.136803 0.116074 0.199666 -0.063246 -0.013469
0.053890 0.034484 -0.077071 0.083942 -0.069145 0.067368
-0.048654 0.067424 -0.046466 -0.116442 -0.055261 -0.021892
-0.103348 -0.090011 0.126994 -0.123434 0.033908 0.183306
-0.012168 -0.008885 0.011190 -0.043122 -0.039851 -0.022877
-0.088722 -0.056757 -0.001059 0.054630 -0.189347 0.101836
0.080797 -0.086413 0.058988 -0.000447 0.000737 -0.016620
-0.056809 0.041573 -0.036597 -0.006905 -0.007834 -0.003505
0.000444 0.003287 -0.000969 0.022879 -0.019012 0.021799
-0.033764 -0.006329 -0.125985 -0.000037 0.004668 -0.001205
-0.059271 -0.059568 0.044935 0.000037 0.001956 -0.000923
0.009711 0.054911 -0.003115 0.026786 -0.076891 0.098594
0.012042 0.004672 0.004030 0.032613 -0.011400 -0.014101
0.027703 -0.034208 0.082145 -0.124849 0.062546 -0.087418
0.096848 -0.042057 0.059326 -0.010071 0.005345 0.000635
0.050110 0.028985 0.059842 0.217160 0.086412 0.146725
0.058972 -0.051697 0.054286 -0.017073 -0.046284 -0.114180
-0.044773 -0.000921 -0.046480 -0.156695 0.039824 -0.017030
-0.030317 0.054983 0.096052 0.221030 -0.057347 -0.190946
-0.004967 0.003343 0.005246 0.023202 -0.120417 -0.116666
0.122640 0.086167 0.072653 0.059604 0.056126 -0.019637
-0.036321 -0.024238 0.021257 0.028618 0.038980 0.004193
0.001924 -0.001622 0.007832 0.024967 0.062353 -0.026122
-0.005536 -0.038336 -0.019939 -0.003867 0.014910 0.030775
0.057697 -0.053599 -0.019651 0.108716 -0.052033 0.087268
0.022574 0.049921 0.051381 0.023039 -0.164600 -0.087345
0.021202 -0.022835 0.040227 -0.026882 -0.187093 0.050630
-0.020553 0.014808 0.001704 -0.014052 -0.013478 0.009552
-0.004903 0.005047 0.000177 -0.035393 0.113391 0.016517
0.005034 0.067841 0.130007 -0.025427 0.153184 -0.082202
-0.042217 0.059779 0.102112 0.052169 -0.004901 0.044744
0.073373 -0.003721 0.048164 0.141233 -0.103458 -0.043650
