-0.096544 0.056481 0.078055 0.063492 0.085009 -0.002131
-0.029744 0.061625 0.023970 0.088066 0.100770 -0.102082
-0.112901 0.070723 0.013239 0.005550 -0.003313 0.004028
0.072222 -0.007413 -0.034253 -0.071874 -0.044508 -0.043324
0.030158 -0.035649 0.016624 -0.086405 0.194056 -0.105913
-0.088745 -0.024830 -0.010416 0.030345 -0.011114 0.017129
-0.031635 -0.018665 -0.013457 -0.023381 -0.029515 -0.042450
-0.014839 0.022185 -0.075248 0.019698 -0.141855 -0.145817
0.037059 0.006891 0.005602 0.019188 0.008850 -0.003612
0.021977 -0.061737 -0.001522 -0.077924 0.147394 -0.006433
-0.062564 0.068631 -0.026543 -0.046101 0.035508 0.048680
-0.060001 0.005710 -0.047349 0.028514 0.127325 -0.132796
-0.010253 -0.008416 -0.001770 0.001329 0.057723 -0.057326
0.020436 -0.057948 -0.008644 -0.082326 0.007663 0.025712
-0.036620 -0.069736 0.066297 0.018112 -0.020734 0.054962
0.095547 0.016486 -0.052260 0.144187 -0.192837 -0.170694
0.015985 -0.022696 -0.003148 0.008827 -0.004191 0.001922
0.054968 -0.019050 0.093942 0.071960 0.039956 -0.105390
0.108011 0.031305 -0.010448 -0.129933 -0.143226 0.084323
-0.033718 0.057552 0.021257 -0.004074 -0.020967 -0.030357
-0.123919 -0.125197 0.001025 0.100442 0.040949 -0.205458
0.009885 0.024528 0.027966 -0.012647 -0.059189 -0.005928
0.021147 0.049272 0.049040 0.012907 0.015363 -0.043359
-0.116602 0.150913 -0.076382 0.019412 0.073018 -0.026205
-0.060879 0.012592 -0.064893 0.114891 0.155561 0.048870
0.002910 0.001370 0.011889 0.103763 0.045106 -0.072012
-0.024777 0.022071 0.032259 0.135207 -0.092313 -0.154621
0.004092 0.020632 -0.025150 -0.085036 0.007326 0.083039
0.002131 -0.002926 -0.001778 -0.028257 0.013155 0.026712
-0.005416 -0.000178 0.025952 0.100871 0.133849 0.085373
0.025649 0.172125 0.041023 -0.052510 -0.006524 -0.189569
-0.023965 -0.025379 -0.007503 -0.171304 -0.123654 0.134081
-0.095458 0.056440 0.130088 0.000082 -0.000024 0.000356
0.003752 0.003992 0.006339 -0.008577 0.071827 0.088231
0.016590 -0.007813 -0.043416 -0.057616 0.054481 0.043886
-0.101201 -0.080062 -0.006541 -0.011191 0.026461 -0.051632
-0.003962 -0.003874 0.000928 -0.028892 -0.051614 -0.063296
-0.038008 -0.054957 -0.045940 -0.008161 -0.054454 -0.011017
0.042169 0.015121 -0.104659 0.034386 -0.030196 -0.015847
-0.015087 0.007469 0.017513 0.002094 -0.024994 0.005096
