0.026279 0.012494 0.030198 -0.168093 0.103491 0.012968
-0.058712 0.008385 0.021123 -0.010837 -0.076375 -0.083926
-0.002191 0.005471 -0.004066 0.059760 0.090273 0.104872
0.051387 -0.047716 0.033913 0.090550 -0.102165 0.185045
0.036721 -0.052716 -0.112325 -0.065254 -0.124513 0.084415
0.044485 0.003306 -0.066702 -0.001911 -0.011541 -0.014621
0.016208 0.017707 0.008905 -0.088989 -0.074196 -0.081626
0.061522 0.045490 -0.065416 -0.131123 -0.210017 -0.023791
0.039459 0.096276 0.034878 0.007405 0.044079 -0.070798
0.015614 -0.011656 -0.039654 -0.052144 -0.113633 -0.051290
0.029740 -0.083816 -0.077966 -0.011759 -0.157542 0.059792
-0.027693 0.016824 -0.013472 -0.179237 -0.148821 -0.110918
0.050302 0.083080 0.001264 0.097171 0.048373 -0.057055
-0.028249 0.028138 0.013234 -0.132779 -0.206935 0.063066
-0.039248 -0.139677 0.080654 0.003309 0.000713 -0.004828
0.040991 0.007459 0.010859 0.029049 -0.046595 -0.037232
0.062465 0.006214 -0.042252 0.093473 0.091204 -0.053168
0.008836 -0.006047 0.008643 0.005298 -0.053613 -0.073515
0.015314 0.007017 0.085581 -0.002393 0.002205 0.000532
0.108920 0.078304 0.003807 -0.016173 0.031625 -0.045668
-0.035184 -0.055456 -0.040307 -0.034535 -0.134122 0.044241
0.016478 0.010366 0.012991 0.022236 -0.039244 0.067153
-0.035723 -0.101772 0.057020 -0.053148 0.009410 -0.082650
-0.039811 -0.052062 0.143367 -0.041836 0.001616 0.054227
-0.026223 0.017332 0.023930 -0.059910 0.043165 -0.033985
0.040978 -0.058015 0.000684 -0.143762 -0.056450 -0.009933
-0.004695 0.008225 0.009668 -0.071739 0.003076 -0.018591
0.080252 0.097910 -0.079523 0.030233 -0.002138 -0.008500
-0.003701 -0.001277 -0.005770 0.037003 0.125397 0.093193
0.057054 -0.057406 -0.049691 0.001140 -0.001118 0.001723
-0.030390 0.042571 0.035502 -0.024586 0.062952 0.066037
-0.087055 0.070589 0.001114 -0.134945 -0.048095 0.091205
0.081040 -0.012146 0.119610 0.213907 0.055588 0.128181
-0.010346 0.027117 -0.045514 -0.004331 -0.013295 0.003135
0.009575 -0.063267 0.092058 0.014005 0.003340 0.003439
-0.070543 -0.027731 0.170999 0.046710 -0.021661 -0.094683
0.051356 -0.035070 -0.051415 -0.220807 0.009718 0.232244
0.090329 0.103956 0.059313 0.014952 0.020725 -0.003492
-0.004011 0.088817 -0.009799 -0.003483 0.059495 -0.027636
-0.062316 0.031351 -0.021120 -0.008071 -0.030571 -0.045998
