0.051192 0.016848 -0.011909 0.003381 0.032676 -0.016140
-0.067212 0.032979 -0.003346 -0.036701 0.043345 0.055973
0.118885 0.107972 0.132382 0.016944 0.001701 -0.000445
-0.049549 0.108702 -0.046172 -0.001907 -0.008709 0.027033
0.064839 -0.002488 0.111823 0.026796 0.041779 0.016646
-0.066154 0.090395 0.037603 0.009918 -0.002078 0.002887
-0.000105 -0.000428 0.000582 -0.008895 -0.112824 -0.126181
0.101336 0.025586 0.142779 -0.018244 -0.149912 -0.142842
0.024350 -0.059685 -0.032722 0.064647 0.061614 0.106328
0.055500 0.061459 -0.009580 0.104730 0.111503 -0.082074
0.058090 0.045231 -0.046190 0.027980 0.022591 -0.027357
-0.025695 0.032285 0.028298 -0.176717 0.028851 -0.060464
0.096003 -0.000844 -0.015817 -0.008904 0.011243 0.019956
-0.082845 -0.052816 0.021388 0.000697 -0.053504 0.043845
-0.047631 0.030820 -0.009839 -0.012692 -0.023737 0.014841
0.054103 0.044945 -0.035936 -0.000363 -0.006953 0.011614
0.006008 0.123771 -0.000564 -0.201670 0.080350 0.120443
-0.019433 0.003778 -0.016813 -0.090928 0.153826 0.044497
-0.064539 0.043680 -0.011852 -0.018786 0.099005 0.065830
0.104313 0.122192 0.120455 0.000878 0.012657 0.006991
0.005624 0.080220 0.055241 -0.156633 -0.085256 -0.133888
0.048358 0.144268 -0.027244 0.025802 0.019360 -0.020424
0.050031 0.010819 0.075868 0.024389 -0.048180 0.055851
0.011165 0.155671 0.047009 0.022842 -0.003467 -0.059584
0.036898 -0.027416 -0.042010 0.062025 -0.009450 -0.062708
-0.002009 0.001163 -0.000945 -0.017891 -0.058195 0.134554
-0.023980 0.000774 -0.037137 -0.059550 0.016935 -0.002211
-0.011845 -0.035760 0.053008 -0.208088 0.012077 -0.088006
-0.026136 -0.040901 0.010119 -0.011145 -0.018571 0.004101
0.008058 0.062699 0.000938 0.159545 -0.059867 0.167015
-0.041243 0.002089 -0.065956 0.060187 -0.103937 -0.154067
0.010122 0.117481 -0.099638 -0.017968 0.026486 -0.063616
0.000196 0.002448 -0.004606 0.184172 -0.201464 0.086230
-0.032248 -0.022104 -0.070111 0.058299 -0.079760 0.078506
-0.043361 -0.000945 0.086295 0.001141 -0.086398 0.024339
0.016755 0.057971 0.006485 0.060171 -0.187453 -0.100891
-0.111689 -0.072384 0.132572 -0.012761 -0.102834 0.162447
0.023734 0.015329 0.024180 -0.007619 0.005150 0.008718
-0.044448 0.023608 -0.004513 -0.001451 -0.043405 0.045423
-0.000716 0.002414 0.006420 -0.098383 -0.177434 -0.021074
