0.069379 0.027766 -0.034587 -0.029763 -0.012300 0.024484
0.093945 0.095079 -0.058590 0.054931 0.019201 0.022002
-0.081067 0.058557 0.079734 -0.069226 -0.114283 0.114072
0.004893 0.035056 -0.010178 0.000956 -0.000925 -0.000254
-0.009540 -0.018027 0.033552 0.032817 0.050339 -0.125906
-0.033331 0.037304 -0.045406 -0.110174 0.091856 -0.099749
0.141225 0.054972 -0.118773 0.018770 0.008051 -0.090632
-0.062300 0.028689 0.125576 -0.074205 -0.080361 0.055484
-0.000103 -0.000800 -0.000798 0.040244 0.116220 0.043839
-0.047374 0.041217 0.055946 0.010500 -0.054950 -0.023736
-0.034207 0.030748 0.017673 -0.020257 0.038626 -0.058254
0.091239 -0.095850 -0.086700 0.021058 -0.126361 -0.128566
-0.050720 -0.034164 0.019568 -0.130644 -0.169036 -0.172530
0.005753 -0.004639 -0.011099 0.007810 -0.203489 -0.085686
0.010729 0.005752 0.006013 -0.029504 0.037653 0.030692
-0.019683 0.049438 0.008810 0.012714 -0.010031 0.016977
-0.002802 -0.001543 0.000270 0.014728 -0.020124 0.038672
0.005915 0.000308 -0.001408 -0.034262 -0.041166 0.041437
-0.000159 -0.002155 0.002394 0.016482 -0.006867 -0.005355
-0.032489 0.017050 0.038674 0.069919 -0.142236 0.125833
-0.051544 -0.001644 -0.012917 0.152167 0.133165 -0.024838
-0.008986 0.045166 -0.077683 0.081677 -0.094821 -0.080856
-0.007625 -0.098954 0.074736 -0.027525 0.036529 -0.149250
-0.056003 0.054343 0.028623 0.005071 -0.047705 -0.039551
0.010603 -0.010307 -0.016420 0.061974 0.104415 -0.032062
0.041930 -0.094568 -0.004228 -0.016346 0.208254 0.094826
-0.034454 -0.036688 -0.011038 -0.037054 0.061138 -0.066316
-0.077822 0.011437 -0.012950 0.099133 0.108209 -0.191385
-0.034944 -0.058974 0.040207 -0.001606 -0.137736 -0.132201
-0.007810 -0.007078 0.012364 0.132399 0.049361 0.040786
0.060948 -0.050704 0.126686 0.168721 0.036191 -0.046776
0.033558 -0.005694 -0.039660 -0.034502 0.044146 0.039113
0.027087 0.014008 -0.031518 -0.144778 0.104943 -0.142589
-0.011561 0.042036 0.021765 0.059162 -0.022227 0.026169
0.002749 -0.001991 0.000970 0.074426 0.027880 -0.048319
-0.053064 -0.032158 0.047538 0.225013 0.150965 0.122008
-0.005784 -0.020753 -0.018005 -0.085740 0.015115 0.118278
0.012565 -0.061606 0.069817 -0.004003 0.003091 0.001366
-0.001713 0.000655 -0.002817 -0.071718 0.047525 0.003254
-0.012649 0.006310 -0.018728 -0.023262 0.071691 -0.041659
