0.063568 0.067743 0.017153 -0.091496 -0.134637 -0.042054
-0.004733 0.002803 0.001019 0.000782 0.002423 0.001690
-0.027898 0.041534 0.015341 -0.063114 0.037146 -0.009389
0.094233 0.056940 0.095796 -0.025329 -0.025838 -0.022589
0.038048 -0.040169 -0.143393 0.247433 -0.116240 -0.239548
-0.069968 -0.065349 0.045868 0.066076 -0.173907 0.147747
-0.015701 0.025063 -0.006965 0.043048 0.074960 -0.040127
-0.006889 -0.004217 -0.003059 0.195569 0.099071 0.171132
-0.011054 -0.011337 0.013717 -0.018082 -0.047366 0.136775
-0.065743 -0.085158 0.162094 -0.003228 0.000556 0.003959
-0.013736 -0.015741 0.064957 0.078788 0.025045 -0.042055
0.112953 0.010999 0.125577 0.016754 -0.029469 -0.032830
0.008645 -0.035315 0.027355 0.003565 0.003945 -0.037143
-0.047084 -0.089819 -0.122245 -0.066102 -0.056017 -0.002868
0.112678 0.051443 0.003561 0.167867 -0.133232 -0.094511
-0.062851 -0.108743 0.120417 0.008771 0.001150 -0.004390
0.100523 0.016070 -0.037726 0.015863 -0.115690 0.010696
0.009628 0.003509 0.007303 -0.063238 0.009011 0.014461
-0.028598 -0.064731 0.039917 0.122711 0.064363 0.013860
0.026262 -0.031170 -0.009596 0.006258 0.008025 -0.004513
-0.029109 -0.040829 0.062518 -0.090257 0.004353 -0.044989
-0.024640 0.016339 0.083934 0.065518 0.126853 0.030275
-0.034194 0.038037 0.006754 -0.002001 0.009116 -0.015505
-0.006829 0.062919 -0.048362 0.020165 -0.011906 -0.024904
0.065876 -0.030460 -0.019918 -0.026759 0.150206 -0.070238
-0.069274 0.080965 0.072035 -0.080254 0.077674 -0.008612
-0.017057 0.021158 -0.002379 -0.071826 0.156597 0.109258
-0.056717 -0.061488 0.096196 0.044515 0.122012 -0.107373
0.016400 0.047480 0.052182 -0.042307 0.095230 -0.117480
-0.020683 -0.009262 -0.013877 -0.009917 0.020188 0.004294
0.027745 0.037232 -0.045537 0.017736 -0.045437 0.026882
-0.047216 0.037783 -0.005899 -0.129657 0.026855 -0.028150
-0.087990 -0.033867 0.012644 0.007328 -0.008686 -0.007376
-0.019859 -0.009477 0.016022 0.120195 0.133927 -0.003545
-0.024181 0.084760 -0.054803 0.137988 -0.031086 0.197961
-0.003375 -0.013646 0.008464 -0.048173 -0.043209 0.012325
-0.080460 0.000813 -0.083679 -0.003191 0.004306 -0.002069
-0.030161 -0.039444 0.066929 0.009188 -0.012309 -0.008912
-0.015701 0.032869 -0.078493 -0.029827 0.014649 0.059750
-0.058475 0.025123 0.021856 0.057727 -0.102611 -0.131917
