-0.061680 -0.106120 0.049691 0.035665 -0.004141 -0.012262
-0.089224 -0.002348 -0.085524 0.074707 -0.028487 0.236637
-0.028279 -0.031955 -0.006075 0.226689 0.105374 0.184575
-0.016214 0.033247 -0.080225 0.001399 0.056648 0.045974
-0.055782 0.036862 -0.043605 0.129995 0.055165 -0.098679
-0.007791 0.015424 0.015941 0.040672 0.029421 0.076774
-0.025885 -0.008832 -0.037293 -0.055651 -0.067049 0.049917
-0.028360 0.022182 -0.005223 -0.009308 0.035051 -0.013623
-0.026618 -0.021391 0.043946 0.037251 -0.043391 -0.054472
0.046755 0.053304 -0.059241 -0.076227 -0.022814 -0.136001
-0.057872 -0.125834 0.011680 -0.043988 0.023503 -0.022540
0.019568 -0.054848 -0.008289 -0.002336 -0.002441 0.001063
-0.107532 0.168071 0.111537 -0.004712 -0.004282 0.001596
-0.011367 0.014414 0.030254 -0.063294 -0.060743 -0.011761
-0.079245 0.081001 -0.075554 -0.035863 -0.101667 0.019219
-0.016663 0.126876 -0.006795 -0.057703 0.143172 -0.121720
0.018127 -0.017827 0.023864 0.087240 -0.052205 0.107089
-0.006552 -0.008930 0.001318 -0.091549 -0.093841 -0.023730
-0.015190 -0.046239 -0.078216 0.057884 0.041407 -0.002193
0.057488 -0.023146 -0.019941 0.090607 0.088332 -0.018190
-0.062176 0.068016 -0.074141 -0.020992 -0.016964 -0.035784
0.133133 -0.047899 -0.110363 -0.130682 0.103523 -0.089363
-0.023854 -0.064793 -0.015748 -0.060193 0.153450 -0.139657
0.087789 0.023761 0.106111 -0.030678 -0.030180 -0.038683
0.011389 0.091834 -0.034296 -0.034123 -0.021456 0.088903
-0.051266 0.031424 -0.013790 0.010357 0.121787 0.022000
0.029897 0.035523 0.014231 0.005786 0.203178 -0.070624
-0.008731 0.023343 0.002461 -0.140458 -0.137845 -0.124802
0.065112 -0.072904 0.006608 -0.004597 0.058177 0.058322
0.002521 -0.065482 -0.066770 -0.055700 0.181884 -0.168459
0.000398 0.001248 0.000957 0.087253 0.146277 -0.084982
0.006370 0.005527 -0.002852 -0.006111 -0.168897 -0.164009
0.057726 -0.093796 -0.034149 0.028052 -0.002209 -0.003313
-0.065428 -0.070566 -0.114605 0.000092 0.037310 -0.007078
0.027466 -0.024294 -0.037197 -0.064095 -0.178494 0.169121
-0.007023 0.016770 -0.003887 -0.081921 0.134963 0.164018
0.025531 0.074645 0.013249 -0.100594 -0.088308 0.157030
-0.052728 0.077224 0.021692 0.042273 -0.059127 -0.012083
0.044058 0.025726 -0.016381 -0.034676 -0.211284 -0.173092
0.027543 0.017096 -0.006823 0.010890 -0.019680 0.002275
