-0.009636 0.006041 0.016263 0.012697 -0.067651 0.063179
-0.093066 0.061484 -0.064961 -0.012177 0.019489 0.025960
0.085305 0.013806 -0.102796 0.140289 -0.020711 0.007950
-0.094874 0.026461 0.061427 0.087529 -0.135588 -0.017908
0.016236 0.015137 -0.008634 0.020900 -0.001302 -0.034746
-0.001047 0.000362 -0.001663 0.012621 -0.017448 0.052047
0.049503 -0.037779 -0.088932 -0.086686 0.006073 -0.015348
0.007849 0.027767 -0.055125 -0.004964 0.103558 0.000487
-0.050915 -0.014448 -0.033367 -0.005047 -0.172945 -0.093620
0.077420 0.014555 -0.029831 -0.172296 0.010378 -0.048331
-0.028240 -0.026802 0.012398 0.048582 0.130023 0.036026
-0.007871 0.004621 0.005957 -0.053717 -0.045629 -0.034486
0.043183 0.000431 0.027675 -0.026170 0.007202 -0.045241
-0.113587 0.085335 -0.103501 -0.169455 -0.040517 -0.169244
-0.009344 -0.032522 0.016636 0.089735 0.044513 0.106613
-0.044498 -0.165647 -0.093169 0.027300 -0.014386 -0.011502
0.000746 0.000916 0.000953 0.014856 -0.028833 0.007691
-0.031523 -0.013597 0.005345 -0.036641 0.017450 -0.012491
-0.007028 -0.056998 0.109289 0.085086 0.088680 0.007435
-0.001464 0.001537 0.001514 0.005751 -0.016948 0.001500
-0.033309 -0.025705 -0.026090 0.001858 0.002756 -0.000908
0.096630 -0.115976 0.001592 0.007972 0.008104 0.011769
-0.008587 -0.006531 -0.016610 0.022354 0.022207 -0.047567
-0.099390 -0.099026 -0.012277 -0.015376 -0.065449 0.098297
0.002322 0.010558 0.013366 -0.014939 0.017265 0.010329
-0.019472 0.025166 0.027081 0.064375 0.042475 -0.015081
-0.080917 0.087524 -0.011094 -0.035644 0.101150 0.027635
-0.005218 -0.091079 0.050816 0.058438 0.022330 0.068232
0.067274 0.042250 0.073173 0.012700 -0.016578 0.009039
-0.092712 0.104750 0.070515 -0.057825 0.055728 -0.061438
-0.030178 0.053975 -0.036530 0.139870 0.092557 -0.239881
-0.013319 -0.002550 0.025902 -0.045628 -0.026738 -0.047107
0.089636 -0.056286 -0.134981 0.052200 -0.074204 0.139290
0.001027 -0.036574 -0.005574 -0.000685 0.001928 -0.001770
0.070854 0.093111 0.007366 -0.108359 0.152712 -0.194814
0.007135 0.003193 -0.007925 -0.005489 -0.074921 -0.058433
0.078991 -0.093210 -0.010028 -0.009115 0.032113 -0.012678
-0.068696 0.010700 0.131226 0.025591 0.112665 0.026640
0.045512 -0.009449 -0.134055 0.044207 -0.015211 -0.015456
-0.114202 -0.033235 -0.076973 -0.022301 -0.014836 -0.010677
