0.051054 0.011877 -0.017173 -0.064539 -0.071222 -0.069737
-0.124600 -0.076061 -0.044105 -0.071706 -0.083188 -0.082307
0.015010 -0.032542 0.020621 -0.065243 -0.163563 0.147143
0.058400 0.019868 -0.063746 0.061283 -0.164234 -0.156841
0.021820 -0.067495 0.052906 -0.089989 0.079609 0.180601
-0.004999 0.065439 -0.010882 -0.014298 0.060249 -0.054917
0.003530 0.007797 -0.014500 -0.014387 -0.011235 -0.069163
0.010553 0.056391 0.044187 -0.001407 0.061915 0.140578
0.005965 -0.016853 0.039627 -0.175075 -0.064166 0.010142
-0.104466 -0.035780 0.103040 0.019719 0.039005 -0.142027
0.006064 -0.000610 -0.037087 0.171267 -0.192334 -0.074469
-0.096162 0.020519 -0.111528 0.096137 -0.036869 -0.090845
-0.025630 -0.043662 0.027314 -0.230160 0.165398 0.001861
0.001805 -0.011407 0.003899 0.111980 0.036914 -0.174500
-0.009976 -0.053606 0.081513 -0.007877 0.017050 -0.011141
-0.001680 -0.002328 0.000278 -0.003322 0.003954 -0.003115
-0.050662 -0.037906 -0.081631 0.011358 -0.029280 0.017577
-0.000238 0.000761 -0.000869 0.022577 -0.175052 -0.167310
-0.042178 -0.013650 -0.049364 0.090277 -0.078450 0.128048
0.012539 -0.013311 0.050673 0.005619 -0.045844 -0.022928
-0.008823 0.000297 0.003915 -0.014815 0.015991 0.025910
0.008124 -0.017043 0.058691 -0.002908 -0.042447 0.047818
-0.070013 0.084009 0.024556 0.151592 0.123866 0.007370
0.018142 0.026859 0.003792 0.060601 0.011337 -0.091009
0.010567 -0.020206 -0.090399 -0.146168 -0.024550 0.066130
0.056173 0.099733 0.055756 0.024254 0.010045 0.020462
-0.015224 -0.087337 -0.001613 0.159365 -0.048162 0.151949
0.000419 -0.001260 0.001368 -0.005045 -0.083158 -0.091143
-0.002291 0.023759 0.076742 -0.043134 -0.052460 0.015517
0.020130 -0.025126 0.017100 0.053257 0.007789 0.007017
0.065938 0.055949 -0.052687 -0.070051 -0.081544 -0.061130
0.001752 -0.012392 -0.001938 0.011916 0.005978 -0.012818
-0.018667 0.015378 0.026321 0.044529 -0.040513 -0.015653
-0.081712 -0.039418 -0.035687 0.073312 -0.044056 0.089944
-0.096342 0.125197 -0.106279 -0.076334 0.108237 0.047321
-0.033435 -0.053128 -0.000212 0.022950 -0.013046 -0.016705
-0.061188 -0.055684 0.082201 -0.001070 -0.001353 0.000985
0.035134 0.033356 0.055760 0.150855 0.038745 -0.058206
0.003280 0.003081 -0.014259 0.017801 -0.003001 -0.069522
0.022576 -0.062784 -0.000350 -0.041876 0.017779 -0.013994
