0.043532 -0.023408 0.011944 0.174433 0.019894 -0.062848
0.046408 0.148660 -0.095810 -0.032704 -0.072540 0.004800
-0.127576 -0.125660 0.018402 0.190734 0.122266 0.158576
-0.052342 -0.012749 -0.032194 0.064394 0.041181 -0.002097
0.003084 -0.012065 0.010500 -0.019676 0.019620 -0.018618
-0.154578 -0.086206 0.032469 -0.126673 0.081477 0.134298
-0.093065 0.023322 -0.035398 -0.047140 0.060338 -0.082518
-0.085726 0.121672 -0.054807 0.015686 0.032167 0.016010
0.001972 -0.003221 0.003902 -0.075615 -0.090493 0.107607
0.095847 0.101033 -0.063665 0.022794 -0.046558 0.122919
-0.012007 -0.008446 0.003403 -0.033330 -0.029828 0.041216
0.030780 0.040269 0.033294 0.078085 -0.043432 0.002715
0.010483 -0.008172 -0.008448 -0.039806 -0.040514 -0.011748
-0.002455 0.006084 -0.006019 -0.000072 0.103873 -0.144325
0.068728 0.015253 0.056703 0.109957 0.138621 -0.024816
0.171697 0.168678 0.166370 0.001644 0.040486 -0.221229
-0.023056 -0.040091 0.039886 0.101726 -0.026370 0.003249
0.067524 0.001971 -0.018744 0.043562 0.037488 -0.044070
-0.027271 -0.060183 0.080961 -0.078504 -0.090771 -0.081179
-0.094738 0.081054 -0.003498 -0.020319 -0.076754 -0.014543
-0.023363 -0.013747 -0.023658 -0.045333 0.047224 0.059353
-0.124045 0.014365 -0.032422 0.070934 -0.049195 -0.060856
-0.067125 -0.025467 -0.020617 0.032225 -0.022451 0.066977
0.071783 -0.131800 -0.003820 -0.156883 0.146588 -0.108207
-0.002128 -0.127441 0.143703 -0.145724 -0.008219 -0.068255
-0.079826 0.133594 0.129066 -0.141880 0.127976 0.165723
0.001487 0.040879 -0.041313 0.001871 0.000448 -0.000445
-0.010972 -0.082336 -0.060763 -0.132378 0.208387 -0.114580
0.017510 0.041298 -0.032889 -0.088717 0.083162 -0.010603
-0.030567 -0.042417 -0.006573 0.001966 -0.000974 0.002166
-0.129793 -0.123681 -0.033995 -0.137511 0.111155 0.177538
0.017597 0.003155 -0.007624 -0.000896 0.035910 0.001604
0.090218 0.099604 0.092233 -0.058746 0.030446 -0.057814
0.000343 -0.003992 0.023932 0.003282 -0.149827 -0.079250
0.047168 0.066531 0.063195 -0.040385 -0.058577 -0.143361
-0.021821 0.065113 0.015041 -0.100085 -0.192062 -0.181206
0.047747 0.047711 0.040222 -0.037922 -0.021209 -0.008852
0.063044 0.074362 -0.044514 0.182133 -0.136294 -0.135842
-0.016763 -0.010035 -0.022040 -0.156870 0.176379 -0.022051
