-0.024444 0.001949 0.037990 0.019521 -0.019503 0.009475
-0.010358 -0.013008 -0.006113 -0.043211 -0.057649 -0.030011
0.067278 0.004525 0.121955 -0.158685 0.056087 0.035408
-0.059984 0.024221 0.050471 0.094545 0.072446 0.031626
0.042198 -0.058294 -0.044713 0.037763 0.031672 -0.103491
0.001072 0.000344 0.043191 -0.118589 -0.199469 -0.143294
0.135325 -0.010931 -0.048752 0.024908 0.136940 0.086367
0.027259 -0.032414 -0.022809 -0.057411 0.034157 0.099599
0.007887 -0.010786 0.038742 0.047942 -0.203832 0.030960
-0.018311 0.009810 0.026232 0.045413 0.016827 0.102841
-0.002576 -0.009688 0.018761 0.085776 -0.058449 0.077805
0.067597 -0.018518 -0.077662 -0.195498 -0.132336 0.097454
-0.052703 0.111194 0.094071 0.006118 0.139298 0.101971
-0.038748 0.064956 -0.014000 -0.007334 0.036141 -0.026333
-0.003883 -0.031174 0.001938 0.040766 0.065081 0.159778
-0.014748 0.017823 -0.067118 0.070104 0.038015 -0.031458
-0.000104 -0.001359 -0.001615 0.014831 0.012719 -0.000373
-0.018316 -0.002969 0.003452 0.169083 0.037409 -0.020385
0.006615 0.014912 -0.027207 0.010158 0.000199 -0.009130
-0.089837 -0.029348 -0.101812 0.009673 0.002258 -0.049445
-0.021006 0.035356 0.023501 -0.075855 0.035860 -0.041904
-0.073712 0.077064 0.069905 0.003248 0.106197 0.095796
-0.035340 -0.067198 0.011520 0.064345 0.057270 0.073891
0.033160 -0.039296 -0.067519 -0.156123 0.195146 -0.161134
0.005203 -0.041972 -0.036139 -0.135473 -0.091481 0.216744
0.008872 0.003136 0.011190 0.007724 0.003855 0.007986
0.115593 -0.001331 0.046517 -0.008816 -0.008235 0.003309
0.035363 -0.031009 0.032998 -0.000739 0.001257 -0.001908
0.017217 -0.009593 0.019633 0.215438 -0.200912 0.117410
-0.040353 -0.042003 0.063108 0.057990 -0.062674 0.094631
0.013549 -0.002104 -0.023071 0.033195 -0.028633 -0.028398
0.010956 0.004716 -0.011466 0.032604 -0.010274 0.002930
-0.001456 0.028294 0.016537 0.066325 0.065457 -0.069801
-0.036644 -0.000853 -0.028168 0.120350 0.049501 0.052607
0.076772 0.054587 -0.017224 -0.091448 0.086882 -0.030303
-0.005990 -0.037226 -0.011311 0.162558 0.116251 0.160758
0.001867 -0.003652 0.000486 -0.031694 0.153651 0.181578
0.054770 0.024777 0.028594 0.009540 -0.003506 -0.027032
-0.045588 -0.014206 -0.143827 -0.066456 0.065309 -0.070593
-0.032479 0.016863 0.022910 -0.021925 0.023848 -0.022943
