-0.047473 -0.023951 0.056691 0.115061 -0.151060 0.151812
-0.157178 -0.153799 -0.105682 -0.039515 -0.051037 0.000473
0.000340 -0.018393 0.003702 -0.169500 0.162430 0.164079
0.138690 -0.033240 -0.028874 -0.071148 0.107055 -0.064249
-0.116736 -0.028039 0.010971 0.017204 -0.050069 -0.008038
0.012254 -0.019712 -0.036580 -0.039593 0.028538 0.041776
-0.008389 0.011041 -0.008711 -0.046511 0.002988 0.038156
0.010408 -0.023532 -0.053832 0.070143 0.041941 0.001002
-0.005568 0.097434 0.097600 0.129589 0.086871 -0.108487
-0.009973 -0.009604 -0.026746 -0.006322 -0.132302 0.009421
-0.059914 -0.022004 0.095583 0.001498 -0.021376 0.006979
0.016122 -0.096857 -0.029090 0.103314 -0.132711 -0.143461
-0.149598 0.160029 0.016032 -0.040921 0.020673 -0.099653
-0.033479 0.052892 -0.123655 -0.007456 0.025502 -0.027135
-0.033258 0.009450 0.072692 -0.002618 -0.001995 0.005653
0.000725 -0.000030 -0.000888 -0.048531 0.098940 -0.065387
0.029241 -0.089266 0.142767 0.013074 -0.006576 0.028262
-0.043672 -0.044141 -0.024089 -0.022631 -0.019496 0.043933
0.058465 0.027661 -0.043499 -0.124889 0.043394 0.074118
0.014097 0.025578 -0.020894 -0.011158 0.115684 -0.124396
0.027841 -0.075280 -0.043233 -0.008132 -0.035820 0.027805
0.052345 0.076121 0.026028 0.141648 -0.144773 -0.055248
-0.076316 0.049092 -0.077587 -0.136346 -0.112872 0.049313
-0.079375 -0.065365 -0.009389 -0.000154 -0.058196 -0.049437
0.002415 0.000847 0.010929 -0.052609 0.006309 -0.066260
-0.008184 0.106107 -0.085722 -0.116047 -0.123257 0.112016
-0.017330 0.004615 0.020063 0.112804 -0.075065 0.036138
0.033298 0.110011 -0.059800 -0.025788 -0.067022 0.078218
0.117218 0.039990 0.033071 -0.144406 0.010810 0.154000
-0.001169 -0.032819 0.024392 -0.098839 0.097351 0.078756
0.031750 0.100907 0.107725 0.075581 -0.026770 -0.060652
-0.076010 0.082904 -0.020608 -0.026565 -0.036770 -0.054347
-0.029059 0.037858 -0.006860 -0.013722 0.023165 -0.105530
0.026701 0.024323 -0.087165 0.220603 -0.145795 0.021842
0.090701 0.054235 0.115208 -0.001071 0.003547 -0.001896
-0.041990 -0.110856 0.029592 0.012454 0.013052 0.019254
-0.007303 0.000014 -0.022106 -0.011776 -0.009517 0.000154
0.018617 -0.010918 -0.001875 -0.226839 -0.091362 -0.190079
0.000267 -0.004578 0.006262 0.048813 0.011323 -0.103735
-0.117079 -0.019328 -0.093052 0.228027 0.116947 -0.133382
