0.019656 0.056032 0.018252 0.003199 0.000285 0.000384
0.004366 -0.006334 0.005431 -0.006702 0.015709 -0.013009
0.011792 0.005450 -0.034632 -0.071504 -0.147033 0.163881
0.022843 0.021818 -0.030451 -0.033953 0.000836 -0.006245
0.082811 0.089314 -0.009074 0.181010 -0.200466 -0.103393
-0.039526 -0.007494 -0.104858 -0.197765 -0.051487 -0.177118
-0.125525 -0.019522 -0.048465 -0.000376 0.004870 0.001580
0.142848 0.094634 -0.044785 0.024555 -0.046575 -0.126369
-0.040576 0.012710 -0.003477 -0.003303 0.017111 0.004309
-0.081277 0.136177 0.095936 0.004084 -0.011493 0.023036
-0.014263 0.031687 -0.032504 0.138449 0.046844 0.153176
-0.010197 0.005734 0.007475 0.018125 0.004167 0.065247
-0.010373 -0.009472 -0.048202 -0.181680 0.114602 -0.095173
0.042500 -0.003687 -0.095560 -0.079315 -0.017698 -0.137204
-0.078196 0.057470 -0.085199 -0.093991 0.109939 -0.021066
0.002474 0.010381 -0.003342 0.074389 0.041478 0.202091
0.062576 0.048987 -0.024956 -0.003785 -0.003801 0.007492
-0.051702 -0.050166 -0.081982 -0.117385 -0.187553 -0.034454
0.021815 0.034758 -0.039067 0.079433 0.062921 -0.093054
0.020334 -0.002637 0.011616 -0.067633 0.027894 -0.057478
0.014472 0.013933 0.011901 0.028968 -0.012127 -0.020811
-0.033848 0.001748 -0.024656 -0.032524 0.141244 -0.101008
0.015069 0.030731 0.008682 -0.075519 0.040221 0.039735
-0.023292 0.012234 -0.053579 -0.028634 0.083093 -0.032610
-0.055889 -0.011023 -0.005886 -0.041618 -0.074105 -0.051440
-0.036109 0.077798 0.054295 -0.065654 0.034495 -0.024266
0.018198 0.018822 -0.004295 0.057587 -0.038379 0.047654
0.000529 -0.001941 -0.001810 0.005007 -0.001404 -0.003455
0.004218 0.022516 0.001522 0.075853 -0.147289 0.103696
0.076830 0.068261 -0.084355 0.084543 -0.005248 -0.063211
-0.062878 0.047468 -0.006545 0.010649 0.063102 0.013992
0.036371 -0.059505 0.057929 0.044698 0.090949 0.113956
-0.000671 0.000080 -0.000930 0.014482 -0.036127 0.001840
-0.028794 0.063855 0.051703 -0.042877 0.056338 -0.056208
-0.107899 0.085679 -0.021982 0.009907 0.005256 -0.010189
-0.045536 0.053738 0.020140 -0.032241 -0.010862 -0.026540
0.013475 0.040616 0.056610 -0.013436 -0.113188 0.150962
-0.144098 0.091243 0.116686 0.061882 -0.011918 -0.055583
0.019770 -0.045651 0.022624 -0.152007 -0.111205 -0.102622
0.006957 0.017209 -0.063195 0.216823 0.006132 -0.129134
