-0.028635 0.023072 0.032981 0.009206 0.010634 0.002038
-0.066991 -0.054731 0.031069 0.145604 -0.026885 0.124007
-0.025545 0.005186 0.041784 -0.017533 0.000571 0.001992
-0.040323 -0.016704 -0.044966 -0.004708 -0.034189 -0.028747
-0.035566 0.068402 -0.048648 -0.004913 -0.004242 0.061973
-0.003865 -0.001592 -0.006779 -0.122977 -0.039600 0.163882
-0.008903 0.017900 -0.021099 -0.043299 -0.029330 -0.018529
0.016077 0.060738 0.031952 0.038330 -0.131237 -0.005969
-0.074774 -0.012357 -0.082095 0.155925 0.125418 0.218232
0.008414 -0.013540 0.000304 -0.069868 0.054708 0.021354
0.044345 -0.073012 0.087829 0.024769 0.030688 -0.024547
0.003793 -0.007225 0.005054 0.129704 0.035343 0.096000
-0.063195 0.025894 0.107168 0.104190 0.026826 0.001296
0.007521 -0.013234 -0.011397 0.014022 0.026353 0.021587
0.012065 0.003789 -0.000752 0.008885 0.022488 -0.027007
-0.051280 -0.029091 -0.005672 0.029969 -0.003984 -0.003536
0.006972 -0.063930 0.052427 0.033324 -0.007510 -0.029200
0.082581 0.075853 0.114997 -0.001521 -0.000842 -0.001380
0.026430 -0.016772 0.027393 -0.022227 -0.086642 -0.015239
-0.066349 0.065099 0.069103 -0.043576 -0.049962 0.034305
0.024641 -0.001832 0.019398 -0.106028 -0.011911 0.055734
0.021262 0.024304 0.074577 0.011703 0.016580 -0.021344
-0.057474 -0.056455 0.100297 0.013149 -0.007224 0.022898
0.040579 0.025762 -0.066702 0.051683 0.096932 0.056137
0.119142 -0.104590 0.082464 0.119310 -0.182072 -0.119290
-0.022315 -0.024098 0.041896 -0.080670 0.035875 0.007896
0.109974 0.080661 -0.045163 0.037882 0.009434 -0.000021
-0.107441 -0.044638 0.092579 -0.100318 0.020874 0.099842
0.002398 -0.014119 -0.022074 -0.054705 0.067696 -0.061244
-0.053269 0.048010 -0.017752 -0.001549 -0.007104 -0.003486
0.001899 0.058546 0.052001 -0.038817 0.078462 -0.098161
0.007339 -0.013498 0.028409 0.052067 0.003696 -0.045955
0.049715 -0.010916 0.056425 0.141192 -0.135114 -0.057796
0.007774 0.004465 -0.011410 -0.218330 -0.244275 -0.225603
-0.034361 0.061193 -0.012919 0.028887 -0.045289 -0.100140
-0.022681 0.094034 -0.081726 0.020622 -0.067704 0.027960
-0.048459 -0.139673 -0.017046 -0.094341 0.104710 0.070932
0.039192 0.122718 -0.088831 -0.074302 0.083046 -0.039114
-0.006457 -0.000334 -0.003970 -0.005096 0.009112 -0.001464
-0.033996 -0.041334 -0.061235 0.086439 0.033070 -0.001518
