0.047750 0.062128 -0.039338 0.010705 0.008247 0.007296
0.024767 -0.031404 -0.076663 0.138751 -0.129805 0.011005
-0.043841 -0.008660 -0.036031 -0.083968 -0.011309 0.078622
-0.018317 0.080506 0.067787 0.097551 0.098969 -0.094531
-0.090210 0.035518 -0.000632 -0.037864 -0.012872 0.030482
0.046924 0.087466 -0.114011 0.072916 0.107267 0.046241
-0.050330 0.041623 0.016115 -0.012485 -0.188817 -0.015775
-0.041126 -0.073314 0.021511 0.026112 0.016019 -0.014563
-0.007747 0.008386 -0.012665 -0.014519 0.016076 0.001455
0.128939 0.016646 -0.035397 0.007517 -0.028506 0.047416
-0.099875 0.117837 -0.090725 -0.057165 0.111009 0.040414
-0.109897 0.049422 -0.065049 -0.011401 -0.003276 -0.018593
0.029467 0.008079 -0.023646 0.105028 -0.036348 0.118034
-0.084961 -0.063476 0.092493 -0.067721 0.048659 0.033590
0.001482 -0.031628 0.045997 0.113942 -0.054371 -0.102537
0.019553 0.041724 0.038316 0.047067 -0.112816 0.118403
0.046844 0.038106 0.033148 0.022675 0.149037 0.143454
0.029996 0.036370 -0.022049 -0.013228 -0.025379 -0.017244
-0.030720 -0.054632 -0.069186 -0.005389 0.002890 0.002287
0.147633 0.103936 0.132846 -0.094336 0.042567 0.122499
0.025609 0.045253 0.039137 0.157808 0.100901 0.025586
-0.015809 -0.158379 0.066048 0.032049 0.035805 -0.031454
-0.041539 -0.085510 0.099824 -0.043916 -0.006366 0.086849
0.008232 0.005618 -0.003039 -0.009693 0.001964 0.007847
-0.069069 0.131504 0.092666 0.056992 -0.140526 -0.103623
-0.003153 -0.013856 -0.008066 -0.169861 -0.153956 -0.151654
-0.020317 -0.030987 -0.043814 -0.000715 -0.003382 -0.008120
-0.012365 0.043204 -0.009101 0.086165 0.023615 -0.060973
0.035429 0.001410 -0.073941 -0.099907 -0.012434 0.118365
0.001058 0.001133 -0.000284 -0.057920 -0.067103 0.114752
0.001897 0.002160 -0.003392 -0.023185 -0.058254 0.108644
0.003025 -0.009070 0.007865 -0.028047 0.009287 -0.030120
-0.035313 0.001730 -0.014787 0.009300 -0.037132 -0.156416
-0.075099 0.008300 -0.022856 -0.008525 0.009550 0.012826
-0.010061 0.008186 0.116939 0.028251 0.049453 0.069218
-0.005352 0.003279 -0.004378 -0.010170 -0.003374 0.047465
0.044174 0.034780 0.079748 0.013331 -0.008941 0.005552
-0.066425 0.015447 -0.034936 0.021421 -0.025861 0.042053
-0.092027 -0.090565 0.107697 -0.082739 0.095517 0.141915
0.003451 0.062669 -0.096270 -0.000606 -0.012957 -0.013448
