-0.034643 0.011791 -0.064574 0.026629 0.000262 0.050536
-0.022930 -0.026492 -0.014191 -0.004026 0.008482 -0.011269
0.054041 0.082406 0.114416 0.005683 -0.014836 -0.005718
-0.024842 0.008841 0.026486 -0.122037 -0.056892 -0.122580
-0.017004 0.040749 -0.051125 -0.012701 0.080090 0.102305
0.020506 0.011058 -0.001973 0.186776 -0.040065 -0.039013
-0.060025 0.093083 -0.115108 -0.003023 0.015167 -0.000869
0.001779 0.001944 -0.022268 -0.025033 0.019089 -0.042002
0.008427 0.018275 0.028317 0.007282 0.003907 0.009659
0.078908 0.050032 0.068990 -0.104129 -0.107390 -0.157147
-0.001346 -0.053281 -0.010393 0.032858 -0.026162 0.012762
-0.006281 -0.036249 0.063024 0.061930 0.049924 0.043329
0.019094 0.033825 0.028332 0.003118 -0.058966 -0.083985
-0.021160 -0.053550 0.029913 -0.016343 0.001773 0.013527
0.002564 -0.025149 -0.071529 -0.123714 -0.137892 0.141803
-0.037030 0.015246 -0.033368 0.003282 -0.027498 0.044654
0.055210 -0.000258 0.014844 0.039723 -0.103692 0.013432
0.075910 0.021514 0.038854 -0.048557 -0.023821 0.043193
0.013818 0.029803 0.013383 0.023931 -0.047156 0.024312
-0.004248 -0.073526 -0.092663 -0.088070 -0.163494 -0.190294
-0.049053 0.046935 0.018034 0.073760 0.050933 -0.064439
-0.003253 -0.140511 -0.040300 -0.036146 0.007710 -0.026344
0.007988 -0.082873 -0.079165 0.065846 -0.116850 0.032850
0.003872 -0.020076 -0.041711 0.080198 -0.039766 0.037940
-0.043884 0.053580 -0.079198 -0.072778 -0.115387 0.042088
0.041543 0.055779 0.037573 -0.030346 0.031318 -0.011671
-0.059514 0.076484 0.046631 -0.102649 -0.006316 0.064510
0.030118 0.024677 0.003452 -0.001714 -0.015205 -0.021682
-0.020259 0.009389 -0.004702 0.109904 -0.142577 -0.010536
0.000586 0.003211 -0.005010 -0.040802 0.017653 0.006962
-0.014455 0.000028 -0.000344 0.021528 -0.106881 -0.069688
0.031692 0.001973 -0.013183 -0.140384 0.137279 0.058761
-0.000925 0.043115 -0.052700 -0.007863 0.014269 -0.033233
0.005926 -0.011378 0.010928 0.101593 -0.043503 0.038151
0.001595 -0.139921 0.059208 -0.136881 0.187551 0.022555
-0.028318 0.002961 -0.001655 -0.013361 -0.021952 -0.007518
0.036678 0.116014 0.089217 -0.022866 -0.064327 0.059214
0.155345 -0.064813 -0.048462 0.133099 0.016229 0.023578
-0.000884 0.003888 -0.003428 0.066703 -0.226468 0.216299
0.029555 0.033627 0.030588 0.008904 0.016171 -0.010524
