-0.000821 -0.000342 -0.001020 0.030225 0.022400 -0.007722
0.027477 -0.048128 0.025932 -0.033676 0.021940 0.026850
0.001912 0.002559 -0.005674 0.004533 0.062031 0.086166
-0.007798 0.015440 0.027223 0.003996 -0.010207 -0.007499
0.034850 0.010917 0.028122 0.008052 -0.034581 0.017993
-0.021833 -0.017903 0.000846 -0.049240 0.016497 -0.067491
-0.021113 -0.005086 0.036701 -0.150649 0.123247 0.131107
-0.110630 0.018221 0.090803 0.012794 0.004834 0.000770
0.031069 -0.029188 -0.060395 -0.080431 -0.116025 -0.015911
0.146931 0.006633 -0.060409 -0.034730 0.051570 -0.067915
0.003277 -0.000656 0.009967 0.007736 -0.012636 0.008033
-0.007797 0.006668 0.024958 0.014466 -0.037275 0.003507
0.068595 -0.016276 0.079558 -0.085343 -0.030043 0.032112
0.063619 -0.006544 0.078198 0.015210 -0.009747 -0.115260
0.021495 -0.039829 0.005042 -0.104335 0.104304 -0.056234
-0.087615 -0.043211 -0.135081 -0.007980 -0.186319 0.143607
0.015865 -0.034139 0.025554 0.066655 0.010457 -0.220154
-0.093886 0.047385 -0.145156 -0.025561 0.028786 0.000548
-0.004040 -0.013165 0.012509 0.163441 -0.052347 -0.136648
-0.068699 0.067900 0.058476 -0.002347 0.002171 0.002685
-0.022410 -0.074205 -0.046627 -0.010742 0.014532 0.003965
-0.038445 0.028586 -0.013810 0.143970 -0.143394 -0.134589
0.043875 -0.007243 0.012448 0.020413 -0.032853 0.001485
0.012046 0.094600 0.076864 0.142392 -0.136239 -0.153088
0.073353 -0.136495 0.132746 0.001348 0.007888 -0.012179
-0.016924 -0.008751 0.025373 0.099691 -0.033308 -0.070866
0.037433 0.026101 0.032415 0.048988 0.027614 0.073080
-0.017969 -0.135311 -0.035889 0.153073 -0.086679 0.157754
0.036792 0.049515 -0.011328 0.051397 -0.029178 0.037074
0.082552 0.008987 -0.054080 0.009546 0.104236 -0.003419
-0.002985 0.000846 -0.000740 -0.017675 0.013428 0.003004
-0.123488 -0.110653 -0.046191 -0.008055 -0.002126 0.009369
0.123315 -0.118349 -0.095027 0.004183 -0.011092 -0.006753
-0.039891 -0.152052 -0.133118 -0.125131 0.032438 -0.150883
-0.045702 0.010767 -0.038190 -0.053298 -0.013859 0.038556
0.009226 -0.030856 0.024203 -0.025545 -0.073812 -0.012965
0.070265 -0.054027 -0.044064 0.169260 -0.115628 0.152294
-0.026914 0.026188 0.006909 0.001793 0.000840 -0.016215
-0.000472 -0.001032 0.000944 -0.009080 0.028532 0.001944
0.000263 0.000685 -0.000792 0.013141 -0.115131 0.153419
