0.090948 -0.097334 0.091261 0.025091 0.062730 -0.064019
-0.030285 0.023299 -0.028865 -0.109897 -0.101706 0.027429
-0.132777 -0.086655 0.048442 -0.132426 0.104410 0.080255
-0.101153 0.052853 -0.104856 0.034942 -0.044468 0.055917
-0.010377 -0.041224 -0.024009 0.130771 0.062703 0.008961
-0.073793 0.111787 0.105766 0.001935 0.000383 0.001260
-0.047908 -0.006733 -0.037220 0.043466 0.102401 -0.016565
-0.077712 -0.030965 0.058039 0.054749 0.083318 -0.083267
-0.102185 0.102261 0.097279 -0.003668 -0.130689 -0.129576
0.047697 0.085439 0.018616 0.124156 -0.159094 0.206907
0.056097 0.058689 -0.101370 0.197956 -0.134698 -0.176151
0.040737 -0.005785 -0.153548 -0.013654 -0.135066 0.080082
0.058996 -0.023960 0.010477 -0.060505 0.040354 -0.002717
-0.016902 0.021355 0.002087 -0.020184 -0.121477 0.056442
-0.048371 -0.057702 0.032243 0.086133 0.016465 -0.013308
-0.134145 0.065032 -0.129467 -0.063268 -0.085764 0.042510
-0.094420 0.020553 -0.080851 0.016607 -0.014470 -0.017561
0.009018 -0.017922 -0.009058 0.172762 0.132861 -0.198908
0.034440 0.044806 -0.019852 -0.091979 -0.006880 -0.069362
0.037277 -0.084372 -0.021789 0.012046 -0.082121 -0.211251
0.053521 -0.007456 -0.074798 -0.123595 0.101214 0.026436
-0.012401 -0.019020 0.043703 0.150206 0.129694 -0.017692
-0.001311 -0.004360 0.001249 0.076541 -0.021388 0.066490
0.099794 -0.032076 0.039185 -0.161649 -0.067419 0.012653
0.010221 0.009712 -0.009311 0.035082 0.078400 0.202683
-0.006340 -0.099332 0.061145 0.204676 -0.177795 -0.047123
-0.041415 -0.053794 -0.041458 -0.001160 0.006953 -0.012206
0.002579 -0.001814 -0.005282 0.079389 0.059109 0.111890
0.067653 -0.059822 -0.085178 -0.062945 0.033928 0.122459
0.042795 -0.037134 -0.058352 0.055150 -0.015495 0.032565
-0.023975 -0.038860 0.000923 -0.005568 0.007636 -0.004770
-0.066912 0.005340 -0.009561 0.035836 -0.153507 0.055303
0.111397 0.101287 -0.078745 -0.093403 -0.082758 -0.053045
0.018918 -0.044105 -0.038824 -0.075409 0.172527 0.174750
-0.043539 -0.027329 -0.060864 0.107232 -0.095632 0.127099
0.035523 0.051211 -0.047525 0.209891 -0.026714 -0.120748
-0.023125 -0.007614 0.019768 0.016606 0.018452 0.007369
0.002328 0.000485 0.008187 -0.085308 -0.058385 0.058842
0.038552 0.023107 -0.024649 -0.005691 0.002619 0.003521
-0.009520 -0.006182 -0.006703 -0.043527 -0.135803 -0.125343
