0.012768 -0.010341 0.014412 0.117395 0.027956 0.139321
-0.001621 0.069494 0.031071 0.116777 0.073149 0.037589
-0.021779 -0.069683 -0.034842 -0.030329 -0.048124 0.033895
-0.034393 -0.106949 0.044208 -0.032471 -0.071833 -0.025975
0.021799 -0.055128 -0.026428 -0.013908 0.016304 0.015003
-0.046690 -0.000528 -0.032849 -0.199331 0.089114 -0.088545
0.110234 -0.105546 -0.046509 0.005721 0.000676 -0.000707
0.135505 0.006042 0.123004 0.021990 -0.058473 -0.021692
-0.082786 0.150909 -0.118158 0.009261 0.010742 -0.000925
-0.050904 -0.112775 0.121274 0.069268 -0.089020 -0.089656
0.020606 -0.017590 0.006101 -0.015028 -0.070265 0.066064
-0.001254 -0.035697 -0.032436 -0.026303 -0.106162 0.061161
0.070088 0.123650 0.003601 -0.004836 0.014513 0.012926
0.024871 -0.001619 0.015464 -0.147352 0.045034 -0.040660
0.005313 0.013727 0.005810 0.038290 -0.054524 0.001674
-0.049888 0.051290 -0.037326 0.046036 -0.118610 0.044059
-0.058283 -0.058798 0.072468 -0.017058 0.017723 -0.017935
0.030785 0.054395 -0.056332 -0.029735 -0.153862 -0.020203
-0.022424 0.007816 -0.022918 0.167612 0.082334 -0.166164
0.014197 -0.008937 0.006686 -0.139465 0.126881 -0.072361
0.012535 -0.017841 0.008565 -0.129085 -0.065634 0.087094
-0.066574 -0.027677 -0.075712 0.013649 -0.048308 0.044075
-0.035764 0.040709 0.053162 0.007353 0.001527 -0.005237
-0.035060 0.007325 -0.000060 -0.044512 -0.162702 0.134430
0.042272 -0.000247 0.059176 -0.140392 -0.004682 -0.125657
0.113225 -0.127361 0.114138 -0.024571 -0.145937 -0.145504
0.011631 -0.015527 -0.095333 -0.173948 0.089524 -0.231687
-0.004351 0.002059 -0.002751 0.049088 0.025436 0.031737
0.013199 -0.004826 -0.008558 0.183546 0.015006 -0.050565
0.061405 -0.073251 -0.035450 -0.197111 -0.132936 -0.132879
0.075613 0.058704 0.106564 -0.203839 -0.079698 -0.007098
0.024019 -0.021432 0.018271 -0.002228 0.008988 -0.041920
0.010025 0.085017 -0.029025 0.129041 -0.200223 0.080951
0.048553 -0.021309 0.041037 -0.006377 0.014057 -0.008954
-0.019196 0.019316 0.022807 0.054012 -0.042482 -0.038259
0.015599 -0.010969 -0.011174 -0.018685 -0.132442 0.020479
0.029353 -0.057073 -0.051963 -0.160099 -0.028148 -0.023732
0.014418 0.107980 -0.081124 -0.068337 0.029916 -0.122000
-0.022086 -0.093509 -0.013517 0.051507 -0.025357 -0.055355
0.106241 -0.092133 0.080899 -0.009475 0.010819 -0.017946
