0.010300 0.000750 -0.005203 0.048226 0.028082 -0.063359
0.095258 0.064634 0.054110 -0.093832 -0.093160 -0.106038
-0.008848 -0.027412 -0.004581 0.024635 0.004085 -0.000877
-0.003364 -0.003611 -0.009165 0.031288 0.109901 -0.009078
0.025046 -0.005803 -0.034169 -0.073697 -0.114504 0.132502
-0.012321 -0.019011 0.010634 -0.064718 0.036135 0.065746
-0.017855 -0.079325 -0.119357 0.029480 0.001411 -0.008420
0.058789 -0.104262 -0.109721 0.108904 -0.077805 0.053619
-0.014754 0.097766 -0.129292 -0.074761 0.114496 -0.052519
-0.011032 0.005494 -0.016553 -0.148158 -0.086923 0.129986
0.011952 0.009616 0.008779 0.061149 -0.119219 -0.107951
0.103749 0.105888 -0.056295 -0.025413 -0.015713 -0.038849
0.026219 0.025345 0.021014 0.122550 0.010666 -0.047016
-0.016519 -0.033304 -0.039291 -0.006709 0.039747 -0.059860
0.007725 -0.000986 0.001822 -0.217667 -0.177283 0.098135
0.012395 -0.011245 0.003202 0.021339 -0.169859 0.157011
0.006454 -0.001589 0.023738 0.000191 -0.000340 0.000224
0.021028 -0.021807 0.005759 -0.007077 0.022166 0.196089
-0.079422 -0.072975 -0.110262 0.097182 0.036619 -0.064951
0.031677 -0.008690 -0.053966 0.022219 0.025883 -0.005004
-0.028155 -0.010456 0.053576 -0.059712 0.074391 -0.032013
0.138825 -0.108318 -0.010194 -0.140209 -0.225924 0.123376
0.140250 0.095546 0.066788 0.008552 -0.010535 -0.018949
-0.004887 0.002831 0.001104 0.109211 0.009113 0.138913
0.002033 0.090331 -0.047151 -0.008562 0.074652 -0.021493
-0.033759 0.095464 0.034759 -0.010398 0.013140 0.005297
-0.045329 -0.009363 0.032209 0.155196 0.013530 -0.133068
0.041743 0.045971 -0.040369 -0.138549 -0.047875 -0.031907
-0.087122 0.037241 0.089480 -0.123909 0.221970 -0.128427
0.064053 0.030104 0.046253 0.002421 0.013255 0.004347
-0.023396 0.008147 -0.003493 0.009782 0.073699 -0.095648
-0.000802 0.033910 -0.053789 -0.210830 0.057461 -0.161830
0.006095 -0.022138 0.031712 -0.104949 -0.087267 0.100120
-0.125587 -0.077592 -0.100468 -0.151056 0.155351 0.163447
0.093818 0.077968 0.103887 0.042235 -0.152588 -0.208380
0.140007 0.043204 0.018083 -0.017909 0.014376 -0.017132
0.023347 0.013406 0.009979 -0.024133 0.030315 -0.023282
-0.005904 0.006019 -0.005297 0.034593 -0.122574 0.126844
0.120313 0.079123 0.044712 -0.097656 -0.086054 -0.114860
