0.057489 0.029029 -0.078054 -0.139477 0.133555 -0.034373
0.012892 -0.096735 0.104825 -0.199353 0.035170 0.026120
0.015264 -0.023892 -0.047395 -0.012488 0.035700 0.053337
0.032620 -0.056442 0.044696 -0.176225 -0.137085 -0.001644
0.060591 0.068156 0.029008 -0.007150 -0.006397 0.006470
-0.134519 0.110538 -0.047672 -0.007766 -0.081838 -0.065781
-0.013608 -0.004945 0.033653 -0.140116 0.145014 -0.038234
0.107161 0.021520 0.066498 -0.122006 -0.145474 0.127097
-0.101223 0.000257 -0.096084 -0.007105 -0.005243 -0.014175
0.009887 -0.020696 -0.010353 -0.043585 0.016421 0.070870
0.082242 0.112439 -0.070636 -0.083405 -0.000593 -0.123198
-0.019386 0.004326 0.013731 -0.016744 0.031863 0.000651
-0.009739 -0.018674 -0.039277 0.024581 -0.003927 -0.014185
0.019495 0.044745 -0.022108 -0.002799 0.004138 -0.003753
0.013158 0.013625 0.022424 0.069361 0.032287 0.039205
-0.017761 0.004914 0.114609 0.110836 -0.060611 0.125161
0.005857 0.009152 -0.002655 -0.125623 -0.055107 0.114597
0.051796 0.091405 -0.088858 0.041511 -0.016663 -0.028689
0.001733 -0.001952 0.005609 -0.102639 0.102780 -0.005349
-0.034424 0.005376 0.045858 -0.001416 0.010429 0.034459
-0.084714 -0.078079 -0.047362 -0.065660 -0.053196 0.094228
0.095767 0.100113 -0.101971 0.060016 -0.047764 -0.087924
0.010618 -0.029507 -0.025846 0.011498 0.033417 0.014725
0.096922 0.054283 -0.030735 0.164615 -0.176276 0.130693
0.014836 0.019528 0.023608 -0.017605 0.016287 0.020751
-0.047444 -0.081627 0.091770 0.046871 0.116084 -0.093589
0.012423 0.038697 -0.035015 -0.013486 -0.014756 0.009348
0.058097 0.087290 0.072946 0.036463 -0.088159 0.062811
0.009394 0.033993 -0.000076 0.062510 -0.068247 0.051777
0.005668 0.025296 0.025876 0.023790 0.015556 0.149766
-0.069678 0.148657 0.060905 0.046976 0.020046 0.047702
-0.002650 0.020675 -0.012266 0.086940 0.034169 -0.179270
0.047048 0.071755 -0.049942 0.004551 -0.016480 0.007807
-0.045271 -0.076021 -0.013806 0.030047 0.007832 -0.137948
-0.156758 -0.057808 0.052401 -0.017798 0.022225 0.017466
0.048355 0.038105 0.037971 0.100708 -0.059887 -0.029723
0.008642 -0.012920 -0.016539 -0.019159 0.049476 -0.031333
0.002700 0.061860 0.003668 0.082211 0.085687 -0.111702
-0.011377 -0.089784 -0.065590 -0.001280 -0.019141 -0.056601
