-0.038123 0.056029 0.063878 -0.057572 0.187348 -0.187645
0.013286 -0.005985 -0.033733 0.001311 -0.089076 0.152744
0.052005 0.035050 0.030942 0.005172 0.001885 -0.078804
0.129684 -0.026512 0.003351 0.166667 0.142864 0.137022
0.122644 0.118745 0.047422 -0.012971 -0.015568 0.004070
0.012035 -0.014329 0.003092 -0.055807 -0.048936 0.125722
0.030870 0.037015 -0.007819 -0.002951 0.020378 -0.029303
-0.070166 0.007584 -0.013348 0.012991 -0.035066 -0.016520
0.060235 -0.051939 0.024795 0.068977 -0.093377 0.080215
0.071048 0.066645 0.023406 0.131065 0.076919 -0.036245
-0.029229 -0.114451 0.059394 0.031295 0.029030 -0.071669
-0.147764 -0.157476 -0.115206 -0.104191 -0.018808 0.079501
0.069825 0.136126 0.015253 -0.077957 0.062405 -0.067340
-0.005699 -0.009966 -0.004136 -0.023826 -0.047868 -0.058820
-0.030710 -0.007175 -0.013172 -0.089483 -0.079448 -0.169660
-0.075300 -0.116174 -0.018035 0.206792 -0.174527 0.085011
-0.097837 0.025018 0.021802 0.115975 0.001524 0.126008
-0.010316 0.000840 -0.006663 -0.099199 0.237430 0.078293
-0.009939 0.034718 0.038154 -0.013988 -0.085100 0.016292
-0.092890 -0.081295 0.040172 -0.056825 0.027066 -0.025937
-0.019435 0.024245 0.020450 -0.024159 0.000440 -0.029300
0.085831 -0.028938 -0.036126 0.019362 0.033603 0.061018
0.020954 -0.046406 0.032988 0.024824 0.021247 0.018011
-0.112383 -0.032456 -0.053544 -0.061837 -0.055088 0.111660
-0.008527 0.111440 -0.115330 -0.129666 0.031855 0.124376
-0.064131 0.028692 0.007769 0.060901 0.019056 0.024180
-0.022865 -0.015826 0.018455 0.092289 0.069177 -0.045164
0.027353 -0.101371 0.110156 0.053242 0.019634 0.078669
0.004983 0.003665 -0.003093 -0.021667 -0.006174 0.015075
0.008702 0.009463 -0.003140 0.080903 0.049391 -0.070855
-0.010326 0.004183 -0.001573 0.034102 -0.041613 0.042511
0.129735 -0.055912 0.026516 0.058575 0.048200 -0.106945
-0.053756 -0.051095 0.086739 0.004728 -0.000173 0.004349
-0.071033 0.048971 -0.033425 0.001460 0.001200 -0.000686
-0.105787 -0.060442 -0.033971 0.128403 -0.027302 0.085202
0.108958 0.149432 0.160113 -0.043248 -0.013761 0.096179
-0.074026 0.045886 0.005358 -0.063949 -0.047465 -0.086207
-0.035167 -0.009076 -0.075906 0.024506 0.033198 0.005469
-0.024351 0.024688 -0.025205 0.080122 0.112327 0.075761
0.020953 -0.022361 -0.009955 0.025946 0.086160 0.138584
