-0.017535 -0.118054 -0.126187 -0.043785 -0.237106 -0.156939
0.001073 -0.016249 0.018640 -0.030129 0.066623 -0.060959
0.006254 0.004331 -0.005490 -0.180215 -0.141450 0.062082
-0.025303 0.081211 0.022416 -0.182083 -0.199497 -0.004295
0.002783 -0.002745 -0.019418 -0.104277 0.020809 -0.011939
-0.000242 0.000443 -0.000148 0.090915 -0.037170 -0.092253
-0.038061 0.070010 -0.068377 -0.102500 -0.011392 -0.076184
-0.009691 0.054263 0.009350 0.099726 -0.077830 -0.093476
0.047976 -0.051961 0.050915 0.078802 -0.041871 0.108831
-0.052334 0.094562 -0.026745 0.010991 0.027952 0.062670
-0.023942 -0.007092 0.024161 -0.007301 -0.023489 -0.020571
0.034882 0.003144 0.030923 -0.012735 -0.040283 0.038580
-0.039239 -0.011615 0.086499 0.000317 -0.000286 0.000580
-0.000111 0.002156 0.006075 0.034895 0.035808 0.050985
0.005823 -0.043861 0.008156 0.011855 -0.005231 0.050888
-0.004796 -0.007891 0.077007 0.057190 0.107846 0.092284
0.033164 -0.035220 -0.014146 -0.082114 -0.030330 0.100242
-0.019096 0.100021 -0.038048 -0.006273 -0.018332 -0.018818
-0.001527 -0.002575 -0.006189 -0.027291 0.020014 0.019915
-0.010707 -0.009905 0.002365 -0.058286 -0.103124 0.024630
0.011271 -0.001552 0.022260 0.011502 0.119874 0.034717
-0.023761 0.101881 -0.022927 -0.024854 0.079649 0.086483
-0.007218 0.001275 -0.012941 0.069457 0.097152 -0.126204
0.052560 0.029707 0.065351 0.024620 0.032297 0.034597
0.089704 0.147677 -0.112821 -0.024650 0.012421 -0.058909
-0.159393 0.014411 -0.074697 0.085541 0.004978 0.076213
0.000848 0.146078 0.017914 0.040803 -0.080357 0.101495
0.012190 -0.084393 0.000531 0.006680 -0.005471 0.000626
-0.008789 -0.002743 0.007538 -0.095317 -0.127068 0.068272
-0.008858 0.045711 0.036908 -0.158877 0.078046 -0.151552
0.083004 0.039542 -0.109285 -0.000042 -0.000508 0.000727
-0.006234 0.007374 -0.033938 0.167818 -0.130197 -0.048214
-0.008135 -0.006961 0.004982 -0.024098 -0.125736 -0.128084
-0.052754 -0.013862 0.046414 -0.080839 -0.040252 0.151285
0.068708 0.053763 0.046597 0.019715 0.046432 -0.046283
0.132274 0.026841 -0.064404 -0.106792 0.007900 -0.164410
0.035101 -0.007517 0.076412 0.023829 -0.002032 -0.052005
-0.007165 -0.005402 0.006018 -0.068993 0.007224 0.023530
-0.105880 0.088257 -0.106677 -0.007809 -0.054572 0.103559
0.000568 0.001597 0.000742 0.005698 -0.048790 0.082160
-0.014839 0.009967 -0.000217 -0.054867 -0.067634 -0.021428
