-0.028563 0.021421 -0.037751 0.182216 -0.142524 -0.170413
-0.063785 0.140603 0.056973 -0.170087 0.115997 -0.214310
0.003086 0.030818 0.032443 0.167115 0.076940 0.149917
0.069697 0.057991 -0.097435 -0.039070 0.062130 -0.049234
-0.043227 0.089707 0.032841 -0.017223 0.154855 -0.103401
0.024389 -0.058200 -0.042441 -0.041068 0.019429 0.058009
-0.032510 0.041243 -0.034810 -0.015865 -0.104053 -0.033327
0.067799 -0.062925 -0.015233 0.089037 -0.193137 -0.195090
0.117255 -0.057966 0.002477 -0.050850 0.031842 -0.057580
-0.040897 0.049127 -0.070228 0.061395 0.027087 0.153770
-0.041568 -0.020706 0.022187 -0.003221 -0.016274 -0.010539
-0.022144 -0.065490 -0.017821 -0.127239 -0.058722 -0.076791
-0.029539 0.056280 -0.009841 -0.007580 -0.009252 -0.008856
0.024783 0.053710 -0.039101 0.062178 -0.058494 0.124462
0.048246 0.017090 0.106452 -0.062871 0.070347 -0.100251
0.005192 0.049252 -0.164381 0.185324 0.062003 0.030848
0.125994 -0.099772 0.097363 0.055654 0.037652 -0.080573
-0.042680 0.014015 0.000751 0.016309 -0.041229 0.032842
0.104170 -0.129870 0.116788 0.198962 0.178818 -0.062806
0.166635 0.049874 0.158772 -0.000029 0.000224 -0.000194
0.089006 0.005365 0.062147 0.070084 0.057849 0.203956
0.011290 0.040202 -0.114002 -0.079669 0.144161 -0.023519
-0.031244 -0.062841 -0.067961 0.104157 -0.101217 -0.065776
-0.044459 -0.029773 0.012174 -0.035539 -0.159097 -0.017719
-0.003492 0.052422 0.050982 -0.155105 0.124822 0.160866
-0.030403 0.076364 -0.075322 -0.002701 0.014198 0.012401
-0.063960 0.109295 0.054375 0.090007 0.027805 -0.129271
0.031888 -0.062012 0.047736 -0.146006 0.066725 -0.106505
-0.019120 0.003531 -0.011759 0.190007 0.053468 -0.124042
0.002469 -0.003639 -0.005597 -0.055033 0.031683 -0.004835
-0.027947 -0.023789 -0.011605 0.119695 -0.050421 -0.083193
0.004590 -0.049437 -0.046578 -0.143955 0.025187 -0.111177
0.011597 0.056039 -0.020434 -0.022385 0.221461 -0.101547
0.013368 -0.006813 0.013168 0.018518 0.012501 -0.012945
-0.067132 -0.074800 -0.042508 0.108285 -0.078000 0.098150
-0.001613 -0.004493 0.004847 -0.114695 0.052212 0.111070
-0.086582 -0.001490 -0.097967 0.086543 -0.041472 0.065738
-0.101554 0.022630 -0.024638 0.028447 -0.011145 0.027736
-0.008610 0.003982 -0.012457 -0.046417 -0.126798 0.076976
-0.075526 -0.003373 0.023969 0.054068 -0.180100 -0.089944
