0.020087 -0.013001 -0.013620 -0.110174 -0.052556 -0.047472
-0.001066 -0.049064 -0.030251 -0.015394 0.097365 -0.087561
-0.044706 0.060913 -0.046851 -0.090968 -0.053496 -0.097255
-0.000498 -0.000596 -0.000080 0.044047 -0.090018 -0.098769
-0.067639 -0.100762 0.109986 0.051793 -0.015905 -0.049471
-0.037790 -0.007337 0.013045 0.122557 -0.044161 -0.099413
0.004553 0.024757 0.038106 0.030375 -0.013698 -0.017756
-0.050500 -0.052955 -0.015569 0.031550 -0.023863 0.075531
-0.031951 -0.018056 0.014676 0.020124 -0.001329 -0.007940
-0.000876 -0.049213 -0.047440 0.050227 0.052922 -0.061032
-0.038600 0.109386 0.072064 0.010814 0.011369 0.045696
-0.079742 0.048945 -0.083528 -0.006447 -0.008949 -0.003746
0.116009 0.017189 -0.011786 -0.047733 0.000024 0.023965
0.048064 -0.006885 -0.055032 -0.039777 0.069475 0.040441
0.041342 0.005660 -0.051529 0.014414 -0.013596 0.013905
0.008210 0.046819 0.037550 0.146068 0.126568 -0.157891
-0.012350 -0.007458 0.013666 0.096277 0.051690 0.019400
0.113052 0.024098 -0.029497 0.116208 -0.001344 -0.045202
0.010801 0.001030 0.007746 -0.070244 -0.075603 -0.035425
-0.155901 -0.108520 0.012661 0.028854 0.018323 0.016375
-0.002636 -0.003894 -0.037374 0.104427 0.052613 -0.071477
0.035137 -0.096284 -0.019040 0.056337 -0.039787 0.059076
-0.148624 -0.045330 0.068358 0.053667 -0.079205 -0.094981
-0.018703 -0.074075 -0.075487 -0.092146 0.018501 -0.030376
0.053219 -0.032554 0.034766 -0.028451 0.031088 0.040119
0.059800 -0.038591 -0.093605 -0.178624 -0.032436 -0.033633
0.029673 0.047618 -0.030803 -0.046747 -0.247833 -0.166738
-0.045314 -0.025253 0.010222 -0.052097 0.052078 0.167477
0.011498 0.019958 0.052756 -0.011510 0.000365 0.016319
-0.106904 0.101466 0.156212 -0.004226 0.005409 0.008751
-0.019922 -0.027364 0.038131 -0.012241 -0.026190 0.021746
0.052555 0.011372 -0.025427 0.006595 -0.008739 -0.015689
-0.024734 -0.075157 -0.009104 -0.006324 0.000269 0.050967
-0.030006 0.052670 -0.004888 -0.063090 0.015817 0.016120
0.011912 0.018831 0.014148 0.020792 -0.069877 -0.025989
0.037150 -0.004362 -0.011986 -0.169594 0.053799 -0.096357
-0.113033 -0.074970 0.004466 -0.074751 0.072507 -0.049859
0.052060 -0.001148 0.022220 0.058470 0.115322 0.073812
0.026533 -0.053373 0.057109 -0.143503 -0.090648 -0.142809
0.008401 -0.003803 -0.013942 -0.004032 0.079984 -0.157786
