0.090122 -0.007840 0.001095 0.048344 -0.032867 0.183139
-0.036249 0.056563 -0.042033 0.050041 0.132542 -0.031694
-0.040498 -0.030118 0.073409 -0.050881 -0.095446 0.042483
0.009270 -0.005264 0.010061 0.014120 0.018152 0.005310
-0.101215 0.036638 0.084490 -0.093381 -0.104222 -0.023617
0.036016 -0.010421 -0.005486 -0.008465 -0.016354 -0.000129
-0.097042 0.103915 -0.125655 0.150095 -0.066269 -0.088324
0.023898 0.016352 -0.081834 -0.015293 0.016227 -0.120694
0.076535 0.092691 0.014322 -0.109465 -0.063263 -0.081272
-0.082461 -0.033703 -0.010827 -0.060345 -0.022469 0.044884
0.048754 0.002286 0.070447 -0.046997 -0.062545 0.009416
-0.005794 -0.010594 -0.057069 -0.010576 0.007883 0.080492
0.009890 -0.012576 0.019963 -0.028945 0.082222 0.035025
-0.011234 0.022102 -0.042125 -0.018490 0.080832 -0.059376
-0.026087 0.067885 -0.027314 -0.094672 0.061012 0.067228
-0.063329 0.039154 -0.056957 -0.036239 -0.139489 0.137241
0.008367 0.003697 -0.004375 -0.030496 0.080610 -0.113198
-0.085244 0.096019 0.089833 -0.020444 0.007823 0.041591
0.084285 -0.007064 0.057416 -0.020861 0.043285 -0.014467
0.133656 -0.019294 -0.043339 0.159267 -0.168556 0.077786
-0.003182 -0.001235 0.000767 0.001888 0.025619 -0.063778
-0.006055 -0.016251 0.002646 -0.047386 0.191076 -0.095744
0.066675 -0.038818 -0.073860 0.181349 -0.185203 -0.107356
0.089322 0.046656 -0.033311 0.001456 0.001133 0.002003
0.013388 0.030173 0.034098 -0.038983 0.026062 -0.045621
-0.032353 0.018272 0.053639 0.015688 -0.239502 0.094140
0.067508 0.058080 -0.001712 -0.039258 0.029301 0.027878
0.014384 -0.058577 -0.038827 -0.207098 -0.136635 0.039516
0.082034 -0.045707 -0.040256 -0.046307 0.106575 0.078282
0.023729 -0.054575 0.008361 -0.087678 -0.016107 -0.091555
0.101948 0.070043 0.047012 -0.066992 0.084218 0.226384
0.163982 0.127299 -0.059248 0.029221 0.106778 0.081539
0.125701 -0.057073 -0.003363 0.113198 0.046609 0.087578
-0.038975 0.014215 0.025209 -0.203907 -0.214812 -0.149151
0.034212 0.018037 -0.016093 -0.036247 -0.043400 -0.052588
0.016880 -0.047823 0.037848 0.049878 -0.006171 -0.047800
-0.018658 0.009305 -0.018639 0.007055 0.000253 0.006536
0.024227 0.000440 -0.013764 -0.043862 0.044796 -0.007025
0.022614 -0.024303 -0.019383 -0.037632 0.008810 -0.009646
0.003118 -0.002661 -0.016603 0.022524 -0.048987 0.040439
-0.066375 0.132261 -0.008871 -0.013733 -0.104448 -0.092387
