0.004029 0.018547 0.015751 0.050104 0.143096 -0.080013
-0.004775 -0.010223 -0.009464 -0.071874 0.038299 -0.091723
-0.022064 0.000870 -0.031151 0.067677 -0.034892 0.036023
-0.102627 0.013678 -0.103021 -0.094445 -0.089728 0.008605
-0.114364 -0.121068 -0.040355 0.010058 0.018889 0.022055
0.096421 0.042675 -0.012944 -0.002946 -0.005910 0.008317
0.016408 0.031747 0.000464 -0.026534 0.003214 -0.116153
-0.066441 -0.050752 -0.055961 -0.201704 0.160726 -0.127586
-0.001318 -0.047500 -0.009435 0.068609 0.009808 0.019469
-0.029047 0.077956 0.064567 0.167594 -0.109042 -0.024453
0.047187 0.004556 -0.026302 0.013265 0.024329 -0.074344
0.041201 -0.111604 -0.068892 0.035108 -0.052697 0.011287
-0.027790 -0.032503 -0.131049 0.004094 -0.000328 -0.000263
0.006930 0.014356 -0.009616 -0.018925 0.191094 0.129109
0.023621 -0.010163 -0.003196 0.041050 -0.149988 -0.132426
0.001958 0.029110 0.004501 0.096638 0.087890 0.072185
-0.046447 -0.026408 0.035865 -0.156749 0.162453 -0.013725
0.005589 0.000348 -0.002364 0.167185 0.197638 0.024386
-0.042780 -0.039025 -0.057998 -0.084821 0.175708 -0.092168
0.003988 0.006836 0.018639 0.122248 -0.182859 -0.058777
-0.039177 0.012415 0.112078 -0.005394 -0.002445 0.002464
0.066628 0.019681 0.047066 -0.005608 -0.006211 0.005552
0.001412 -0.023328 0.001048 0.015272 -0.000340 -0.020664
-0.001117 0.004610 0.004611 -0.043832 -0.053088 0.101215
0.017988 0.081042 -0.046697 -0.004918 -0.005093 -0.012135
0.054676 0.054161 -0.002404 -0.014461 0.016514 0.018235
-0.090591 -0.036428 -0.030189 0.010856 -0.026802 0.060553
0.000466 -0.025563 0.005225 0.001879 -0.003784 -0.003417
-0.051150 -0.031490 -0.063522 -0.018654 0.057587 0.047567
-0.002510 -0.011043 -0.006304 0.104366 -0.006265 0.117720
0.003796 0.027004 0.037449 -0.021246 -0.023521 -0.019388
-0.031310 0.017381 -0.023332 -0.190845 -0.135083 -0.190969
-0.100119 -0.005702 -0.074284 -0.004678 0.001566 -0.020062
-0.073190 -0.079419 -0.056882 -0.064795 0.080727 -0.024300
0.002795 0.001897 -0.001346 0.104987 0.153242 -0.144887
-0.025051 -0.028790 -0.022101 -0.027266 0.131129 0.227279
-0.019292 0.028157 0.015342 -0.012123 0.081125 -0.086265
-0.002427 0.004336 -0.003913 -0.022963 0.028959 -0.003353
-0.080198 0.021485 -0.054280 0.061666 0.007226 -0.024953
