0.034564 0.086608 -0.007986 -0.002691 -0.007683 0.001554
-0.012181 -0.016689 0.000978 0.004848 -0.000391 0.003421
0.006335 0.012459 -0.017140 0.021904 -0.001219 -0.021181
0.095634 0.024006 -0.009039 -0.086023 0.044975 0.134905
-0.034643 -0.014690 -0.037021 0.076860 -0.020007 0.064429
-0.012688 0.014276 -0.040998 -0.163370 -0.130050 -0.209013
0.014109 0.024027 0.011595 -0.019580 0.022829 -0.009871
0.058428 0.107933 -0.051714 -0.011219 0.008675 -0.008890
-0.041577 0.049475 -0.038644 -0.002780 0.002915 0.003349
-0.031563 -0.008120 -0.030956 0.041300 -0.032272 -0.153228
0.017334 0.002075 0.028832 -0.007906 -0.001338 0.011950
-0.021449 -0.044126 -0.027130 0.108179 0.201318 0.126311
-0.004460 0.078230 0.105638 -0.023711 -0.018273 -0.003493
0.113132 0.025099 0.110701 -0.028513 0.091574 -0.072680
0.014186 -0.092579 0.110152 0.007495 0.003808 0.027692
0.053007 0.092008 0.118097 0.010350 0.009409 0.026403
0.036103 -0.033797 0.042789 -0.013212 0.019646 -0.081878
-0.038170 0.033580 -0.065891 0.067554 0.071222 -0.207176
0.057544 -0.008561 0.059185 0.102763 0.032425 0.001529
0.104659 -0.020488 0.029862 -0.034450 0.162667 0.093463
-0.020065 0.029340 -0.088169 0.018741 0.055295 0.010374
0.020445 0.059085 -0.080811 -0.055304 -0.089565 0.033669
-0.031701 -0.013217 0.030585 -0.043398 -0.136298 -0.148310
0.018324 0.089276 -0.058290 -0.034836 -0.044450 0.004631
-0.100916 0.058596 -0.021613 -0.056924 -0.025759 0.105567
0.025640 -0.020617 0.046467 -0.118858 0.073454 -0.118348
-0.028393 -0.041822 -0.029115 -0.073541 0.095796 -0.074338
-0.037212 0.005340 -0.007829 -0.005281 0.067677 0.068465
0.036995 0.016680 -0.037615 0.066761 0.130432 -0.151224
-0.034569 0.024955 0.023572 -0.007238 -0.003600 0.007047
0.019684 0.032677 -0.129332 -0.134898 -0.140380 0.086973
-0.013920 0.009255 0.003873 -0.107421 0.004818 -0.076956
0.075578 0.063935 0.023461 0.033283 -0.074126 0.054567
0.091514 -0.046848 0.009763 -0.007742 0.006738 0.017248
0.030156 0.001055 0.019628 -0.119212 0.127727 0.106259
0.104454 0.050308 0.042187 0.205384 -0.003607 -0.052931
0.048725 0.042601 0.103486 -0.042015 -0.004024 -0.025051
0.016976 0.018611 -0.030727 -0.106693 0.002353 -0.017463
0.019680 -0.015873 -0.087958 -0.001019 -0.006156 -0.005028
0.036373 0.071830 -0.052289 0.014757 -0.139257 0.140525
