-0.038068 0.002891 -0.019399 -0.017046 0.002333 -0.014277
0.068999 0.010080 -0.100049 -0.003087 -0.000498 -0.004577
0.001367 0.017883 -0.013426 0.042603 -0.002410 0.030605
-0.004021 -0.030224 0.036622 0.014628 0.077455 0.050183
-0.158836 -0.097112 -0.129453 -0.009967 -0.005988 0.004924
-0.043517 -0.053244 0.030876 -0.071442 -0.144379 0.170316
0.150737 0.007582 0.039918 0.094454 -0.070691 0.038730
0.011112 -0.014688 0.000979 0.037273 -0.031277 -0.008588
0.025088 0.010171 -0.023196 -0.111265 -0.124383 0.109084
-0.004416 -0.006903 0.013054 0.005861 -0.011061 -0.001304
-0.069279 -0.026897 0.002981 -0.077007 -0.028625 -0.035544
-0.097332 -0.084898 -0.087490 0.033793 0.026517 -0.082384
0.018487 -0.055399 -0.071957 0.055681 0.009975 -0.061801
-0.096592 -0.058527 -0.046090 -0.077029 -0.007089 0.049123
-0.016702 0.007643 -0.003361 -0.062466 -0.015478 -0.049413
-0.016929 0.010915 0.005403 -0.194296 0.112884 -0.071753
0.026799 0.165364 -0.028759 -0.030724 -0.010541 -0.021336
0.040646 -0.032629 -0.031514 0.065640 -0.019809 -0.075306
0.034967 -0.075135 0.062080 -0.088165 -0.044557 0.178934
-0.121718 -0.047348 0.128791 0.005094 -0.117927 -0.046701
-0.005618 0.060278 0.100032 0.031119 -0.031466 -0.012248
-0.009277 -0.007567 -0.004659 0.217969 -0.100855 0.188483
-0.029104 -0.001761 0.027841 -0.032763 0.038493 0.034220
0.140775 0.112835 0.160630 -0.017507 -0.067090 -0.020432
-0.061439 -0.083864 -0.119953 0.047613 -0.059607 -0.165100
0.037655 0.028353 -0.015306 -0.044740 0.024064 0.034852
0.095466 -0.083108 -0.018682 -0.052554 0.000728 -0.077656
-0.001716 0.026375 0.054698 0.096977 -0.115049 -0.095851
-0.045773 0.080303 0.076680 -0.081334 -0.033127 0.020000
0.027264 -0.067447 0.033789 -0.045948 -0.016957 -0.018943
0.030860 -0.053696 0.142568 -0.050199 -0.010168 0.012979
-0.137150 -0.060653 -0.064047 0.115283 -0.120560 -0.007098
-0.046275 0.123571 -0.008297 0.071732 0.011205 -0.051389
0.009576 -0.061378 -0.046550 0.090197 -0.109316 0.048955
0.059233 -0.028822 0.033733 0.068012 0.010315 0.042274
-0.002556 -0.001883 0.001596 0.048072 0.027645 -0.018208
0.055396 0.004889 -0.071234 0.043855 0.191967 0.049582
-0.058088 -0.033593 0.042974 -0.165545 0.187082 0.219543
-0.025582 -0.020203 -0.031262 0.090918 0.085884 0.088632
-0.116674 0.119726 -0.061706 -0.147750 -0.081498 0.089558
