-0.030960 0.002409 -0.026077 -0.004438 -0.018841 -0.000506
0.129898 -0.097885 0.060215 0.155925 -0.184672 -0.090356
-0.098348 -0.068564 0.006651 0.158334 -0.186094 -0.179394
-0.007562 -0.087674 -0.121259 0.001407 0.012151 0.017404
-0.015666 -0.013817 0.013621 0.075305 -0.165792 -0.103113
0.038463 -0.068463 -0.049274 0.058307 0.079704 0.006472
0.026830 -0.031688 0.030894 -0.103099 0.079044 -0.137071
-0.006449 -0.110703 0.062521 -0.089885 0.055443 0.138903
0.114111 0.078069 -0.046968 0.105901 0.139439 -0.056144
-0.050681 0.011445 -0.086529 -0.095711 0.107021 0.126824
0.017898 -0.069666 0.014124 0.111434 -0.146066 0.137593
-0.019339 0.052659 -0.074086 0.019045 0.038945 0.045444
-0.031536 0.026528 -0.018136 -0.008265 0.019983 -0.007337
0.031076 -0.031793 0.012549 -0.088168 0.197151 0.087767
0.006188 0.038096 0.024817 0.142791 0.062886 0.066332
0.058814 -0.015487 0.027816 0.096836 0.094259 0.055704
0.099294 -0.118938 -0.153251 -0.010672 -0.051059 0.071143
-0.000937 -0.083886 0.004847 -0.085643 -0.023639 0.081573
0.031534 0.123305 0.123053 -0.001232 0.000278 -0.001211
-0.107583 0.111373 -0.088339 0.156201 -0.157797 0.055570
-0.052027 -0.017151 0.011070 -0.025913 -0.032963 -0.020639
-0.035164 -0.021363 -0.010044 -0.081727 0.068351 0.048871
-0.004314 -0.006798 0.008036 0.024319 -0.038207 -0.044456
0.041466 -0.024500 0.043073 0.025985 -0.046633 -0.134372
0.022903 -0.005168 -0.006589 0.007986 -0.026835 -0.020733
0.097489 -0.004919 0.099585 -0.128264 0.063446 -0.087767
0.088332 -0.089625 -0.031494 0.121066 -0.019670 0.025202
-0.071587 0.013941 0.070546 -0.208162 -0.037649 0.105231
0.031254 -0.019544 0.022219 -0.072840 -0.230332 -0.081922
0.015461 -0.014410 0.007236 -0.092779 0.000961 -0.082576
-0.008554 0.009300 -0.026141 0.015892 -0.059999 -0.035568
0.074840 0.059469 -0.017924 0.039848 -0.070588 0.061470
0.000710 -0.053147 -0.060191 -0.099703 -0.030841 0.144778
-0.017726 -0.034116 -0.003455 -0.007142 -0.011773 -0.008193
0.136715 0.024244 -0.080071 -0.059709 -0.033065 0.092051
-0.010147 -0.040061 -0.057701 -0.060619 0.171821 0.149897
-0.094815 0.084341 -0.060309 0.009717 0.012766 0.009149
-0.062197 -0.009351 0.015504 -0.047716 0.036523 -0.022632
0.034389 0.008283 0.033199 -0.054054 0.049961 -0.049632
-0.049093 0.031569 -0.064060 0.000751 -0.195231 -0.199803
