-0.002402 -0.013982 0.017398 -0.050925 0.169591 0.073024
0.012480 -0.002735 -0.003293 0.067023 0.134783 -0.034146
-0.146831 -0.110138 -0.006862 -0.001184 0.003001 -0.002015
-0.007504 0.011516 -0.019581 -0.037110 0.032560 -0.043925
-0.034346 0.024796 0.162775 -0.009476 0.005790 0.003039
0.046733 -0.039072 -0.004947 -0.082830 -0.033433 0.092120
-0.017450 -0.003407 0.044402 -0.026139 0.024226 -0.004153
-0.068634 -0.036368 -0.169010 -0.007211 -0.024861 -0.007401
-0.014364 -0.039658 0.014315 0.121816 -0.083173 -0.123527
-0.003461 -0.002222 -0.003260 -0.001238 0.011051 -0.004206
0.075929 -0.029312 0.086773 0.058983 0.054360 0.049292
-0.012080 0.018404 -0.004780 -0.024788 -0.031228 -0.041784
-0.101678 0.113189 -0.092082 -0.035249 -0.127062 0.078363
-0.071719 0.066834 -0.011385 0.027856 0.198051 -0.214572
-0.002286 0.149225 -0.119430 -0.142801 -0.039943 0.033818
-0.028246 0.031814 -0.015058 0.045626 -0.004922 0.047705
0.000512 -0.010228 -0.004687 -0.059812 -0.031163 -0.084250
0.005465 -0.001273 0.002754 -0.102695 -0.091735 -0.208032
0.023315 0.023922 0.014652 -0.010709 -0.031335 -0.058773
0.113414 -0.042798 0.013156 -0.163450 -0.210895 -0.033302
-0.029420 -0.066516 0.057709 -0.124720 0.145040 -0.035734
-0.081901 -0.053990 -0.030533 0.010737 -0.027262 0.002485
-0.062888 -0.053352 -0.035961 -0.086331 0.038609 0.047203
0.005054 -0.037342 -0.030700 -0.024698 0.010666 0.003654
-0.092772 -0.119343 0.037251 -0.093452 -0.080114 0.162298
0.002188 0.014189 0.058330 -0.096266 0.172788 0.038173
-0.019665 -0.016839 0.014328 0.000939 -0.001047 0.000649
0.147252 0.053587 -0.014393 0.017496 0.053589 -0.076861
0.045314 -0.137405 -0.095421 -0.052741 -0.001191 -0.088364
-0.056251 -0.121099 -0.101031 0.039310 0.143254 0.137372
-0.115210 0.043005 0.045384 -0.027905 0.026022 -0.040632
-0.000767 -0.007361 0.000859 0.072706 -0.096157 -0.106974
0.069903 -0.087108 0.082189 0.042957 -0.012180 0.028502
0.027391 -0.021984 0.044187 0.059510 0.058711 0.033584
-0.000075 -0.041421 0.081454 -0.062799 -0.008068 0.008837
0.037942 0.096879 -0.034836 -0.093298 0.076092 0.054243
-0.049957 0.046752 0.003373 -0.039320 -0.016943 -0.052224
0.082108 -0.044814 0.081774 0.032497 0.012062 -0.030683
-0.069291 0.003093 0.066586 0.072177 -0.032530 0.013760
