-0.018355 -0.000718 -0.043752 0.034829 -0.013090 0.039591
-0.006781 -0.002578 -0.008228 -0.002231 0.007332 -0.020496
0.006279 0.005703 -0.003114 0.053412 0.056319 -0.013383
-0.010921 0.067075 -0.004277 0.101006 -0.029945 0.032561
0.041427 0.045180 -0.017109 0.197097 0.121881 -0.076813
-0.144915 0.141529 -0.081578 -0.005532 0.002111 -0.000316
0.083047 -0.055441 0.015751 0.011562 0.089549 0.043641
0.045866 -0.036643 0.120968 -0.050431 -0.064785 0.083044
-0.065870 -0.030189 -0.011436 -0.016119 -0.050147 -0.100955
0.081016 0.048992 0.068044 0.243314 0.109344 -0.154430
0.073639 0.153872 -0.042605 -0.117432 0.111237 0.042562
-0.006094 -0.002711 0.007765 -0.015426 -0.085999 0.062382
-0.014505 0.018167 0.013561 -0.055102 0.041554 -0.078693
0.038061 0.131883 0.025782 -0.000248 -0.000240 0.000223
0.044632 -0.018752 -0.060441 0.011060 -0.009495 0.009201
0.038970 0.026445 0.053567 -0.114659 -0.162120 0.088122
0.036020 0.001884 -0.068044 0.026628 0.028664 0.008063
-0.038320 0.008112 0.032973 0.184899 -0.173618 0.087911
-0.007272 -0.030517 0.046797 -0.027329 0.004854 0.062213
-0.024689 0.017995 -0.041382 -0.123029 0.072433 -0.034163
-0.104177 -0.067062 -0.019682 0.143486 -0.009792 0.102189
0.023180 0.034782 -0.043510 0.141022 -0.049768 -0.138144
-0.011908 0.019092 -0.012787 0.158615 -0.091667 0.039338
0.000817 0.035214 -0.015691 0.140530 -0.034624 0.182772
0.056680 0.089330 0.036650 0.054185 -0.017603 0.025429
-0.023288 -0.082985 -0.086624 0.013519 0.211131 0.152011
-0.001454 0.002339 0.004093 -0.013244 0.001934 0.010704
-0.001274 0.021278 -0.010458 0.181551 0.082649 0.103746
0.000701 -0.001800 0.000945 -0.015560 0.001809 -0.058122
0.109246 0.044852 0.008576 0.100940 0.090626 -0.069106
-0.056203 -0.125295 -0.104504 -0.185463 0.147820 -0.157843
-0.002934 0.002431 -0.001427 0.086227 -0.130532 -0.068685
-0.016452 -0.098529 -0.030659 -0.104415 0.218958 -0.032865
0.089279 0.019298 -0.018743 0.059577 0.023944 0.067491
0.021076 0.031175 0.031466 0.037047 0.041251 0.049057
-0.078518 0.007619 -0.087143 -0.067265 -0.071013 0.073335
-0.106562 0.118681 -0.123137 0.046957 -0.013429 -0.037206
-0.084775 0.082900 0.168192 -0.174168 -0.084614 0.022741
-0.121430 -0.080662 -0.049018 -0.031509 -0.059139 -0.117380
0.054197 0.040772 0.043617 0.046545 -0.168155 0.211922
