0.015047 -0.047773 -0.028581 0.006189 -0.007712 0.002985
0.082166 0.082242 -0.105341 0.002027 0.005161 0.005980
0.131825 0.145868 -0.054098 0.004733 -0.001918 -0.012580
0.008257 0.034650 -0.062082 -0.033852 -0.017908 0.027437
0.059479 0.141849 -0.045767 -0.096893 -0.045007 -0.009169
-0.079180 -0.059726 0.061507 -0.000246 -0.009924 0.007556
-0.005734 -0.004826 0.014131 0.029610 0.195736 -0.173817
0.019631 0.033705 0.002619 -0.000044 0.013195 0.021028
-0.010920 0.007338 0.007059 -0.066587 -0.039083 -0.000802
0.004364 -0.035310 -0.013994 -0.096033 -0.123365 0.021722
0.037142 0.062601 -0.075368 0.034024 -0.051693 -0.015196
0.016200 0.008747 0.022720 -0.118067 0.022931 0.039989
-0.018190 -0.006465 -0.071695 -0.015148 0.003842 -0.005425
-0.006420 -0.069503 0.070767 -0.002856 -0.009725 -0.001457
0.036166 0.033583 -0.047428 0.064696 -0.072185 -0.043794
-0.016319 0.004412 -0.006787 -0.044122 -0.034915 0.061843
-0.001248 0.007978 0.000563 0.145402 -0.097021 0.212468
-0.011106 0.012354 -0.005419 0.020341 0.017638 -0.040828
0.012594 -0.059338 0.080580 -0.037656 0.174878 0.129068
-0.076207 0.090104 0.062520 0.111047 -0.105963 -0.052817
-0.007910 0.010371 -0.033798 0.037485 0.031749 -0.027766
-0.126185 0.076025 0.087930 -0.051938 -0.074423 -0.087880
-0.048565 -0.019701 -0.054198 -0.070942 0.086565 -0.076988
-0.040873 0.007970 -0.011852 0.018907 -0.040061 -0.002551
0.123196 0.096132 -0.076062 -0.097455 -0.071681 0.096267
0.001520 0.001090 0.001659 0.023502 0.078153 0.022546
-0.038879 -0.006028 -0.077074 -0.000796 0.077541 -0.064378
-0.066475 0.132123 0.110752 0.015000 -0.000887 0.000225
-0.117147 0.061206 -0.042387 -0.135424 0.004628 -0.149234
-0.066315 0.038612 0.013938 0.009712 -0.011250 -0.001918
-0.013017 0.045995 -0.028603 0.099072 -0.006734 -0.079970
0.018801 0.019786 -0.015706 0.044753 0.044813 -0.087370
0.092331 -0.082732 -0.076702 -0.031743 -0.040084 -0.017400
0.087766 0.107877 -0.086497 0.014841 -0.125672 -0.107353
0.129002 -0.127764 0.055400 0.070268 -0.199837 0.009651
-0.028787 -0.006371 -0.027467 0.042130 0.143793 0.001655
0.113010 -0.081989 -0.123353 0.044076 0.169255 0.043007
-0.014662 0.021385 0.012869 0.026911 -0.004993 0.030399
0.062475 0.113339 -0.037323 -0.122326 0.130482 0.018309
0.084569 -0.140925 -0.123332 -0.008733 0.127573 0.058443
