0.047505 0.059946 -0.060035 0.036215 -0.021098 -0.019749
0.000396 -0.019743 0.002567 -0.018989 -0.028313 -0.093682
-0.122693 -0.135506 0.007036 0.002176 -0.026964 -0.028869
0.072108 -0.103757 -0.097490 0.048941 0.108769 -0.207143
0.005049 0.042557 -0.012586 0.010378 0.042835 0.019605
0.121567 0.123479 -0.057586 -0.013833 -0.019219 -0.001763
0.038376 0.086221 -0.122305 0.046536 -0.003001 -0.056766
0.063351 0.065467 -0.000424 0.121191 -0.091764 0.046035
-0.075719 -0.011948 -0.058277 -0.025280 0.008118 -0.008267
0.000002 0.001612 -0.033255 -0.015065 -0.021584 0.105198
0.084611 -0.063368 0.062941 -0.052683 -0.033120 -0.072388
0.050828 0.073404 0.023348 -0.123087 -0.040856 -0.178781
0.088132 -0.046101 0.047554 -0.072952 -0.026760 -0.126250
0.041991 -0.045107 -0.032755 0.036325 0.022464 0.031430
0.038853 -0.029919 -0.022245 0.056129 -0.039350 -0.011549
-0.096114 0.000148 -0.052788 -0.074361 -0.149908 -0.057031
0.116629 0.074972 0.032047 0.053617 0.043376 -0.019285
0.060464 -0.062044 -0.039644 0.085645 0.086186 0.086334
0.017699 0.025684 -0.006143 0.090388 0.004174 -0.004928
-0.104377 -0.003002 0.070824 0.082088 0.006638 0.091471
0.000678 -0.013943 0.001820 0.004351 -0.093426 -0.083885
-0.045674 0.034671 0.069610 0.015934 0.020301 0.011800
0.045099 -0.060324 0.016983 0.145285 0.171087 -0.088808
-0.009698 0.034469 -0.085739 0.069932 0.043535 -0.027819
-0.049424 -0.028405 0.002527 -0.156342 -0.146780 0.081090
0.087682 -0.140209 0.079532 -0.089402 -0.072404 -0.091993
0.133677 -0.116287 -0.097592 -0.115319 0.088707 -0.169940
0.016645 -0.051497 0.015178 0.097321 -0.018621 0.106306
-0.132740 -0.011128 0.133464 -0.078262 0.057799 0.038189
0.130166 0.029496 0.076675 0.159891 0.124904 0.010687
0.035355 -0.031751 0.029065 0.176065 -0.162666 -0.071896
0.002648 -0.006517 0.003990 0.063150 0.082360 -0.107977
0.014834 -0.094810 -0.055624 -0.033579 0.073691 -0.080726
0.012729 0.015156 0.035082 0.023472 0.050039 -0.019077
0.077101 0.082561 0.037708 -0.011410 0.024775 0.040278
0.014793 0.000630 0.153199 -0.034290 -0.142121 -0.006013
0.004170 -0.048599 -0.035635 0.003045 0.018229 0.004835
-0.101057 -0.071838 0.100757 0.008226 -0.004670 -0.002268
-0.015536 -0.004468 -0.018815 0.030196 0.084048 0.044686
0.084495 -0.061572 0.149355 0.140247 0.040729 0.068656
