-0.063011 -0.026678 -0.022336 -0.075919 -0.078482 0.102751
0.008596 0.007836 0.037838 -0.035145 0.047225 0.047795
-0.018996 -0.021207 0.044350 -0.038895 -0.013176 0.054002
0.095634 0.082711 -0.111870 -0.124325 -0.115600 0.140370
0.003223 0.004565 -0.001875 -0.180564 0.035330 -0.067340
-0.119365 0.041605 -0.061876 -0.029335 -0.025082 0.011901
0.007782 -0.006680 0.018368 0.071769 -0.024897 -0.125663
-0.030567 0.006970 -0.018549 0.003102 -0.003841 0.010905
-0.033955 0.023690 0.046165 -0.068634 -0.065444 0.126438
-0.073607 0.002981 0.055041 -0.060224 -0.114152 0.077968
0.030035 -0.089751 -0.005228 0.056846 0.009110 -0.098907
0.002833 0.002004 -0.006363 -0.139063 0.022570 0.045519
-0.028026 -0.090763 -0.063332 -0.123391 0.089076 -0.000302
-0.000228 0.011906 0.007068 0.118297 0.175857 0.202416
-0.081743 0.067789 -0.068818 0.134543 0.006901 0.090535
0.006076 -0.021833 0.002547 0.142213 0.076152 -0.126573
-0.030666 0.076698 -0.057809 -0.016020 -0.139695 0.024809
-0.012827 0.013966 -0.009983 0.059562 -0.063862 0.046824
0.033220 0.098365 -0.089202 0.028540 -0.042890 0.038419
-0.137069 -0.002668 0.018169 -0.085800 -0.011246 -0.059694
0.011759 0.010327 -0.017831 -0.109835 0.022910 -0.015428
0.092512 -0.026442 0.068294 -0.040225 -0.022195 0.028016
-0.057877 0.026024 0.056466 0.086901 -0.062327 0.095207
0.047205 -0.052900 -0.048716 -0.107233 -0.138498 0.154932
0.004271 0.011803 0.039704 -0.058865 0.053529 0.065514
0.000030 0.007460 -0.003615 0.018005 -0.015759 -0.017663
0.065610 0.093226 0.105451 -0.127263 -0.003000 0.099231
-0.013315 0.000816 0.008658 -0.017925 -0.013263 0.005317
-0.053337 0.028174 0.102698 0.109322 -0.015198 -0.018295
0.011125 -0.017533 -0.054230 -0.044749 -0.014301 0.021261
-0.098959 -0.048678 -0.073530 0.005938 -0.003738 -0.006884
0.064368 0.022198 0.038085 -0.012350 -0.024247 0.056601
-0.066558 0.028437 0.001002 -0.057839 0.012655 0.094488
-0.029308 -0.032547 0.010493 0.062722 -0.076166 -0.081576
0.001696 -0.024572 -0.004815 0.004293 0.008557 0.092786
0.009693 0.091513 -0.073497 -0.019365 -0.024870 0.015288
-0.005852 0.002665 -0.003831 -0.061396 -0.094304 0.031517
-0.064870 -0.018685 -0.099170 -0.048994 0.026528 -0.019990
-0.043848 -0.027171 0.042105 0.120179 -0.151257 -0.157286
0.037772 -0.062716 0.142380 -0.081094 0.187889 -0.190548
-0.008229 -0.008431 0.011214 -0.043291 0.065170 0.056343
