-0.004022 0.002768 -0.005392 0.004007 -0.121203 -0.015875
-0.066788 -0.033852 0.001100 -0.003351 -0.111237 -0.028359
0.030027 -0.032589 -0.026611 -0.079757 0.052236 0.041593
0.034220 -0.025962 -0.046399 0.000294 0.000940 0.000766
0.004079 0.064756 -0.019027 -0.110834 -0.038285 -0.151823
0.005896 0.093120 0.040255 0.061288 0.153564 -0.068132
0.000851 0.017556 -0.004629 0.002496 0.090217 0.061038
-0.051159 0.037363 -0.078684 0.103675 0.094085 0.033230
0.037060 0.053619 0.068604 0.210189 -0.172322 0.190826
0.007946 0.030534 0.029459 -0.029833 -0.095207 0.132720
0.057303 -0.077877 0.019424 0.015285 0.012899 0.003308
0.025894 0.043728 0.047492 0.005312 -0.035933 0.011326
-0.009728 0.009035 0.002556 0.014364 -0.033227 -0.046119
-0.019426 -0.030981 0.013248 -0.077561 0.038560 0.058451
0.030342 0.027874 0.022117 0.017356 0.053228 -0.022560
-0.109008 -0.130937 -0.028833 -0.033770 0.053681 0.022452
-0.078805 -0.103394 -0.148018 -0.001894 0.030492 -0.049164
0.009813 0.008665 0.012774 -0.051706 0.096465 -0.050621
-0.075487 -0.083747 0.005252 0.002555 0.017727 0.020478
0.030511 0.022527 0.016851 0.030665 0.011842 -0.046187
-0.019845 0.014851 -0.024321 -0.014827 -0.000329 -0.049498
0.061663 0.069831 0.004887 -0.146523 -0.139557 0.176574
-0.010461 0.096952 -0.072789 0.003583 -0.085332 -0.126290
-0.001601 0.016844 -0.034130 -0.084087 0.207265 -0.067879
-0.000137 -0.003144 0.000169 -0.002106 -0.003584 0.002755
0.055866 0.072704 0.078247 0.102237 0.069246 0.088798
0.000405 0.000883 0.000471 -0.009797 -0.061334 -0.025712
0.059033 0.079799 0.077888 0.033926 0.167526 0.019044
0.027858 -0.143744 0.005313 0.109724 0.218721 -0.080844
-0.001888 -0.003409 -0.003651 -0.182349 -0.095467 -0.207247
-0.038366 -0.049060 0.114218 0.086019 -0.098702 -0.037140
-0.049744 -0.002014 -0.023001 -0.029446 -0.015970 0.053478
0.026301 -0.015265 0.013629 0.059150 -0.099784 0.184013
-0.101629 0.022733 -0.071791 -0.023661 0.008616 -0.028803
0.014022 0.014342 0.014814 -0.000642 -0.023143 0.018509
0.003617 -0.009517 -0.017398 -0.027268 0.023139 -0.109895
-0.032962 -0.007963 -0.011295 0.207444 0.208860 0.155286
0.044620 0.025444 -0.003718 -0.185983 -0.195333 -0.121969
0.016979 -0.002066 -0.023324 0.000440 0.000485 0.000288
-0.026573 0.075136 0.047998 -0.140055 0.122773 -0.171219
