-0.038618 0.083095 0.058144 -0.032598 -0.023026 0.035026
-0.089374 -0.060128 -0.001283 -0.017887 0.014404 0.018209
-0.045874 -0.077697 -0.138681 -0.063439 -0.013492 0.001398
0.087227 0.066218 0.034317 0.029212 -0.010174 0.038792
-0.025759 -0.110948 -0.007166 -0.017463 0.008793 0.012889
0.044314 -0.033641 0.091242 -0.033427 -0.028246 -0.054013
0.034793 -0.007554 0.060166 0.029560 0.034631 -0.038663
0.072561 -0.102126 0.042343 0.149174 -0.033019 -0.035778
-0.071514 -0.016487 -0.025510 0.142917 0.030298 0.097626
0.020138 -0.025404 0.009370 0.072312 -0.081103 -0.001670
-0.133138 0.063340 0.035783 0.083713 -0.061968 0.011292
-0.031540 0.023674 0.076927 0.073771 0.008391 -0.021047
0.015067 -0.022581 -0.006414 0.008340 -0.018303 0.018390
0.065966 0.011251 0.008966 0.166610 -0.062580 -0.073724
0.010808 -0.053257 -0.039625 -0.053473 0.234476 -0.090998
0.003129 0.035495 -0.013290 0.003027 -0.009543 0.003115
-0.020635 0.015010 -0.028860 0.003398 0.001880 -0.000224
0.101798 0.087794 0.004903 0.000446 0.006990 0.003097
-0.097012 0.041985 0.127223 -0.031200 -0.086151 0.071731
0.024446 0.031104 -0.039278 -0.047546 0.076514 -0.026735
-0.024218 -0.009244 0.000786 0.000630 -0.034010 -0.016943
0.045122 0.010604 -0.009310 0.017091 -0.188344 -0.035614
-0.014850 -0.011300 -0.031778 0.076479 0.094137 0.098399
-0.040520 0.017981 0.065545 -0.018202 0.006473 -0.049592
0.023793 0.010788 -0.019356 0.002085 0.000782 0.003413
0.151757 0.158513 -0.048784 -0.048068 0.219567 0.090720
0.003802 0.099819 -0.038778 0.222344 -0.012383 -0.184554
0.011568 0.004059 0.013602 -0.108054 -0.127941 0.023231
0.047009 0.133862 0.114347 -0.053665 -0.017576 0.030121
-0.062550 0.055167 -0.018137 0.182418 -0.054071 0.145029
-0.090335 0.028957 -0.023500 -0.014241 -0.038838 -0.025507
-0.055726 -0.075480 -0.047657 -0.049223 0.028132 0.002068
0.008866 0.052482 0.050745 -0.111215 0.156518 -0.111934
0.000812 0.002887 -0.002607 -0.022113 0.011299 -0.002040
-0.009558 0.006537 -0.013831 -0.060191 -0.090608 -0.033790
0.082591 0.012074 -0.032274 -0.178636 0.121466 -0.034967
0.143948 0.075217 0.135675 0.025953 0.021758 0.003143
0.025088 -0.005796 0.030230 -0.013924 -0.044131 0.020057
0.013781 0.010105 0.036260 -0.063397 -0.033481 0.057223
