0.077818 -0.068087 -0.039036 -0.166625 0.094249 0.036861
-0.115917 0.000441 0.126852 -0.082612 0.086078 0.036202
0.066645 -0.073257 0.001847 0.003819 -0.011659 0.003274
-0.000483 -0.003547 0.003455 0.216768 0.154004 -0.175606
0.000398 0.005199 -0.009970 0.056571 0.005101 0.030007
-0.025418 0.008957 0.020084 0.087758 0.095080 -0.085141
0.035743 -0.076801 0.154719 0.112717 -0.101830 0.007456
-0.014160 -0.058911 -0.044991 -0.081639 -0.027568 -0.003112
0.021657 0.000001 -0.002986 -0.000885 -0.001166 0.000597
-0.036544 -0.023020 -0.073959 0.177070 0.110702 0.101925
-0.015488 0.011407 0.016672 0.027762 0.052609 -0.002583
0.065032 -0.049198 0.036858 0.003706 0.010589 -0.052966
-0.039162 0.037745 0.045653 -0.123132 0.023022 -0.062537
0.125994 0.117231 0.101849 -0.002345 -0.013034 0.010065
0.002225 0.052517 -0.040892 0.042766 -0.021348 0.055007
0.031373 -0.023157 -0.001210 0.064738 -0.064574 -0.063755
-0.088786 -0.026673 -0.053643 -0.062400 -0.043090 -0.031444
-0.020939 -0.039641 -0.055834 -0.005717 -0.017473 -0.036854
0.007915 0.078886 0.110705 -0.034313 -0.030966 0.088472
0.071069 -0.063126 -0.120447 -0.049426 -0.113701 0.071236
0.041991 0.062028 -0.095039 -0.002707 0.018480 0.014459
0.019095 0.045023 0.003226 0.044548 -0.035900 0.033078
-0.097428 0.132589 0.069056 0.096349 -0.071935 0.120208
0.049445 -0.050497 0.043453 0.108476 0.000902 0.065907
-0.036402 0.052732 -0.022580 -0.067173 -0.170862 0.044175
0.085518 0.028419 0.037611 0.010373 -0.023724 0.019225
-0.024290 0.065058 -0.066014 -0.150636 0.135231 0.156695
-0.164113 -0.066894 0.136422 0.047783 -0.134033 0.083277
-0.029781 0.035556 -0.041823 0.030882 0.052582 0.065254
0.043147 0.034424 0.020305 0.006521 -0.003791 -0.001736
-0.067263 -0.107525 0.004954 0.024435 0.006281 0.061398
-0.095119 0.133308 -0.155810 -0.009352 -0.001508 0.002617
0.000747 0.001667 0.000838 -0.012181 0.031297 0.004999
0.026070 -0.073561 0.073542 -0.183747 -0.015542 -0.081356
-0.004747 -0.025933 0.027397 0.008796 -0.012242 -0.105634
-0.042129 -0.007324 0.094758 -0.033411 -0.014396 -0.052735
-0.085512 -0.087275 0.020060 0.048722 -0.013126 0.030566
-0.009268 0.015948 -0.058071 0.038922 -0.120640 0.033568
0.002392 -0.035566 -0.039312 0.040992 -0.031541 -0.032616
