0.050627 -0.054872 -0.043932 -0.049045 0.037880 0.156511
0.032896 -0.118475 0.133373 -0.201025 0.171472 0.215449
0.035257 0.028964 -0.050468 -0.118638 -0.162302 0.015229
0.002274 -0.000320 0.001894 -0.090230 -0.004172 0.001193
-0.012999 -0.020358 0.023910 0.143143 0.005190 0.100307
-0.032794 -0.045497 -0.033779 -0.108018 -0.000086 0.032172
-0.006961 -0.011305 -0.005473 0.025713 -0.001004 0.058567
-0.022752 -0.014033 0.013020 -0.003987 -0.017346 0.008564
-0.002201 -0.004969 0.013128 0.003047 -0.164387 -0.038898
-0.029385 0.002131 -0.007016 -0.019498 -0.145247 -0.041774
0.046437 0.008811 -0.057369 -0.003541 0.010544 0.082720
0.058879 -0.092890 0.048618 0.003025 -0.009439 0.006508
0.111186 0.077285 -0.078746 0.135364 -0.131682 -0.054283
0.008455 -0.001135 0.003686 -0.186100 0.141042 -0.120075
-0.024135 0.045477 0.060897 0.123097 0.101608 0.026615
0.026917 0.000831 0.032188 -0.083315 -0.001050 -0.094789
-0.037264 0.021561 0.116668 -0.004667 -0.003338 -0.001676
-0.000705 0.004844 0.006204 0.032243 0.158243 -0.012885
-0.005876 0.001925 0.001390 -0.008509 -0.034020 0.065455
-0.071195 0.069331 -0.055979 0.002913 -0.019921 -0.021407
-0.003017 -0.004585 0.027016 0.064889 0.013457 0.064426
0.026439 -0.000679 0.000533 -0.010395 0.065101 -0.220339
-0.067005 -0.008647 0.012074 -0.076136 0.106196 -0.064922
0.050965 -0.051319 0.032882 -0.006421 0.000527 -0.000525
-0.045917 -0.029344 0.107954 -0.041176 0.033165 -0.043907
0.029447 0.145107 -0.109192 -0.036768 0.057411 0.037880
-0.030978 -0.035873 -0.045307 0.018967 0.056447 -0.055888
-0.123070 0.153300 -0.077331 0.143149 0.013980 0.058276
-0.134425 -0.101065 -0.031636 0.041931 0.082481 -0.067888
0.088390 0.002067 0.167623 0.058291 -0.037684 -0.003370
-0.037297 0.123806 0.091289 0.035299 0.068304 0.059503
0.027609 -0.090409 -0.094213 0.059991 -0.016337 0.054774
0.011260 -0.010318 -0.025543 0.024548 0.054895 0.086252
-0.056136 -0.127976 -0.133576 0.000163 0.001525 -0.000951
0.028502 0.136065 0.051414 -0.110654 0.066470 0.081367
0.069302 -0.124319 0.043049 0.159213 -0.033233 -0.100268
-0.017908 0.055234 0.024285 -0.045479 0.064421 0.076716
0.000020 -0.016274 0.021334 0.002828 0.098730 0.073311
0.143496 0.087730 -0.094376 0.050735 -0.083812 0.094751
-0.085727 0.067403 0.021668 0.050760 -0.131181 0.039771
