-0.010639 0.043809 0.044286 0.014092 0.138177 -0.189027
-0.003782 0.073266 -0.019405 0.071424 0.188831 -0.164253
0.023272 0.043206 0.015026 0.050521 -0.057604 -0.078050
0.001639 -0.083107 -0.034198 -0.178631 -0.022271 0.048596
-0.052509 -0.061280 -0.044450 0.106202 -0.088179 0.051912
0.000540 -0.027447 -0.026396 0.084804 -0.174530 -0.090162
-0.083430 -0.102495 -0.123532 0.054212 0.019454 -0.059252
0.014825 0.107966 0.123111 -0.088622 -0.054449 -0.022194
0.029863 -0.006437 -0.030295 -0.092540 -0.111877 0.090182
-0.020134 -0.013431 -0.030458 0.055995 0.034405 -0.136752
0.064952 0.163158 -0.065511 -0.119816 0.019453 0.146419
0.027784 -0.029374 -0.014752 0.030484 -0.043232 -0.035967
0.010505 0.004516 0.009361 -0.036362 0.037386 0.024142
-0.081200 -0.052880 -0.023094 0.175857 -0.120503 0.030235
0.057052 -0.060723 0.019325 -0.017724 -0.022096 -0.017761
0.026024 0.018765 0.022863 -0.233871 -0.057296 0.041858
-0.006704 0.019911 -0.000212 0.073728 0.194008 -0.032019
-0.008025 0.009436 -0.014718 0.012867 -0.010739 -0.011812
-0.005216 0.031400 -0.027956 0.007765 -0.019148 0.042064
-0.024687 -0.003913 0.067116 0.033365 -0.160791 0.062383
0.046881 0.033095 0.021586 0.016589 0.056725 -0.112639
-0.014647 0.101029 -0.043261 -0.006095 0.026945 0.022547
0.055948 -0.064336 0.000718 -0.221668 -0.202786 0.002166
-0.041650 0.063471 -0.033050 0.074427 -0.000301 0.079424
-0.029914 0.021855 0.005108 -0.022751 -0.019277 0.012402
0.155989 -0.022415 0.118685 0.068628 -0.182551 0.047413
0.028303 0.121238 0.035557 0.014718 0.003579 -0.007120
0.032330 0.063933 0.053095 0.026220 -0.081352 0.046471
0.111548 -0.062516 0.017116 0.032281 0.033350 -0.093730
-0.130064 -0.064291 -0.009247 0.027400 -0.012446 -0.115299
-0.049054 0.086688 -0.068213 -0.003036 0.003159 0.001596
-0.005180 -0.029475 -0.039173 0.105385 0.107054 0.086068
-0.074041 -0.098364 0.078551 0.060077 -0.125883 -0.163837
-0.013733 0.045562 0.005731 0.021392 0.043725 -0.000535
-0.093516 -0.087267 0.031731 0.119753 0.062056 -0.092960
-0.114089 -0.046975 0.036469 0.003470 0.004111 -0.018268
0.023183 0.024484 -0.028031 0.187583 -0.158273 -0.189283
-0.094196 0.053354 0.019490 0.001584 0.004882 -0.025392
-0.038258 0.036605 -0.022641 0.017018 0.019712 0.026308
0.093401 -0.023718 -0.048505 0.150282 0.045886 0.181744
-0.008052 -0.021651 0.019389 0.132012 0.069159 0.071986
