-0.141523 0.085893 0.106453 -0.004055 0.004445 -0.001931
-0.114175 -0.102540 -0.019322 -0.032339 -0.014604 -0.046959
0.055212 0.108921 -0.117395 -0.083115 0.004074 0.019522
0.038552 -0.003236 -0.009738 0.011704 0.011943 -0.019610
-0.013310 0.034482 0.024410 -0.021722 0.011178 0.003977
0.012116 -0.112279 -0.010030 -0.161498 0.157360 -0.032947
-0.022409 -0.027540 0.009562 -0.116502 -0.084895 -0.035236
-0.033400 -0.126834 -0.109967 -0.040572 0.007141 -0.023118
0.080227 0.078207 -0.058947 -0.049896 0.075985 -0.035100
-0.070090 0.084059 -0.029465 -0.002079 -0.066890 -0.016233
-0.003038 -0.011137 0.018089 -0.116958 -0.100560 -0.119466
-0.050050 -0.048914 0.020652 -0.061840 0.038987 0.078512
0.010958 0.012311 -0.006529 0.137244 -0.113900 -0.174014
-0.059368 -0.065366 -0.072818 -0.024885 0.126964 0.008550
-0.060611 0.026425 -0.030538 0.148278 0.124233 0.115386
-0.055543 0.009019 0.045765 -0.002708 0.005665 -0.020546
-0.000096 -0.001890 0.001236 0.028248 0.063299 -0.112557
-0.087927 0.101361 -0.110711 -0.048137 -0.038951 -0.003340
0.151563 -0.040460 0.153537 -0.035208 0.080380 -0.114011
0.017441 0.027452 0.006716 0.146440 -0.075505 0.099083
-0.041785 0.007516 0.058616 0.104034 0.101132 -0.052568
-0.050789 0.016130 0.008617 -0.042467 -0.032819 -0.055139
0.021612 -0.022137 -0.023648 -0.046389 -0.053583 0.068717
0.006941 -0.007286 -0.008835 0.152655 0.065739 0.001042
0.017034 0.060019 -0.056811 -0.059015 -0.047388 0.133535
-0.006577 -0.053410 -0.015765 -0.128621 -0.018794 -0.136961
-0.012577 0.027396 0.015986 -0.009681 -0.020012 -0.026873
0.037666 -0.049037 0.107562 0.018709 -0.031744 0.013224
-0.040938 -0.066363 -0.049514 0.000580 -0.000099 0.000214
-0.007898 -0.018305 0.017009 -0.032232 0.053026 0.078066
-0.001979 -0.013799 -0.025138 -0.023926 -0.052684 0.051421
0.152264 0.160211 -0.104743 0.066993 0.047985 0.008382
0.060905 -0.006611 -0.027090 0.065783 0.051063 0.028743
0.050903 -0.106940 -0.125088 -0.047424 0.039469 0.138985
-0.007909 0.063007 0.069340 -0.057329 -0.139797 -0.131414
0.136073 0.082194 0.039918 -0.004105 0.067017 0.014020
0.003141 -0.013437 0.018248 0.210107 0.064809 0.098810
0.095069 -0.099098 -0.109213 -0.201524 0.128095 0.151162
-0.030182 -0.079866 -0.043785 0.024627 0.058323 -0.139814
0.054253 -0.012298 0.056433 0.212412 -0.029415 -0.228438
