0.044161 0.004641 -0.058436 -0.044353 0.076379 0.039826
0.116927 -0.031342 -0.040645 -0.084250 0.085883 -0.010430
-0.001382 -0.002147 0.001459 -0.058891 -0.116168 0.141919
-0.022759 0.033098 -0.025687 0.054654 -0.044498 0.079130
0.069399 0.080338 -0.085509 -0.013226 -0.000947 0.004962
0.026917 -0.051612 0.043551 0.067874 -0.050779 0.038360
-0.075691 0.051891 -0.067897 -0.001183 0.003565 0.000164
-0.009503 0.026091 -0.053242 0.049402 0.104198 -0.056681
0.124887 -0.037717 -0.030511 -0.053269 -0.048450 0.103730
0.071502 0.101287 -0.032140 0.106995 -0.192945 0.189741
0.013165 -0.006015 0.008971 0.021960 -0.022848 -0.004400
-0.002259 -0.004158 -0.000856 0.011552 0.034599 0.025826
-0.064598 0.065285 -0.051721 0.029354 -0.039773 0.112265
-0.022596 -0.025596 0.066917 0.153453 0.109820 0.079058
-0.054586 -0.055936 -0.037246 0.055565 0.091194 0.110652
-0.000931 0.001125 -0.000311 -0.035366 0.062889 0.046855
0.007163 0.011928 -0.012554 0.074048 -0.062684 -0.059867
-0.033595 0.009517 -0.030597 0.130793 0.079146 0.159808
0.036620 0.048842 0.013008 -0.000007 0.000008 0.000008
0.068195 0.122841 0.042301 0.023252 0.098059 -0.088598
0.006800 0.004461 -0.011142 0.005303 -0.002725 -0.000010
-0.056134 -0.045010 -0.057584 -0.011412 -0.012536 -0.000070
0.077476 -0.053316 0.022320 0.016126 -0.004886 -0.022506
-0.015452 0.005747 0.016949 0.062720 -0.028520 0.070213
-0.069388 0.146993 -0.026465 0.003362 -0.002456 0.003913
-0.054855 -0.009132 -0.014677 -0.053883 -0.032308 0.128413
0.057401 0.079966 0.049215 -0.020509 -0.004847 0.013288
-0.000609 -0.008376 0.008207 -0.191543 -0.168783 0.169582
-0.000233 0.000877 -0.000769 -0.100580 -0.199911 0.176817
-0.077260 0.069259 0.061215 0.062769 0.061682 -0.134831
-0.033925 0.030945 -0.002719 -0.016788 0.012894 0.000232
0.011365 -0.002552 -0.004072 0.208161 0.192699 0.081690
-0.011783 0.003513 -0.017205 0.059881 0.048133 0.041671
0.083127 -0.032085 0.024242 -0.025862 -0.080322 -0.039072
0.019618 0.013216 -0.037652 0.009266 -0.187781 0.147070
-0.010802 -0.013113 0.038547 -0.167918 -0.148627 0.076905
0.021194 -0.018939 0.011008 -0.019843 0.000694 0.005693
-0.000497 0.000807 -0.001863 0.144130 0.053797 0.082570
0.042851 -0.010283 0.049318 -0.040430 -0.176133 0.145890
-0.035934 -0.065446 -0.018249 -0.161672 0.022472 -0.130658
0.056521 0.004795 0.023176 0.066906 0.042139 -0.073534
