-0.000104 0.016048 0.012793 0.033306 -0.033252 0.031499
-0.036740 -0.059210 0.043186 0.001887 -0.028889 0.015307
-0.009454 -0.007390 -0.003914 -0.141948 0.072621 -0.072902
-0.077514 0.075553 -0.046900 -0.119514 0.132237 -0.009283
-0.138085 -0.132432 -0.108162 -0.051274 0.022404 -0.031192
0.011453 -0.059798 0.022941 -0.132312 0.115490 -0.116986
-0.060131 -0.002904 -0.023644 -0.018021 -0.027221 0.032190
-0.035324 0.076082 -0.040225 -0.019693 -0.174941 0.117380
0.020385 0.040711 0.029549 0.180037 0.070262 -0.023335
0.054264 -0.011956 -0.066170 -0.086665 -0.015498 0.050805
-0.024024 0.030907 -0.029522 -0.162777 -0.243564 -0.007190
-0.034244 0.118783 -0.026658 0.036001 -0.072552 -0.077675
-0.045715 0.053587 -0.014017 -0.113379 -0.025242 0.128480
0.035844 0.039034 -0.027326 0.059137 0.012685 0.001176
-0.055606 -0.008164 -0.045542 0.187792 0.036601 -0.028990
-0.047537 -0.081389 0.045121 -0.095553 0.126455 -0.118750
-0.104689 0.072473 0.125074 -0.024529 0.016846 0.008747
0.052118 0.062110 0.017758 -0.000687 -0.001881 0.000231
0.037945 0.053305 0.012091 -0.000878 -0.002736 -0.002359
0.071911 0.106651 -0.000080 -0.128402 -0.226569 0.122754
0.143337 0.040370 -0.101660 0.001055 -0.048804 0.033537
-0.038776 0.012994 -0.040354 0.024133 0.007770 -0.010358
-0.031982 0.032932 0.026751 -0.067823 0.063850 0.192860
-0.006887 0.012697 0.008621 0.008811 -0.033984 -0.012209
0.094812 0.031274 0.047455 0.012385 0.028873 0.029307
-0.120714 0.055793 -0.130050 0.155631 -0.094603 0.023139
-0.087855 0.063313 -0.056283 0.004905 0.021867 0.006206
0.092506 -0.030161 0.062052 -0.056180 0.058522 0.144740
0.004545 0.000634 0.004430 0.037843 0.079093 0.146439
-0.077068 0.064901 0.038452 -0.003384 -0.036679 0.088145
0.101984 0.123300 -0.027855 -0.107668 0.183052 -0.044318
0.012993 -0.030538 0.025680 0.057009 0.006419 0.009175
-0.000129 -0.015161 -0.018180 0.061566 -0.033218 -0.070377
0.019120 0.068273 -0.067869 0.021183 -0.139269 -0.110645
0.007884 0.008591 -0.010558 0.095389 0.014389 -0.033706
0.076442 0.014821 0.126622 0.152920 0.003752 0.119899
0.029053 0.019270 -0.013431 0.014175 0.127502 0.115735
-0.144902 0.115744 0.000360 -0.002966 -0.022408 0.020708
0.000281 0.000218 0.000092 -0.090493 -0.006296 -0.017940
0.108149 -0.035767 0.057772 0.219915 -0.229134 0.003138
