-0.016641 0.021833 0.042934 0.077321 -0.052139 0.029812
0.104335 -0.078104 -0.028177 -0.016032 0.052536 -0.013039
-0.036848 0.047829 0.041351 -0.037935 0.043982 -0.037229
-0.038569 0.003982 -0.040708 -0.133777 0.112783 0.165384
-0.018892 0.002907 0.071844 0.126129 0.129966 0.029403
0.054479 -0.052487 -0.047744 -0.048423 0.053829 0.015578
0.007509 0.142739 0.140296 0.037689 -0.048320 -0.027388
0.145633 0.100683 -0.032999 -0.025866 -0.071162 -0.162590
0.023736 0.021001 0.032306 0.014564 0.027633 -0.009756
-0.086121 -0.132595 0.062422 -0.021331 -0.013855 0.083504
0.055986 -0.160772 -0.086144 -0.150833 0.080982 -0.014497
0.021355 0.004837 0.013331 0.143887 -0.166731 0.049984
-0.070537 -0.017571 0.015255 0.061874 -0.045433 0.060216
-0.010004 -0.011121 0.008691 -0.039837 0.045163 -0.027183
0.011110 0.011466 -0.010307 -0.162622 0.188634 0.053425
-0.006572 -0.011665 -0.049457 0.089882 -0.096335 0.108769
-0.065865 -0.067485 -0.052503 -0.021457 -0.024812 0.006004
0.022487 0.006633 0.024288 -0.005311 -0.002036 0.001211
0.034491 -0.050680 0.043376 -0.033179 -0.001553 0.013466
0.054510 -0.062614 0.046936 0.046872 -0.054703 -0.116111
-0.003809 -0.023603 0.009946 0.082720 0.057160 0.032181
0.050002 0.118479 0.076428 0.003671 -0.001360 -0.001184
-0.040778 -0.006907 0.041574 0.029516 0.021417 0.029129
0.080001 0.014319 -0.077591 -0.021627 0.049061 0.006906
0.063174 0.010107 0.030844 -0.119652 0.051439 -0.153427
0.011935 0.024176 0.005979 -0.053023 0.050424 -0.039318
-0.053429 0.033242 0.041284 -0.078234 0.067242 0.036016
-0.032523 0.030704 -0.108859 0.021105 -0.145576 0.132088
0.013967 0.005824 -0.008496 0.049686 0.032729 -0.062796
0.078379 0.020954 0.119819 0.013194 -0.004445 0.047092
0.054585 -0.026814 0.031213 -0.138965 -0.092408 -0.060477
-0.008732 0.012055 -0.019857 -0.045523 -0.023129 -0.010264
0.072495 -0.084413 0.103611 0.000379 0.046907 0.036984
0.002735 0.000706 -0.002220 -0.035981 0.132968 0.146418
0.033995 -0.056588 0.149947 0.060446 0.102002 0.110443
0.042256 -0.058991 -0.120779 0.035551 0.011338 0.009436
-0.001181 -0.003006 -0.008848 -0.164557 -0.015275 -0.096841
-0.021225 0.008909 0.023128 -0.071532 -0.090848 -0.072930
0.168522 -0.005449 0.128785 0.057684 -0.078810 -0.180580
-0.008365 0.037615 -0.036340 -0.009723 -0.019033 -0.005695
