0.083391 -0.088350 -0.090640 -0.022698 -0.044919 0.062181
-0.102074 0.079805 -0.082424 0.015230 -0.013428 -0.027954
-0.073421 0.036166 -0.017269 0.059337 0.026970 -0.050087
-0.003018 0.002247 0.002296 -0.118308 -0.084896 0.039388
0.103179 0.080746 -0.099723 -0.048676 -0.006660 0.031973
-0.014253 -0.012724 -0.031487 0.025408 0.005509 0.004940
0.010589 -0.006132 0.005201 0.048891 0.081272 0.162182
-0.088259 0.155536 0.122299 0.020309 0.040973 0.060484
0.086779 0.061542 0.105249 -0.160160 -0.091520 0.106883
0.042711 0.022324 -0.029456 0.050268 -0.138932 0.075851
0.039844 -0.047312 0.035019 -0.219040 -0.083890 0.129238
-0.011300 -0.007906 -0.078512 0.000062 -0.019260 0.013909
-0.041397 0.017860 -0.038582 0.010837 -0.016351 -0.129421
0.052259 0.020679 -0.124958 -0.009748 0.001987 -0.014835
0.053274 -0.042917 -0.035218 0.025685 -0.089362 0.102375
-0.060823 0.065298 -0.162960 0.103034 0.093079 -0.010757
-0.048161 0.026894 -0.020248 -0.070284 -0.028246 -0.007363
-0.031839 -0.150763 0.017017 -0.144502 0.128075 0.059324
0.081744 -0.062695 0.013275 0.063220 -0.078990 -0.042913
0.002768 -0.020665 0.078713 0.042726 -0.004852 -0.114102
0.005996 0.004426 -0.000724 0.092264 0.052056 -0.005969
-0.001830 0.046879 0.005021 0.205766 -0.206861 -0.187779
0.035466 0.127195 0.110817 0.044793 0.189840 0.117778
-0.010145 -0.022636 0.007281 -0.082843 0.109604 0.080954
-0.038302 -0.055773 0.038509 0.011068 0.093096 0.030889
-0.098482 0.117282 -0.109467 0.003244 -0.017078 -0.037189
-0.085494 0.060367 0.008102 -0.025896 -0.004218 -0.030053
-0.073791 0.064262 -0.109999 0.091723 0.071501 -0.198825
-0.056022 -0.097884 -0.052063 -0.161609 0.147165 -0.097011
-0.074381 0.074205 -0.037647 0.001461 -0.091409 -0.035075
0.016752 -0.044378 -0.022620 0.115186 0.060655 0.109806
0.050637 0.014107 0.033467 -0.013610 -0.151638 0.001364
0.002264 -0.005647 0.004161 0.122737 0.048131 0.042338
0.045906 0.016933 0.045134 0.021341 0.083586 0.049228
-0.003887 -0.005338 -0.006553 -0.022802 -0.077813 0.116167
-0.023895 -0.014945 -0.085894 -0.006166 -0.008755 0.003886
-0.031650 -0.029804 0.089255 -0.007427 -0.008854 -0.008774
-0.006957 0.078984 0.009385 0.038473 -0.116671 0.164456
0.028938 0.046798 -0.074748 -0.000488 -0.021582 -0.030173
