-0.020200 -0.075473 -0.001839 -0.186120 -0.182431 -0.191149
0.038476 0.022131 0.066740 0.051314 0.094601 -0.112731
0.122185 0.053260 -0.124502 0.141868 0.154022 0.028034
-0.052877 0.051665 0.102509 -0.080121 -0.087892 -0.048526
-0.008316 -0.103847 0.057481 -0.101029 0.048726 0.126045
0.000643 -0.073934 0.143972 0.100863 -0.066471 -0.059841
-0.006686 0.109254 -0.037190 0.002147 -0.004688 0.014926
0.106114 0.002506 -0.062471 -0.157680 0.079214 0.000052
0.002124 -0.002429 -0.000216 0.206409 -0.077199 0.090764
0.007106 -0.004653 -0.018313 0.015075 -0.042279 -0.047247
-0.006403 0.016805 -0.002474 0.138436 -0.102233 0.166070
-0.027096 -0.025314 -0.050190 0.008342 0.005116 0.031796
0.103763 -0.155019 -0.070831 -0.010866 -0.011420 0.015459
0.017700 0.093139 -0.083336 0.034146 0.107783 0.145610
0.011446 -0.055980 0.057542 0.018063 0.011570 -0.001139
0.060486 0.049860 -0.035248 -0.138359 -0.062571 -0.018737
-0.040841 -0.030470 -0.017683 0.014140 -0.107106 -0.071793
0.026200 -0.008847 0.050149 0.148866 -0.123287 0.014557
-0.155056 0.007545 -0.139926 0.016590 0.006318 0.008576
-0.031886 -0.024217 0.003799 0.016544 0.013133 0.010623
-0.104153 -0.014082 -0.050066 -0.084279 -0.200947 0.159922
-0.050716 0.080998 -0.035042 -0.072805 -0.054932 -0.062827
-0.164324 0.117627 -0.170674 -0.014145 0.043667 0.073834
-0.002566 -0.033328 0.021836 0.022978 -0.106446 0.035490
0.022704 -0.007584 -0.018572 -0.028705 0.022196 -0.039559
-0.026587 -0.025968 0.014281 0.000532 -0.003289 0.002426
-0.051710 -0.026162 0.060681 0.091777 -0.016000 -0.007302
-0.028980 0.000574 -0.010155 -0.000054 -0.000852 -0.000883
0.017102 -0.010986 0.026912 0.000633 0.028821 0.019103
0.022935 -0.044346 0.014907 0.142695 0.166485 0.068888
-0.003003 -0.003165 -0.053303 -0.095813 0.033875 -0.073243
0.064138 0.020853 -0.003957 -0.020026 -0.069424 0.061670
-0.058612 0.107750 -0.097995 -0.024183 0.021751 0.016296
0.016037 -0.033556 -0.028387 0.001535 0.001820 0.000444
0.000797 0.000563 -0.000360 -0.040947 0.040516 0.078232
0.002844 -0.000551 0.002291 0.123156 -0.124062 0.068525
-0.070780 0.040458 -0.021486 -0.059114 0.143566 -0.067043
0.060561 -0.084926 0.009561 -0.036455 0.052131 -0.160830
-0.051877 0.061692 -0.113661 0.038794 0.121901 -0.033616
-0.132381 0.054485 -0.009128 -0.125804 -0.130334 -0.115165
