-0.102917 0.089604 -0.069438 0.168284 -0.027478 0.072477
-0.006119 0.008106 0.066968 -0.034263 0.033347 -0.025385
0.010640 -0.016696 0.022931 -0.105836 -0.083878 0.204809
-0.016256 0.002231 0.015681 0.011599 -0.038801 0.007720
0.148102 -0.039580 -0.113966 -0.056655 0.000552 0.045346
0.005099 0.008952 -0.006191 0.021945 0.043627 -0.173986
-0.017971 -0.069067 0.043370 -0.031623 0.094806 -0.113809
0.033661 0.078390 -0.054258 -0.059788 0.080310 0.030936
-0.148596 -0.064827 -0.120391 0.010636 -0.018545 0.010773
-0.007768 0.011718 -0.026825 -0.037421 0.033844 0.133973
-0.002760 -0.057850 -0.041901 -0.196354 0.055162 -0.180567
-0.012248 -0.005956 -0.008864 0.081750 0.032754 0.012259
0.021858 0.086809 0.107076 -0.054924 0.060253 -0.083008
0.001693 -0.000036 -0.000957 0.034457 0.151607 -0.135723
0.004706 -0.003969 0.005009 -0.000442 0.000364 0.000270
-0.027929 -0.021650 0.007695 0.001493 0.090214 -0.025898
-0.065261 0.029562 0.138057 0.023355 0.040679 -0.013581
0.065692 0.140778 -0.060923 0.036744 0.042006 0.028616
-0.069595 -0.018505 -0.029352 -0.052776 0.178174 -0.109782
-0.067839 -0.009575 0.139330 0.081000 0.038549 0.176898
-0.025526 0.026151 0.021633 -0.117428 0.027620 -0.084687
0.022353 0.010413 -0.014259 0.107817 0.068643 -0.157968
0.013890 -0.015852 -0.020658 -0.002005 0.009100 0.013698
0.108493 0.096201 -0.083878 0.126537 0.073024 0.030555
0.098455 0.025134 0.031070 0.055533 -0.100205 0.078307
0.101567 -0.005533 -0.033514 -0.006053 0.027689 0.012347
0.012638 -0.005200 -0.004833 -0.008428 0.105454 -0.088459
-0.038317 0.093526 0.045339 0.050796 0.072254 -0.055020
-0.006640 -0.000817 0.002867 0.042903 -0.117534 -0.060492
-0.041558 0.019905 -0.054411 0.085652 0.097511 -0.160654
-0.003439 -0.013839 -0.030116 0.065011 0.018055 0.180185
0.084724 0.025655 0.044129 -0.232036 -0.057415 -0.135569
-0.007076 0.001713 0.002881 -0.080396 -0.021053 -0.121689
0.083971 -0.047731 -0.031765 0.103208 -0.042283 0.044798
-0.040702 0.030470 0.033466 -0.071138 0.003654 -0.088351
0.053726 0.058208 0.068600 0.115339 0.119043 0.112118
0.138904 0.048259 0.053195 -0.013772 0.025145 -0.038927
0.038509 -0.069140 0.030718 0.046917 -0.016044 -0.092258
0.044706 -0.118104 -0.043914 -0.014848 -0.018302 0.004924
-0.084247 -0.087246 0.094890 -0.012780 -0.018055 0.035372
