0.032492 0.085783 0.022367 0.126153 0.031348 -0.085826
0.048798 -0.105734 -0.095120 0.003140 0.011835 -0.008151
-0.101978 -0.111417 -0.077723 0.108932 0.030418 0.068800
-0.075333 -0.040657 -0.076921 0.052341 0.117527 -0.144885
0.023952 0.002075 0.004092 0.032308 -0.068246 -0.004510
0.054670 -0.116094 -0.050482 0.056544 -0.061273 -0.058411
-0.005885 -0.161893 0.092070 -0.019613 0.002562 -0.004498
-0.002442 0.002198 0.003218 -0.125054 0.021022 -0.040158
0.014594 -0.034467 0.049978 -0.009250 0.000503 0.006976
-0.084992 0.006138 0.081283 0.013010 -0.069286 0.064540
0.061982 0.004845 -0.005018 0.024750 -0.050410 0.115915
-0.001412 -0.015773 0.002891 0.033403 0.083420 0.113401
-0.029056 0.003291 -0.008699 -0.000379 0.014576 0.000132
0.026650 -0.016781 0.029787 0.121024 0.017343 0.067875
-0.029416 -0.023876 -0.112380 0.041384 -0.040861 0.065298
0.124127 0.012354 -0.128723 0.001349 0.035654 -0.083893
0.004349 0.031674 -0.016343 -0.012452 0.021875 -0.021569
0.012943 0.007757 -0.002033 0.003791 0.023391 -0.025613
0.099642 0.070290 -0.012225 -0.004977 0.027685 0.091781
-0.009646 0.034270 -0.038910 -0.044788 -0.143398 -0.092010
0.033457 -0.052289 -0.029117 0.067070 -0.173486 -0.197892
0.053795 -0.112636 -0.038884 -0.015926 0.059372 -0.153283
-0.027447 0.027963 0.002595 -0.081827 0.120447 -0.145798
-0.082846 0.093996 -0.053193 -0.147591 -0.061908 0.130263
-0.016516 0.050514 -0.099822 -0.050198 -0.142725 -0.150274
-0.012063 -0.044060 -0.031022 -0.042393 0.125637 0.068736
-0.028664 0.050580 -0.038831 -0.002579 -0.007397 -0.005365
-0.115461 0.073904 0.055431 0.046311 0.173673 0.123258
0.000831 0.006559 0.078120 -0.015037 0.075024 0.010008
-0.003154 -0.008415 -0.009287 0.012594 0.043842 -0.023081
0.038886 0.058461 0.002120 0.024806 0.008329 0.027379
-0.139961 -0.131553 -0.114753 -0.069641 0.155939 -0.188361
0.081819 0.024906 -0.070786 0.148910 -0.175745 -0.133825
-0.154855 0.094072 0.001760 -0.069137 -0.009910 -0.015335
0.133595 -0.110118 -0.109011 -0.077239 0.038680 0.020759
0.021202 0.082363 0.081173 0.056634 -0.044023 -0.043699
0.136996 0.087725 0.061549 0.046453 0.159187 0.123051
-0.012438 0.019936 -0.008953 0.019674 0.008210 0.024771
0.055448 0.035472 -0.051109 -0.015065 -0.043401 -0.034184
-0.004466 -0.004162 0.037744 -0.031661 0.011663 0.044846
