0.049388 -0.100092 0.015632 0.105974 -0.124780 -0.155692
-0.002398 -0.020973 -0.124795 -0.240829 0.084031 -0.132490
-0.074558 0.007301 0.037197 -0.055404 -0.018284 0.072638
0.087980 -0.049695 0.132778 0.000683 0.008687 -0.013782
0.005015 -0.009049 -0.013260 0.069646 -0.062353 0.097273
0.052160 0.005863 -0.007786 0.136208 -0.148853 -0.047850
-0.019103 0.027129 -0.020764 -0.020100 -0.093925 0.008160
-0.054247 0.051493 -0.031790 -0.042271 0.102690 -0.008123
0.086025 -0.102743 -0.030035 -0.077361 -0.070406 -0.114161
-0.016248 0.001262 -0.003507 -0.091481 0.028348 0.045098
0.012463 -0.032404 -0.036846 -0.041216 0.000529 0.049562
0.041256 -0.039719 0.017492 0.018683 0.015244 -0.102820
-0.081129 0.018204 -0.001988 0.042699 -0.013522 0.003592
-0.019069 -0.000799 0.004761 -0.011937 0.043153 -0.080342
0.002930 0.079213 -0.059975 0.042207 -0.147817 0.153792
0.006027 0.012258 -0.009560 -0.064556 0.033042 0.010306
-0.033368 0.014399 -0.015124 -0.078612 -0.029695 0.184419
-0.003143 -0.130022 0.085141 -0.019742 -0.010017 0.028847
-0.009734 0.009065 -0.051252 0.051495 0.026105 -0.076830
0.020827 -0.000984 -0.023910 -0.009027 -0.059822 -0.029169
0.022837 -0.034134 0.034118 -0.002950 -0.010312 0.011566
-0.080739 -0.032618 -0.057759 0.000684 0.013641 0.022162
0.010843 -0.017896 0.019747 0.027327 -0.114857 0.023996
0.016484 0.041490 -0.044160 0.092697 0.041877 0.084788
-0.112740 -0.022775 -0.076257 -0.063633 -0.026142 -0.107886
-0.030552 0.074143 0.048209 -0.043727 -0.034031 0.021422
-0.050514 0.103819 -0.114518 -0.074803 0.033049 0.077966
-0.009284 0.007077 0.006898 0.055896 -0.066948 0.100919
-0.007347 -0.017340 0.003972 0.078397 0.048751 -0.054383
0.012414 0.012665 0.010557 0.160111 0.095897 -0.034853
-0.024019 0.021232 0.005866 0.009450 -0.013691 -0.001842
-0.085692 0.006781 -0.101957 -0.035663 -0.043927 0.035042
0.031266 -0.080085 -0.097994 0.117477 -0.072053 -0.128165
0.000770 0.010673 0.008882 -0.080557 -0.049528 -0.036111
-0.012798 0.011764 0.007695 0.166564 0.184774 0.103670
-0.036679 -0.014172 -0.013167 -0.033669 -0.021700 0.007394
-0.113002 -0.126864 -0.094411 -0.155216 0.206696 -0.115807
0.121235 -0.035434 0.012801 0.003351 0.000158 0.003163
-0.065103 -0.013486 0.029620 0.016923 0.001235 0.025069
-0.003382 -0.013113 -0.002223 0.011610 0.052347 -0.035112
