-0.007272 0.015315 -0.016474 -0.036449 -0.038896 -0.020996
0.029548 -0.008542 0.002716 -0.015991 -0.028702 0.005263
0.002365 0.006541 -0.002965 -0.013408 -0.037472 -0.007900
0.087381 -0.016421 0.085107 0.034194 -0.028556 0.005569
0.027464 0.009952 -0.040816 -0.001699 0.008262 -0.001955
-0.033579 -0.062666 -0.034783 0.028642 -0.029219 0.055533
-0.011202 0.105257 0.067706 0.000351 0.000379 0.001169
0.015269 -0.084757 0.061698 -0.142212 0.071744 0.126199
0.024367 -0.015910 0.014335 0.080180 0.085301 -0.109558
-0.033173 -0.020130 -0.012015 0.205407 0.058894 -0.235514
-0.043532 -0.002933 0.009831 0.050940 0.043662 -0.008069
0.000600 0.001929 0.001190 0.059138 0.003779 0.048462
-0.129609 -0.044464 0.079362 -0.141664 -0.141530 0.036923
-0.160536 -0.010344 0.063290 -0.003399 -0.073862 -0.057834
-0.028456 0.036404 -0.027978 0.125712 0.145917 -0.164379
-0.067180 -0.069518 -0.016042 -0.064372 0.000302 0.002077
0.038880 0.033537 -0.057527 -0.091176 0.086151 -0.088633
0.097937 -0.060007 0.087862 0.050336 -0.053734 -0.075714
0.013043 -0.012529 0.028718 0.049433 -0.095759 0.135498
0.011352 -0.029111 0.017400 -0.021265 0.006820 0.049771
0.162872 -0.128823 -0.036307 -0.104594 -0.064092 0.132140
-0.111427 0.092577 0.073261 0.166847 0.020534 0.167460
0.123150 0.047422 -0.027842 0.016119 0.015387 -0.001619
-0.014492 -0.110664 0.094258 0.013569 -0.005179 0.000177
-0.032405 0.008865 0.002747 -0.016604 -0.004592 0.032614
0.044953 -0.119454 -0.023553 0.146984 0.031919 0.112437
0.038968 -0.062435 -0.036286 0.038298 0.027642 -0.017025
-0.047754 -0.073379 0.084674 0.088754 0.108637 0.112835
0.042729 0.030990 -0.040993 0.036661 0.104801 -0.101077
-0.001418 0.028523 0.068898 0.022948 -0.133856 0.077926
0.013840 -0.042118 0.002179 0.003622 -0.011518 0.039067
-0.080813 0.050117 0.062949 -0.019922 0.050612 0.071210
-0.006326 -0.015476 0.000164 -0.104846 -0.183367 0.019132
0.059917 -0.079969 0.049481 -0.115001 -0.102012 0.097179
0.031880 -0.037946 0.025315 0.033926 -0.034391 -0.054253
0.030554 -0.034768 0.056703 -0.019198 -0.010369 0.002135
-0.038214 0.060396 -0.060910 -0.096859 -0.166595 -0.184406
0.094350 -0.026895 -0.105664 -0.068779 -0.037317 0.022889
0.048381 -0.007440 0.025654 -0.094920 0.144396 0.113217
0.047206 0.010941 0.032729 -0.137285 0.044004 -0.077980
