0.112468 -0.147332 -0.005443 -0.034507 -0.000101 0.013823
-0.044502 -0.030328 -0.020780 0.193181 -0.076793 -0.070240
0.003050 0.004371 -0.001463 -0.129432 0.056343 0.054027
0.003362 -0.001134 0.093881 -0.001688 -0.008208 -0.056132
0.043271 -0.020102 0.065559 -0.020636 -0.017723 0.013498
-0.024598 0.012074 0.023631 0.082018 0.085508 -0.137060
-0.056275 0.040571 0.049714 -0.000572 -0.001212 0.005536
-0.064353 0.022065 0.058007 0.142706 -0.151464 -0.114321
0.014851 -0.031256 -0.063377 -0.160599 -0.059263 -0.181799
-0.060645 0.022190 -0.086376 0.087828 -0.071998 -0.090579
-0.037806 -0.015981 -0.041824 0.009798 -0.054277 0.122186
0.146771 -0.050646 -0.083567 0.143987 -0.123751 0.073732
0.022589 0.038672 0.067670 0.001338 0.015159 -0.011093
-0.029314 -0.012688 -0.054831 -0.005467 -0.001932 0.025704
-0.112596 -0.056106 0.014508 0.103826 0.077998 0.026823
-0.084993 -0.047327 0.062842 -0.190858 -0.120843 -0.132246
0.026216 0.078397 0.058673 -0.121897 0.125840 -0.064666
0.047315 -0.046386 0.048127 -0.104098 -0.066589 0.089376
-0.142277 0.048884 -0.100114 -0.003647 -0.005220 -0.005286
0.013529 -0.044826 -0.008115 0.042581 -0.009844 -0.193355
0.101114 -0.082209 0.101766 -0.037170 -0.042420 0.021635
-0.005838 0.035224 0.035374 0.026741 0.009465 -0.018086
-0.052432 -0.020814 -0.018163 -0.134529 0.098427 -0.053062
-0.063026 0.054794 -0.151770 -0.012468 -0.030746 0.014184
-0.073174 -0.019128 -0.108563 0.012303 0.049532 0.056640
-0.066069 0.028288 -0.057593 -0.035932 0.023223 -0.094837
0.093701 -0.081889 -0.011248 -0.167779 0.185603 0.024511
0.083657 -0.136819 -0.135080 -0.119983 0.115968 0.099438
0.000358 -0.003494 0.004022 0.048619 0.057222 0.007140
0.027065 0.009544 0.029106 -0.156512 -0.181749 0.206886
0.015903 0.002950 0.012299 0.148224 -0.166649 0.169363
-0.038597 0.056404 -0.012172 -0.099819 0.067265 0.071050
0.041550 -0.063781 -0.046121 0.015707 0.011139 -0.016634
-0.030649 0.027658 -0.001745 -0.055771 0.026695 0.050279
-0.050818 0.054304 0.014432 0.071434 0.002270 0.036026
0.123672 0.016785 0.019276 -0.128636 -0.026801 0.101278
0.061034 -0.057608 0.079966 0.002994 0.025475 -0.027690
-0.000282 0.000040 -0.000285 -0.027463 0.012934 -0.001720
-0.067760 0.078715 -0.027010 -0.026588 0.012775 0.000673
-0.000271 0.001129 0.001416 0.007632 0.006917 -0.021706
