-0.000289 -0.003857 -0.002417 -0.026828 0.028576 0.013565
0.052072 0.037358 -0.030279 -0.074403 0.077774 -0.012055
-0.005079 -0.118767 -0.006486 0.041849 -0.032038 -0.166566
-0.002183 -0.038113 0.055869 -0.146944 -0.044477 -0.051267
-0.015443 0.004440 -0.021271 0.033198 0.005795 0.040298
0.030780 -0.117722 0.001242 0.064876 0.008470 -0.034776
0.047687 0.090652 0.011542 0.000546 -0.003121 -0.008202
0.030180 0.023542 -0.066185 0.064620 0.099709 -0.076144
0.046650 -0.147325 -0.055369 0.138848 0.020056 -0.017986
0.000402 -0.005881 0.008216 -0.055835 0.217980 0.121728
-0.103150 0.050184 -0.086772 -0.011717 -0.013208 -0.015402
-0.043499 -0.007464 -0.002327 0.221965 0.200918 0.127192
-0.049161 0.115961 -0.035383 0.110881 -0.164564 0.178608
-0.036061 0.015865 -0.056882 -0.016733 -0.008031 0.029049
0.019782 0.140984 -0.011849 -0.014525 0.043901 0.004518
-0.045195 0.073877 0.027897 0.159438 -0.145387 -0.202595
0.050043 0.026371 -0.054198 -0.006855 0.005845 -0.014501
-0.071373 -0.030657 -0.075383 -0.018530 0.008975 0.034533
-0.055468 0.037515 -0.004171 0.069847 0.075076 -0.013147
-0.004159 -0.101190 0.069842 -0.176837 0.096112 -0.132951
0.133433 0.105934 -0.102087 0.088354 0.021662 -0.076158
0.008820 -0.042347 0.041053 0.000297 -0.113004 0.064860
0.006521 -0.006362 -0.008683 -0.055483 -0.003663 0.080782
-0.048379 0.029231 0.016741 -0.139306 0.129260 0.118289
0.043730 -0.008934 0.048939 0.015448 0.161254 -0.136610
0.121484 -0.101644 -0.022492 -0.174416 -0.075508 0.214151
0.002136 0.011550 -0.016507 -0.114176 0.070690 -0.139404
0.027573 0.005050 0.046507 0.019532 0.193621 0.158148
-0.044062 0.041330 0.037464 0.103023 -0.104772 0.115524
-0.000332 -0.005966 0.010873 0.143934 -0.155723 0.042985
-0.014486 -0.010543 -0.028380 -0.109963 0.102114 -0.011713
0.127657 0.094655 0.021648 -0.045202 -0.172831 -0.152045
0.008275 -0.068907 0.085675 0.025163 0.053637 -0.005896
0.065726 0.049771 0.058721 0.069333 -0.009924 -0.057252
-0.073573 -0.028941 0.056098 0.075349 -0.155182 0.178258
-0.040700 0.109380 -0.093343 0.017747 0.004572 0.052390
0.093909 0.122568 -0.106390 0.111943 -0.148253 -0.067107
0.117822 0.039453 0.070491 -0.029569 0.001662 0.039441
-0.023987 0.055856 0.017380 -0.004151 0.002952 0.000958
-0.111681 0.132375 0.000663 -0.038194 0.025180 0.000095
