-0.014327 -0.007223 -0.003827 -0.001250 -0.024308 -0.010758
0.035590 -0.039574 -0.057975 0.031183 0.093336 -0.038549
-0.008765 -0.008889 -0.005900 -0.019603 -0.046905 0.029272
0.080340 -0.078692 -0.059794 0.103640 0.077122 -0.069213
-0.060467 -0.037262 -0.002082 0.054672 -0.023937 0.037645
-0.016986 0.000294 0.009414 0.031380 -0.044308 0.013000
-0.024367 0.061793 0.032864 0.001535 -0.002635 0.003956
0.155357 -0.008211 0.139396 0.065871 0.061154 -0.005962
0.018761 0.011982 0.014185 -0.076684 -0.076447 0.050365
-0.091555 -0.091561 0.058381 -0.014086 0.078389 0.090808
0.026541 0.065965 -0.009517 0.000582 -0.006977 0.003520
-0.015891 0.059260 0.002792 0.199155 -0.054359 -0.109158
0.116800 -0.063459 -0.040820 -0.056615 0.020673 -0.161456
0.003083 0.038057 -0.062556 0.026194 0.022014 -0.018509
-0.045182 0.117224 0.033609 -0.058342 -0.066840 0.103022
0.099655 -0.047748 -0.088858 0.120394 0.063996 -0.015281
-0.020904 -0.017215 -0.023010 0.001520 0.006069 0.002043
0.016928 0.009182 -0.021856 -0.007291 0.005500 -0.005855
0.000736 0.000229 0.000299 -0.006920 -0.125183 -0.005641
-0.048542 0.079762 -0.081265 0.006313 -0.075949 0.077207
0.015764 -0.011752 0.009185 0.151859 -0.138170 0.047948
-0.005109 0.009174 -0.011843 -0.050515 -0.014901 0.034708
-0.006109 -0.008457 -0.018735 -0.003214 0.044867 -0.047694
-0.000486 -0.000277 0.000103 0.198409 -0.097629 0.038861
0.011506 -0.002664 0.015889 0.010215 0.064292 0.009259
-0.078569 -0.084999 -0.008612 0.053205 0.019924 0.052590
-0.024623 0.043202 0.125673 0.000072 0.001917 0.005921
0.056353 -0.137721 -0.056233 -0.027876 -0.041729 0.080160
-0.008927 -0.040918 0.013893 0.078217 -0.193617 0.070169
0.044932 0.025565 -0.001019 -0.006767 -0.003671 0.002684
-0.004313 -0.026528 -0.006293 0.062134 -0.026061 0.096767
0.078031 -0.045742 0.014234 0.211323 0.159108 -0.209835
-0.018071 -0.006735 0.001426 -0.032242 0.004801 0.072756
-0.075555 0.027186 -0.085924 -0.014464 0.014306 0.041894
-0.012801 0.021808 0.029396 -0.047388 -0.052737 0.085488
-0.007901 -0.072229 -0.082975 -0.006460 0.052764 -0.072177
-0.041090 -0.085325 0.132911 -0.047328 0.101876 -0.009312
-0.072717 0.061401 0.019394 0.001390 -0.004073 0.004428
-0.045903 0.123024 0.083987 -0.079436 -0.002568 -0.118484
