-0.001117 0.013289 0.005883 0.041324 0.023703 0.029609
-0.093196 -0.039093 0.082327 0.039599 -0.030329 0.001538
-0.019639 -0.119329 0.127432 0.000857 0.001708 -0.095331
-0.075325 -0.042571 0.020943 0.010689 -0.053096 -0.052612
-0.008114 0.007780 -0.005147 -0.003207 0.003056 0.002518
-0.042766 -0.109109 0.086089 -0.139734 -0.186176 0.074503
0.001878 -0.013138 0.004300 -0.014438 -0.018204 0.087186
-0.045801 0.059392 0.075193 0.071601 -0.024720 0.165142
-0.016425 0.027349 -0.018958 0.088586 -0.040450 0.184393
-0.040245 -0.079416 0.090727 -0.161132 0.180109 -0.154146
0.017396 0.039590 0.029442 0.008028 -0.018821 0.028773
0.085951 0.006189 -0.003594 -0.034192 0.136433 0.008708
-0.033390 0.044923 0.032892 -0.136323 0.113212 -0.030972
0.004752 0.003934 -0.001922 0.005449 0.001134 -0.011374
-0.050739 -0.009774 0.038535 -0.173116 -0.132105 0.085229
-0.001423 -0.014843 -0.028313 0.147536 -0.050762 -0.018121
0.000654 0.010410 0.090253 0.142216 -0.108212 0.190342
-0.134499 -0.005075 0.016691 0.126101 0.197577 0.033919
-0.034097 -0.029711 -0.024170 0.033031 0.062873 0.050506
0.073378 -0.060923 -0.075717 -0.119466 -0.012167 0.169214
0.012746 -0.052862 -0.004746 -0.208445 0.060968 -0.187486
0.062207 -0.050517 -0.065495 0.082781 -0.072998 -0.039222
0.006936 0.064898 -0.122634 0.058120 -0.015807 -0.064950
-0.028057 0.109339 0.128281 0.088582 0.001968 0.192412
-0.003221 -0.000454 0.044550 -0.063755 -0.046161 0.035626
-0.053418 -0.071457 -0.030185 -0.166270 -0.150091 0.192965
0.119921 0.067432 -0.118931 -0.038113 -0.046568 0.010833
-0.045377 -0.028860 0.004287 0.075289 -0.083166 0.081732
-0.010212 0.003965 -0.013943 -0.027691 -0.004799 -0.151053
-0.011722 0.032154 0.015202 -0.005644 -0.031008 0.062801
-0.001844 0.011135 0.028482 0.001877 -0.000926 -0.005055
0.018203 0.003830 -0.016179 0.004638 -0.014161 0.027199
0.037465 -0.046960 -0.070381 0.149669 0.107042 -0.014053
0.023802 -0.023662 -0.012389 0.001939 -0.000400 -0.001673
-0.012106 -0.029650 0.063872 -0.047950 0.054124 -0.020879
-0.001499 0.035542 -0.021401 0.042368 -0.013065 -0.004624
-0.047380 0.073068 0.089281 -0.061684 -0.094984 0.091603
-0.098942 -0.027530 -0.018346 0.003799 -0.001121 -0.004823
0.002099 -0.036964 -0.045718 0.161806 0.177883 0.047895
0.002374 -0.044153 -0.065616 -0.069587 -0.069603 0.090112
