0.028986 -0.004902 0.023664 0.101516 0.058154 -0.036287
0.060064 -0.121794 -0.074332 0.011657 -0.048586 -0.036847
-0.022469 -0.008391 0.010187 -0.020617 0.027423 -0.011925
0.001509 0.005136 -0.004670 0.171700 -0.218879 0.171743
0.035434 0.092609 -0.087230 -0.124850 -0.046511 0.110369
-0.087962 0.028124 -0.047429 -0.053706 -0.075810 0.083682
0.003409 -0.006442 0.001717 -0.036217 0.013975 -0.024115
-0.040766 0.038319 -0.030711 0.013620 -0.019750 -0.017489
-0.149493 -0.084371 0.003460 -0.093255 -0.037574 0.150593
0.043244 0.009621 -0.009621 0.110938 -0.150077 0.102114
-0.089162 0.056545 0.009034 0.006664 0.007122 0.001232
-0.013141 -0.012725 0.006653 0.000378 0.000986 0.001325
0.006021 -0.006150 -0.002470 0.003073 -0.014527 0.067659
0.001454 -0.002112 -0.000076 -0.055123 0.164176 0.174118
0.124588 0.107417 -0.123422 0.003778 -0.009820 0.011241
-0.053515 0.018345 0.072021 0.108832 0.048793 0.051079
-0.045026 -0.101779 -0.004166 0.103732 0.144300 -0.158472
0.073577 -0.060319 -0.108025 -0.080580 0.044519 -0.039776
0.008326 0.100495 -0.098006 -0.116867 0.104932 -0.109405
0.031176 0.091762 0.004361 -0.045850 -0.073566 0.103157
-0.082652 -0.055801 -0.101436 -0.019572 -0.138874 0.201358
0.011234 -0.067256 0.005217 0.133062 0.073892 0.103989
-0.025380 -0.078964 0.111657 -0.144379 -0.133764 0.088834
0.024230 0.050872 0.060901 -0.019319 0.036458 0.075511
0.042705 -0.025082 -0.032532 -0.025696 -0.063563 0.117421
-0.009145 -0.014755 -0.012664 -0.027584 -0.034035 0.047169
-0.048052 0.118852 -0.120406 -0.004259 -0.065445 0.044975
-0.068520 -0.084626 -0.076224 -0.058116 0.004681 -0.082314
0.102384 -0.099031 -0.089586 -0.039954 0.114407 0.017322
-0.038451 0.017622 -0.020548 -0.022100 0.111439 0.082843
-0.106370 0.132057 0.024497 0.013368 0.011013 -0.006342
-0.071360 -0.036496 0.060185 -0.191520 -0.113394 -0.124802
0.024172 -0.042419 -0.033828 0.055089 0.158454 0.176066
-0.033262 0.032391 -0.068005 0.167145 0.033535 0.149993
0.049017 0.005123 0.020832 0.012301 0.097153 -0.146105
0.021952 0.057949 -0.024341 0.150537 0.074553 0.003807
-0.060961 -0.105234 0.131990 -0.075478 0.039530 -0.017161
-0.009393 -0.001814 0.102407 -0.126664 -0.108982 -0.074859
-0.019543 -0.026008 -0.032363 0.049309 -0.128963 0.108092
0.052027 0.010977 -0.048383 -0.028112 0.029264 0.000791
