-0.047898 0.118098 0.076214 0.024890 0.014272 0.008300
0.024027 0.011442 0.008649 -0.087940 0.051234 -0.052429
0.110140 -0.000396 0.064158 0.000293 0.002448 -0.000341
0.066874 -0.157397 0.111728 -0.054296 0.099416 0.094856
-0.008768 -0.060375 0.060256 0.001741 -0.017309 -0.014489
-0.057510 0.033294 -0.058409 -0.032391 -0.019980 -0.034474
-0.011471 -0.037521 0.028601 -0.013503 -0.109612 0.087278
0.020007 0.066034 0.024699 -0.198774 -0.170993 -0.158572
-0.075831 0.022996 0.103496 -0.057537 0.086471 0.167625
-0.048418 -0.041778 -0.015930 0.210554 -0.049778 0.043916
-0.046286 -0.013459 0.070159 0.008728 0.050588 0.045344
0.072068 -0.105079 -0.069936 0.073498 0.088764 0.094077
0.043185 -0.004127 -0.022659 0.000531 0.008692 -0.007286
0.009179 -0.007454 0.015819 -0.044592 -0.058336 -0.062154
0.001879 0.057999 0.056151 0.007518 -0.150064 -0.089813
0.052820 0.046602 -0.038636 -0.026389 0.050337 0.161936
-0.089382 -0.009298 -0.073348 -0.002410 0.000688 0.001652
-0.066995 -0.073748 -0.020929 -0.052401 0.017171 -0.047104
-0.013270 0.003034 0.007749 -0.001262 -0.024363 -0.012616
0.082802 -0.134524 0.117271 -0.009629 0.026316 0.006753
0.027151 0.074049 0.044214 -0.050021 0.007874 0.025715
0.008881 -0.009377 0.040870 -0.073784 -0.097032 -0.031524
-0.006827 0.008182 0.009149 -0.184269 -0.076670 0.024547
0.007490 -0.019668 -0.037049 -0.133218 -0.175239 -0.105901
-0.001426 0.022040 0.001199 -0.060359 0.002428 0.029042
-0.026464 -0.052286 0.007856 0.116663 0.178310 0.093535
0.083625 0.029458 0.026073 -0.110589 -0.036836 -0.127627
-0.048451 0.033884 0.007277 0.077923 0.041944 0.062809
-0.137978 0.116767 0.089277 -0.046778 0.069509 -0.068980
0.000539 -0.013574 0.061724 0.012626 -0.023334 0.020053
0.045403 0.007453 0.042454 -0.130381 -0.160883 0.110007
0.003130 0.003533 -0.000439 0.085430 -0.006932 0.040521
-0.002103 0.018411 -0.012609 0.024676 -0.021741 0.011154
-0.109128 0.095390 -0.036668 0.041978 -0.117763 0.113039
0.103110 -0.024266 -0.088970 0.127071 0.115445 -0.115271
-0.002901 -0.019769 0.039357 0.067422 0.061358 0.027781
-0.060533 -0.066432 0.004057 -0.000307 0.001547 -0.001215
0.105391 -0.073811 -0.058738 -0.084317 0.079797 0.092858
0.007306 0.057332 0.058670 -0.007827 0.081329 0.045788
-0.036257 -0.009103 -0.136711 0.045241 0.085250 0.103027
