-0.108234 0.086187 0.066194 0.140270 0.095381 -0.169005
-0.020879 0.101791 0.099429 0.064280 -0.105687 -0.054517
-0.069524 -0.106043 0.060034 0.218991 -0.033535 0.145053
-0.074437 0.011365 0.007593 0.041026 0.008940 -0.066914
0.041491 0.058746 -0.062643 0.170374 -0.095192 -0.145430
0.002616 -0.024705 0.029651 -0.071996 0.183891 -0.061552
0.021768 0.064612 0.058424 0.012143 0.002485 -0.012881
0.013975 0.019758 0.000030 0.015997 0.090457 0.092466
-0.073088 -0.040234 -0.038473 0.001811 0.015984 0.138030
-0.027876 -0.032346 -0.062424 -0.084792 -0.050641 0.126200
0.030752 -0.104757 -0.143960 0.068857 0.017235 -0.013754
0.037035 -0.111665 0.025847 -0.209479 -0.018179 -0.143825
-0.007444 0.067437 0.105848 -0.004908 -0.000180 0.008882
0.014355 -0.023370 -0.002784 0.136412 0.010898 0.022669
0.039387 -0.067738 -0.083389 -0.065841 -0.112646 -0.127315
-0.146782 -0.122040 0.070942 0.043837 0.011069 0.140730
-0.036485 0.049840 -0.065477 0.112265 0.011659 -0.058699
-0.002814 -0.001658 0.010692 0.100724 -0.127719 -0.004685
0.006775 -0.041908 0.039558 0.065987 -0.186157 0.145233
0.007679 0.124054 -0.001176 -0.054331 0.190977 -0.043269
-0.108307 0.022164 -0.073281 -0.119511 0.097813 -0.122315
-0.068412 0.010432 0.037464 -0.146699 -0.063164 0.123051
-0.033037 -0.018156 -0.024760 0.079096 0.197770 -0.082386
0.104284 0.034330 -0.029908 -0.002655 -0.061858 0.216353
-0.035704 -0.040509 -0.003828 0.010716 -0.123880 0.025242
0.023191 -0.037099 -0.039981 -0.026007 0.004647 0.010502
-0.084437 0.102750 -0.047046 -0.083662 -0.160807 -0.029140
0.032787 -0.003744 -0.008524 -0.094631 0.133256 -0.058402
-0.009547 -0.000340 -0.001123 -0.055437 0.175701 -0.039289
0.036491 -0.067981 0.123668 -0.003530 -0.087773 0.040375
0.009111 -0.006414 -0.027037 0.093777 -0.123762 0.124671
0.005878 -0.001285 -0.003601 0.005559 0.004218 -0.000295
-0.015230 0.006393 0.001973 -0.006983 0.058976 0.032293
0.094972 -0.087750 0.094399 -0.118421 -0.102809 0.202624
0.094208 0.027870 0.092597 -0.023621 -0.015653 -0.031213
-0.119650 0.081219 -0.039323 0.016791 -0.014904 0.054490
0.052869 0.109783 0.020148 -0.053526 0.036330 -0.089632
-0.000088 0.002332 0.005090 -0.090334 -0.121000 0.001748
-0.011900 0.015532 0.002634 0.049730 0.089730 0.210926
0.063520 -0.003842 -0.024889 0.021074 0.001099 0.024044
-0.025669 -0.035840 -0.140506 -0.149239 0.133307 -0.120529
