0.021152 -0.112629 -0.016983 0.088666 -0.128856 -0.120339
0.004023 0.007847 -0.004346 0.109441 -0.113201 0.036721
-0.009112 -0.011497 -0.012786 -0.006799 0.004513 -0.013805
0.009310 -0.045176 0.002692 -0.001533 -0.073329 -0.092422
-0.038189 -0.054551 0.054354 -0.106087 0.050813 0.150719
0.076643 0.095092 0.129914 -0.003085 0.001176 0.039823
-0.122579 -0.090182 -0.127544 0.105068 -0.005858 -0.116719
0.073645 0.064622 0.088908 0.044467 0.042093 -0.129315
-0.017692 -0.013560 0.024649 -0.203190 0.024511 0.224753
-0.061453 -0.051541 0.028491 -0.202650 -0.103903 -0.074923
-0.125620 -0.040630 0.061061 -0.017862 -0.012847 0.015388
0.097869 -0.013556 -0.105718 0.018567 -0.016020 0.001190
0.014464 0.025472 -0.018968 -0.011717 0.005828 -0.010078
-0.004080 -0.066811 -0.047161 -0.034252 -0.033018 0.011334
0.001011 0.001404 0.001243 0.066629 -0.041788 0.018470
-0.049074 -0.012631 0.022205 0.063811 -0.005764 0.007746
-0.013766 -0.045848 -0.076605 0.018354 -0.002878 0.124102
0.046851 -0.039552 -0.038922 0.022154 -0.019522 0.037154
0.102419 -0.085369 0.084930 0.015291 -0.003458 0.021533
-0.008867 -0.002176 -0.007772 0.001375 0.017350 -0.023093
0.135846 0.113986 0.007901 0.048355 0.045483 -0.038822
0.003091 -0.048643 -0.068896 -0.222548 -0.079889 -0.146613
-0.054398 0.047093 -0.025868 0.037203 0.063617 -0.015342
0.075411 0.015996 0.001226 0.072600 0.002726 -0.029860
-0.058072 0.037698 -0.086441 -0.074969 0.027222 -0.083775
0.010348 0.015891 0.008015 0.000047 0.004192 -0.016409
0.027527 0.009387 -0.010802 0.024464 0.016948 0.055162
-0.019131 -0.025373 0.013797 0.116495 -0.153906 -0.144587
0.086761 -0.121577 0.042672 -0.075848 -0.146055 0.076811
-0.020952 0.047990 -0.019639 -0.140814 -0.166292 0.057558
0.073994 0.063229 0.049442 0.083967 -0.045839 -0.129310
0.003572 0.001630 0.001772 0.008024 0.029206 0.044364
-0.094102 -0.025270 -0.012547 0.004059 0.037705 -0.044135
0.027908 -0.022289 0.026355 0.231806 -0.164602 -0.168609
0.011861 0.007532 0.008991 0.008697 -0.002700 0.007563
-0.013071 0.046977 -0.033630 -0.113662 0.114156 0.144788
0.005956 -0.000176 -0.000401 0.034250 0.091082 -0.081112
-0.069261 0.072759 -0.011007 -0.058586 0.068346 0.136701
0.011918 -0.010468 -0.013387 -0.107025 0.125034 -0.065432
-0.022799 -0.113892 0.027370 -0.053786 0.019811 -0.071281
0.000242 -0.006587 0.011247 -0.019467 0.007186 0.007312
