0.009218 0.008690 0.007643 -0.107990 0.021096 -0.039637
0.002930 -0.037250 -0.022222 0.060175 0.193230 0.073318
0.021318 0.004629 -0.052728 0.023258 0.002866 0.074004
-0.029874 -0.007266 -0.017641 -0.054563 0.061089 0.066734
0.062438 0.039121 -0.009249 0.005717 -0.038765 -0.011846
0.006381 0.015239 -0.039588 0.029095 0.011490 0.027001
-0.041374 -0.004599 0.043800 0.175834 0.077817 0.027623
-0.010566 0.010607 -0.007472 -0.056657 0.038842 -0.013416
0.114050 -0.088064 0.097364 0.005940 0.037405 0.025962
-0.035568 -0.063093 0.027141 0.134915 0.100947 -0.018735
0.069399 -0.035406 0.133016 -0.058076 -0.010773 0.073664
-0.152971 0.133276 -0.140732 -0.006442 0.007021 -0.016566
0.031246 0.028214 0.015209 0.044272 -0.034643 0.100116
-0.023625 0.023547 -0.017798 -0.057582 0.033400 -0.041503
-0.086760 0.012088 0.094835 0.029406 0.122709 0.065404
0.040971 0.045171 -0.035295 0.051850 0.143116 0.005898
0.001286 -0.001550 -0.000449 0.023503 0.038127 -0.067151
-0.025987 0.059452 0.015785 0.132413 -0.094238 -0.069306
-0.000245 0.000123 0.000290 -0.013105 -0.085535 0.043623
-0.066654 0.146610 0.057492 -0.081851 0.053080 0.016396
-0.061930 0.069402 0.024493 0.102249 0.190133 -0.195764
-0.061393 -0.038372 -0.048309 -0.083958 0.046059 -0.019825
0.101233 0.015373 -0.106501 -0.024078 0.018890 0.011992
-0.005218 -0.088903 0.042145 -0.071845 0.062743 0.036199
0.046200 -0.009478 -0.050705 0.051624 0.010089 0.021244
0.035573 -0.019049 0.006656 0.196693 0.016785 0.097563
-0.066938 -0.101640 0.112437 -0.020918 0.000068 0.020855
0.037004 0.032676 0.042587 -0.144712 -0.073025 0.132729
0.071774 0.015676 0.007134 0.014677 -0.019795 0.003020
-0.065875 -0.038747 0.052048 0.110020 -0.001499 0.132257
-0.003347 0.013178 0.005490 0.012528 -0.002216 0.009283
0.003977 0.000916 -0.003732 -0.149024 0.061340 -0.150905
-0.002008 0.006364 0.000950 -0.113568 0.167253 0.025286
-0.005714 0.007378 -0.007751 0.012276 0.026488 0.039380
-0.003167 -0.018032 0.005678 -0.063070 -0.064297 -0.024274
0.052726 0.036960 0.084177 -0.026843 -0.029791 0.080908
0.105209 0.077446 0.024466 0.123008 0.129934 0.084968
0.000942 -0.002859 -0.003062 0.015456 -0.075017 -0.065788
0.018442 0.002141 -0.026812 -0.046984 0.128216 -0.032428
-0.008718 0.076907 0.095998 0.050717 0.027559 -0.015663
0.012643 0.020662 -0.086666 0.141053 0.171673 0.048619
