-0.011456 -0.037864 -0.053520 0.042281 -0.066225 0.076257
-0.029999 -0.025010 -0.011775 -0.035547 0.032030 0.002663
0.145934 -0.017477 -0.132514 -0.012678 0.018999 -0.007250
0.011292 -0.031562 0.008833 0.132182 0.105110 -0.066283
-0.001144 -0.098352 -0.057415 0.017177 0.001437 0.000695
-0.020481 -0.034054 -0.027188 -0.002206 0.025921 -0.108668
0.012095 0.017952 -0.019393 0.022604 0.035477 -0.013027
0.007294 0.003373 0.000281 -0.202512 0.067874 0.091855
-0.050646 0.013403 0.065814 -0.137161 -0.106144 -0.113241
-0.027287 0.071829 0.002692 -0.013568 0.039668 0.010384
-0.038850 0.067161 0.005592 0.004687 -0.009394 0.008756
0.005101 -0.017014 -0.001148 0.110039 -0.022625 0.101670
0.157389 0.112669 0.039838 0.040318 0.197889 -0.021869
-0.034889 0.014176 0.023184 -0.033284 0.155767 -0.079778
-0.078506 0.031947 -0.096854 0.021199 -0.005847 -0.000337
0.032545 0.017845 -0.004001 -0.002051 -0.003083 0.016378
-0.079868 0.071026 -0.068171 -0.161162 -0.049221 0.027410
0.155539 0.006776 -0.060285 -0.000582 0.000362 0.001039
-0.041173 -0.008747 0.030067 0.167562 -0.033093 -0.094344
0.053381 -0.020245 0.060586 -0.085826 -0.088891 -0.054404
-0.020192 -0.036795 -0.011428 0.040659 -0.046971 0.016777
0.007007 0.059109 0.025844 -0.066349 -0.007573 -0.136117
0.155761 0.091787 0.114304 -0.065278 0.021675 -0.143911
0.100754 -0.098519 -0.133947 -0.023204 -0.018130 0.030499
-0.000295 -0.000998 -0.000609 0.065134 0.007533 -0.092111
0.023889 0.036950 -0.003320 0.005449 -0.015099 -0.006347
0.012332 -0.017203 -0.028991 0.001982 -0.038914 0.016063
0.048648 -0.076586 -0.088045 0.051768 0.000664 0.010981
-0.005868 0.028342 -0.017543 -0.027144 -0.021226 -0.097788
-0.000427 -0.005992 0.003952 0.171468 -0.040952 -0.077559
0.056658 0.087177 -0.095476 0.080175 0.143816 0.139553
-0.049836 -0.033022 -0.037668 -0.063341 -0.016647 -0.039206
0.008139 -0.068454 0.031071 -0.011152 -0.093467 0.008377
0.032267 0.014353 0.026436 0.085018 0.007360 -0.053145
0.092956 -0.065108 0.027514 0.000540 0.002115 0.000241
0.027855 0.035394 -0.068943 0.135498 -0.165958 0.202263
-0.027681 -0.017628 -0.028416 -0.081099 0.060838 -0.032226
0.060710 0.104210 -0.039945 0.013657 0.027479 0.006113
0.139543 -0.156924 0.121827 0.006222 0.049440 0.019812
0.020501 -0.051145 -0.031784 0.014801 -0.008288 0.022740
