0.043542 -0.040100 -0.049156 -0.140671 -0.199930 -0.075563
0.064497 0.053229 0.047319 0.013939 -0.154581 -0.042490
-0.006233 -0.010148 -0.007353 -0.132331 -0.138402 0.055481
0.020519 0.054582 -0.025192 0.113017 0.035770 0.170534
-0.162927 -0.108780 0.062349 -0.034011 0.013151 0.131932
0.034487 -0.009701 0.001385 0.007672 0.002522 -0.008028
-0.017700 -0.011142 -0.016157 0.014612 0.044181 0.021226
0.082845 -0.025075 -0.052893 -0.162129 -0.061687 -0.080191
-0.006555 0.027289 -0.033545 -0.014678 -0.013930 0.010358
-0.009502 0.028445 -0.007928 -0.020158 -0.019239 -0.014261
0.005016 -0.010401 -0.000878 -0.003381 0.017909 -0.029833
-0.010312 0.019571 -0.021231 -0.019956 -0.007536 0.012124
-0.053287 -0.041817 0.046751 -0.100983 -0.043146 -0.094059
-0.062925 -0.088907 -0.008224 -0.051235 0.110626 -0.082836
-0.014073 0.042668 0.027025 -0.008109 -0.035618 0.014774
0.046234 -0.049527 -0.015247 -0.042273 0.012893 -0.062261
-0.089906 0.105857 0.069570 0.042741 0.036618 -0.069549
-0.130553 -0.123218 0.082365 -0.014705 -0.045527 -0.041059
-0.034122 0.021483 -0.059053 0.043057 -0.051482 0.050849
-0.002087 -0.000890 -0.002046 0.055460 0.098696 -0.041072
0.091008 -0.113033 -0.048433 -0.221237 0.148716 -0.051633
-0.009962 0.009343 0.001662 -0.001228 -0.001474 0.002853
-0.026177 -0.009437 0.012917 -0.117235 0.033186 0.031020
-0.009376 0.021867 -0.006301 -0.029454 0.041814 0.042699
0.119119 0.069449 0.089791 0.029326 0.011082 0.011869
0.003627 -0.039681 0.058546 0.040924 -0.052086 -0.127551
0.105867 0.023047 0.033629 0.004726 0.024626 0.121085
0.080972 -0.051127 -0.020311 0.037733 0.003609 -0.085253
0.002182 -0.003366 -0.016484 0.049506 0.053118 0.058421
0.047527 0.028481 -0.089699 -0.003484 -0.059172 -0.092217
-0.008482 0.017231 -0.015269 -0.026753 -0.022124 -0.009098
0.034927 -0.104291 -0.015656 0.042848 -0.051229 -0.017912
0.083130 0.003115 -0.013320 0.054487 0.064816 0.003418
-0.005760 -0.003252 -0.002478 -0.043304 0.009410 -0.120096
-0.033011 -0.048392 -0.005792 0.049473 0.058279 0.016535
0.167706 0.127544 0.008206 0.154217 0.102377 -0.189286
0.043613 0.022146 -0.051661 -0.046842 -0.106535 0.047253
0.000768 0.000972 -0.000141 -0.081609 0.021579 -0.074007
0.101994 0.068061 -0.081081 0.087607 -0.109196 -0.130559
0.042250 0.066180 0.114541 -0.083895 0.077890 -0.101334
