0.139227 0.117035 0.031885 -0.096921 -0.116399 -0.070200
0.006839 -0.049490 0.096523 -0.198860 0.178273 0.234895
0.063639 0.007357 -0.086549 -0.039726 -0.027770 0.126330
0.093728 -0.062645 -0.040643 -0.073520 0.056197 -0.136985
0.092697 -0.062788 0.073731 0.094165 -0.025584 0.019691
0.061670 -0.058385 -0.117616 -0.232604 -0.008509 -0.036427
-0.023420 -0.062391 -0.081519 -0.105446 -0.175356 -0.079782
0.078649 -0.030295 -0.025804 0.088389 -0.024650 0.001057
0.045963 -0.014817 -0.015308 0.140881 0.120554 0.161778
-0.018505 -0.003693 -0.018011 0.044589 0.003472 -0.000362
0.045854 -0.077737 0.025251 0.015922 -0.008336 -0.000877
-0.019427 0.016977 0.012093 -0.035799 0.058902 0.053967
0.024206 -0.000716 0.050369 -0.086915 0.074415 0.010991
0.120951 -0.106331 0.074834 -0.003828 0.116507 0.096174
0.006544 -0.034628 0.098409 0.000981 -0.030751 -0.035916
0.000559 -0.001870 -0.000653 -0.138425 -0.228958 0.221099
0.041009 -0.057390 -0.074944 0.009997 -0.091466 -0.019166
-0.075089 0.042347 -0.023774 0.047367 -0.039572 -0.029142
-0.076462 0.057995 0.051180 -0.026175 0.042247 0.011166
0.123300 -0.021766 -0.112071 0.086838 0.007671 0.057068
0.030663 -0.000687 0.122556 -0.119064 0.071568 -0.099157
0.054953 -0.058928 0.071709 0.054897 -0.054767 -0.052798
0.048935 -0.055905 -0.038940 -0.099908 -0.124150 -0.123965
-0.031834 0.064963 0.037082 -0.030583 0.032786 -0.007055
-0.022116 0.135028 0.084617 0.011934 0.063479 -0.034646
0.068220 -0.010868 -0.006920 -0.006243 -0.016557 0.017094
-0.102410 -0.061901 0.062249 -0.213659 -0.148805 -0.039863
-0.016807 0.047002 -0.079106 0.019065 0.092276 -0.034952
0.051602 0.062428 -0.043704 -0.021124 0.056397 0.065553
0.165471 0.134633 -0.056096 0.200668 0.147322 -0.153172
0.078780 -0.152396 -0.018963 0.106077 0.145451 -0.252776
0.005221 0.042343 0.038869 0.105251 -0.142997 0.113560
-0.015866 -0.001236 -0.014475 0.052773 -0.023953 -0.038772
0.018432 -0.146958 0.037980 -0.073119 -0.082658 0.038065
0.052003 0.042036 0.055078 0.019484 -0.118391 -0.139915
0.047140 0.010413 0.027193 0.046392 0.093724 0.158931
0.000443 -0.000924 -0.000977 -0.114464 -0.086060 -0.098169
0.021607 -0.019617 0.014322 0.010732 -0.029745 -0.027341
-0.028973 0.038734 -0.104833 -0.005538 -0.012802 0.016209
-0.018196 -0.036113 0.164956 -0.001145 0.000322 -0.001962
0.062266 0.018317 -0.077534 0.164318 0.165909 0.048534
