0.067119 -0.031503 -0.121953 -0.019113 0.006532 0.009858
-0.017318 0.086865 0.115918 -0.062081 0.081198 0.073163
-0.004716 -0.010534 0.104421 0.083761 0.026873 0.046603
0.007591 0.041601 0.039411 -0.000284 -0.004263 0.002471
-0.064859 -0.070422 -0.033153 -0.085538 0.050345 -0.092241
-0.004931 0.029197 -0.024256 -0.055471 -0.107196 -0.037578
0.044749 0.076988 0.006307 0.107896 0.054612 -0.011475
-0.145503 -0.131016 0.025807 0.076264 0.091157 -0.051608
0.020381 0.016363 0.043832 -0.069939 0.075911 -0.089985
0.023824 -0.032312 0.017474 -0.063942 -0.066518 -0.050424
0.027781 -0.022590 -0.027904 -0.077631 0.001684 -0.049036
-0.029727 -0.032662 0.017296 0.020059 -0.023732 -0.020890
0.037377 -0.071418 -0.117530 -0.154720 -0.167191 0.052459
-0.033276 0.032478 0.011781 -0.109988 -0.033044 -0.084269
0.024254 -0.012265 0.060560 -0.059609 -0.086328 0.137919
0.014979 0.059666 0.035264 -0.003854 -0.004005 0.004598
-0.072005 -0.065326 0.036813 0.102914 0.089867 -0.016758
0.021052 0.058660 -0.061456 0.014985 -0.039063 -0.006612
0.033540 -0.063341 0.005916 0.013736 -0.075672 -0.018012
-0.096525 -0.058471 -0.067949 0.071621 0.031899 0.133723
0.066227 0.066069 -0.032922 -0.032448 -0.048489 -0.100091
-0.005130 -0.102527 -0.100232 0.052004 -0.052584 -0.109949
-0.054046 0.010385 -0.096088 0.014516 -0.037689 -0.064081
-0.024482 0.016216 0.001324 0.091028 -0.094600 0.077190
-0.001581 0.008991 0.049420 0.049189 0.034275 -0.022641
-0.120744 -0.101990 0.073887 0.085070 -0.083786 0.080364
0.021603 0.059927 0.056133 -0.033731 -0.082968 0.012397
-0.101642 -0.031085 -0.123228 0.195173 -0.055472 0.146809
0.033003 0.048874 -0.064956 0.038287 -0.100738 -0.100161
-0.000818 0.000802 0.000366 0.094762 0.101862 0.066634
-0.049904 -0.000396 -0.053063 0.143550 -0.090730 -0.079495
0.023049 0.011010 0.016144 -0.069170 -0.101299 -0.043743
-0.002076 0.002392 -0.032636 0.053041 0.021984 0.089104
0.078275 -0.003431 0.002340 -0.015865 0.045004 0.008183
0.004874 -0.050723 0.013933 0.016835 0.020353 -0.001895
0.081010 0.054749 0.013100 0.176285 0.091159 -0.111180
0.017855 0.010927 0.000158 0.005066 -0.034545 0.013823
0.014504 0.010910 0.010757 -0.103711 -0.063792 -0.070831
-0.071940 -0.014535 0.074384 -0.016481 0.016993 -0.005310
0.010401 -0.008894 0.005156 -0.059237 -0.003845 0.003687
