-0.062206 0.040165 0.065056 -0.039421 0.096221 0.089798
-0.016722 0.004596 0.004803 -0.204848 -0.185375 0.041458
-0.026404 0.021283 -0.043324 -0.022858 -0.041215 0.013021
0.050184 0.109051 0.096616 -0.065355 -0.060220 -0.054945
-0.002235 0.007685 0.006140 0.027628 -0.026455 -0.039757
-0.002249 -0.000653 0.001821 -0.029680 -0.034094 -0.022602
0.004417 -0.016219 0.020021 -0.086435 -0.040305 -0.031568
0.004670 0.011948 0.030017 0.006688 0.011495 0.022353
0.000753 0.003076 -0.017683 0.012435 0.089614 0.054954
0.016487 0.142902 0.088968 0.055878 0.036949 0.078241
-0.051175 0.030316 -0.012192 -0.028885 0.026453 -0.003749
-0.005752 -0.004157 0.008043 -0.034001 0.105924 0.053765
0.025306 -0.009706 0.016052 -0.019724 -0.069469 0.034865
0.104473 -0.023549 -0.116452 -0.005578 -0.080507 -0.117447
-0.079646 -0.006366 0.018289 -0.197723 0.182578 -0.055645
-0.043414 -0.003104 -0.035361 0.001549 0.129752 -0.056268
0.081468 0.002466 -0.024135 -0.153131 -0.161858 -0.080999
0.001475 0.000056 -0.001510 0.053190 0.070712 -0.069597
0.053617 -0.076740 0.023093 -0.029999 0.069701 0.117543
0.044250 -0.039354 0.043104 -0.068223 -0.165146 0.025285
0.080250 -0.007275 -0.060044 -0.169787 0.085545 -0.145263
-0.006785 -0.119699 -0.008403 -0.019205 0.033258 0.012650
-0.070100 -0.081956 -0.070044 -0.001644 -0.017287 0.081515
-0.050796 -0.020510 0.050450 0.035733 -0.052847 -0.049007
0.003403 -0.001158 0.002394 -0.081729 0.095866 0.008039
0.027681 -0.045028 0.057752 0.049316 0.055954 0.038992
0.018869 0.007097 -0.021080 -0.024141 0.064642 0.103161
-0.038832 0.079271 -0.043414 0.088819 0.101710 0.203902
-0.078420 0.050350 0.007820 0.142152 -0.092518 -0.117234
-0.025245 0.034554 -0.001660 0.127814 0.024632 -0.123598
0.032534 -0.031787 0.051624 0.002065 0.058316 0.018290
-0.141223 0.081877 -0.087119 -0.043834 -0.072671 -0.055275
0.093102 -0.109957 0.067049 0.010563 0.002658 0.000059
0.058951 -0.094606 0.050556 0.041051 -0.040291 -0.009605
-0.033943 -0.097764 -0.011645 -0.034230 -0.090503 0.101746
0.003456 -0.001793 -0.005802 -0.040891 0.023455 0.003154
-0.006502 0.026984 0.002763 -0.042681 -0.019751 0.048250
0.095769 0.035229 0.091336 -0.136224 0.137938 0.029226
0.050532 -0.075725 0.024988 0.060453 -0.094567 0.078412
-0.051003 -0.121548 0.090565 -0.000239 -0.000001 -0.009113
0.028553 -0.106051 -0.095796 -0.085515 0.119257 0.108752
