0.030046 -0.033404 -0.115928 -0.049409 -0.070602 -0.012492
0.089749 -0.048797 0.111786 0.066681 0.049370 -0.017651
-0.072438 0.113506 0.032834 0.106275 -0.138341 -0.123773
-0.044238 -0.053027 0.160782 0.071367 0.143796 -0.096966
0.082316 -0.101368 -0.039953 -0.144969 0.080858 0.006655
-0.037247 0.036254 -0.099412 -0.056715 -0.065392 -0.069904
-0.112439 0.021361 0.003886 -0.056375 0.003301 -0.035465
-0.082877 0.067240 0.111868 -0.011523 -0.030779 0.025195
-0.048064 0.119927 0.034448 0.028688 0.002455 0.012814
0.010399 -0.027122 0.067421 0.052406 -0.039620 0.002870
0.016071 -0.019895 0.006510 -0.085352 -0.124335 -0.008067
-0.077806 -0.058383 -0.061964 -0.011115 -0.041772 0.034178
0.000179 -0.006589 -0.005713 -0.071892 0.049379 0.011630
0.062453 0.011862 -0.065631 0.048637 0.159223 0.102341
-0.002634 -0.004439 -0.002447 0.040933 0.013099 -0.017259
0.001768 0.000958 -0.000931 0.008339 -0.077459 -0.106526
0.024990 0.002092 0.039020 -0.000404 -0.011180 0.001119
-0.000429 -0.000989 -0.000375 -0.038051 -0.126110 0.024580
-0.015292 0.125964 0.027162 -0.127302 -0.071043 -0.126682
-0.046613 0.062165 0.097404 0.144827 -0.075448 -0.119520
-0.035018 -0.010465 0.062657 -0.030792 0.111899 0.044516
0.149658 -0.009043 0.099624 0.169314 -0.021551 0.059246
0.073412 -0.004231 -0.055110 -0.112173 0.009340 0.062808
-0.001605 0.008239 0.131392 -0.052532 -0.019793 -0.005278
0.014347 -0.014845 0.027051 -0.087630 -0.048905 -0.127280
-0.005810 -0.005904 0.009563 -0.025532 -0.002667 -0.011725
0.030624 0.033987 0.000377 -0.027056 -0.027876 -0.002648
-0.127197 0.142737 0.024672 0.022206 -0.002150 0.022677
0.006470 0.010881 0.004286 -0.000648 0.000780 0.000283
0.020612 0.001751 0.021459 0.013475 -0.082606 0.063794
0.079297 0.082884 0.030548 0.011418 -0.046600 -0.050328
0.057996 -0.016776 -0.034179 -0.021856 -0.042709 -0.061712
-0.073355 0.080005 -0.037142 -0.003168 -0.094864 -0.129560
0.070142 0.009100 -0.026019 0.077200 0.045603 0.085998
-0.033001 -0.012806 -0.043025 0.176958 -0.176520 0.210529
-0.012795 -0.015807 -0.035699 0.010098 0.019224 -0.047535
0.077739 -0.029483 0.073098 0.001102 0.006699 -0.001659
0.127712 0.072127 0.128445 0.017488 -0.083164 0.095509
0.006308 -0.014149 -0.009069 -0.059948 0.049741 -0.095576
0.001232 0.001091 0.001479 0.010287 0.149982 -0.070238
