-0.001038 0.000869 0.003825 0.014898 -0.039181 0.001273
0.042190 -0.052101 -0.024836 0.037213 0.029105 -0.035573
0.102438 -0.084586 0.086135 -0.188608 -0.106538 0.228143
0.091412 -0.033773 0.048064 -0.009335 -0.006902 -0.014951
0.141574 0.124281 0.142023 0.035069 -0.085360 0.235036
-0.008683 0.070907 0.000070 -0.000133 -0.000107 -0.000176
0.011352 0.038640 0.107452 0.083208 -0.137468 0.050264
0.058851 -0.005092 0.021231 0.123877 0.161710 0.081854
-0.113141 0.096170 -0.058702 -0.116043 0.093922 -0.075734
-0.011531 0.009228 -0.036231 0.197788 0.137566 -0.143165
-0.042695 0.037318 0.081940 -0.020914 0.034404 0.013112
-0.108498 0.031549 -0.001482 -0.041821 0.041315 -0.113126
0.002256 -0.002454 -0.000927 0.037898 -0.033150 -0.057377
-0.030654 -0.033688 0.038670 0.020305 -0.012571 0.111439
0.092133 0.031361 -0.046536 0.009940 -0.004255 0.074049
-0.018533 0.022749 -0.004602 -0.122976 0.075937 0.136225
0.001326 0.040834 0.021302 0.009050 -0.036261 0.009798
0.046438 -0.017792 -0.024869 -0.002129 0.006808 -0.091769
0.056037 -0.014003 -0.123724 -0.026228 0.005708 -0.080378
0.001913 0.010547 0.010323 0.048248 0.085264 0.008455
0.057143 -0.032442 -0.027735 0.016945 0.017063 0.031581
0.077083 -0.140412 -0.107191 0.025014 -0.012526 0.002770
0.018997 -0.046155 -0.012595 -0.084295 -0.099506 -0.211899
0.006286 -0.013021 -0.006423 -0.010667 -0.016066 0.042220
0.108652 -0.076613 -0.009508 0.109104 0.110667 0.051781
0.040134 -0.012465 0.045048 -0.117897 -0.102266 -0.061891
0.008117 0.020557 -0.008566 -0.230816 0.218885 0.173640
0.008517 0.028138 0.022008 0.004817 0.008120 -0.004037
0.066825 -0.104201 0.043823 0.067376 -0.064867 0.045129
-0.078140 0.011822 0.021423 0.054755 0.152782 0.115274
-0.080535 0.080251 -0.110486 -0.203031 -0.166155 -0.057442
0.015158 0.026205 -0.004425 -0.034053 0.077030 -0.026804
-0.089375 -0.046850 -0.046318 0.066303 -0.006770 0.020303
0.118281 -0.035507 0.136573 0.001860 -0.016409 -0.003094
-0.041212 -0.049760 -0.037821 0.008802 -0.033223 -0.067206
0.062994 -0.024307 -0.037109 -0.020432 0.019893 0.063099
0.000244 0.000693 -0.000806 -0.030589 -0.009587 -0.052666
0.070162 -0.035744 -0.049195 0.001223 -0.000742 0.000452
-0.023889 0.018648 0.010504 -0.013808 -0.059108 0.037257
0.070039 -0.057775 0.038843 0.225087 0.228272 0.110834
