0.039139 -0.026431 0.020987 -0.131967 0.015274 -0.169973
0.030527 -0.080058 -0.053507 0.157938 -0.127985 0.011564
-0.032431 0.000425 0.066120 -0.061344 0.011819 -0.047746
-0.021276 0.007615 -0.028077 -0.047986 -0.042265 0.058029
-0.071406 0.098032 -0.041143 0.004813 -0.013264 0.039442
-0.013029 0.000625 -0.002120 0.022668 -0.037306 -0.005457
0.015345 -0.027536 0.002325 -0.004198 -0.004229 -0.003223
-0.075418 -0.092390 0.034946 0.039016 -0.181077 -0.172253
0.006819 0.004081 0.020379 0.155736 -0.057382 -0.008086
0.000503 0.000461 -0.000709 0.055299 -0.070776 0.110953
-0.063074 0.025516 0.050858 -0.052469 0.021522 -0.168838
0.001443 -0.011357 0.013075 0.076207 -0.134015 0.113976
0.025365 0.081897 0.049176 -0.028443 -0.076084 -0.069809
0.011345 -0.021191 0.014766 0.094161 0.235188 0.063011
0.019814 -0.003733 -0.039333 0.024568 -0.032539 -0.008938
-0.071225 -0.124217 -0.053006 -0.061772 -0.085093 0.020787
-0.014887 0.075525 -0.049396 -0.052110 0.038125 -0.070097
-0.008453 0.004709 0.007407 -0.083437 -0.046429 -0.088385
-0.003566 -0.000046 0.001453 0.007849 -0.027330 0.027878
0.091593 -0.025504 0.064709 0.035226 -0.050390 -0.022732
0.095966 0.073091 0.060854 -0.054009 0.045686 -0.032408
0.082234 -0.121173 0.028751 -0.014551 0.007859 0.040109
0.010141 -0.010420 -0.011528 -0.008881 0.014624 0.015286
-0.058139 0.021616 0.065338 -0.008045 0.060413 -0.074949
-0.014678 -0.064329 0.009577 -0.107745 -0.014778 -0.016680
-0.130074 0.027309 -0.103715 0.022851 0.055129 -0.046920
-0.098668 -0.106935 -0.041502 0.100547 0.037502 0.144929
0.109668 0.034179 0.117111 0.011602 -0.005680 -0.002667
-0.057809 -0.048798 0.036714 -0.029691 0.009704 0.037212
0.015525 0.016738 -0.018304 0.045988 0.112400 0.054625
0.061063 -0.134425 -0.040317 0.033399 -0.057642 -0.209176
0.002895 0.066828 -0.043656 -0.002246 0.008085 0.008236
-0.052669 -0.059191 -0.024427 -0.058045 0.142581 0.153500
0.060296 0.034329 0.039135 -0.126904 -0.144588 -0.070941
-0.067179 -0.074636 0.076856 -0.001614 0.008610 0.009945
0.006437 -0.004247 0.000829 0.021734 -0.016704 0.022910
0.036829 0.046018 -0.041134 0.048783 -0.135065 -0.135425
-0.029546 0.023166 0.045548 0.024037 0.058319 -0.040398
0.020850 -0.007396 0.004642 0.025240 -0.199872 0.140478
0.056242 -0.048524 0.028156 0.011726 -0.009410 0.020365
