0.024609 -0.023264 -0.020904 0.041907 -0.029026 0.098506
-0.043072 0.112677 -0.068907 -0.075802 -0.147329 0.016888
0.055181 0.025022 0.046118 0.089736 0.123850 -0.037135
-0.021761 0.027636 0.013077 0.078253 -0.011433 -0.088394
0.000376 -0.000194 0.000366 -0.065190 -0.053068 -0.071644
-0.008242 -0.009093 0.012140 0.090586 0.171056 -0.127542
0.027197 0.031963 -0.027481 -0.017202 0.116055 0.118662
0.100353 -0.032180 0.101847 0.007120 -0.047387 -0.040296
0.047449 -0.063163 -0.020390 -0.151958 -0.164608 -0.123554
0.132310 0.085102 0.012608 -0.088677 0.042681 0.134734
-0.016286 0.066344 -0.051231 -0.009249 0.023293 0.013848
-0.010059 -0.016793 -0.001436 0.005879 0.007097 -0.002711
-0.060423 -0.061312 0.082379 -0.028517 -0.028701 -0.090329
0.063597 -0.047014 -0.016147 -0.059339 -0.104277 -0.149229
-0.005001 0.004619 -0.006826 -0.166733 0.190930 0.011828
-0.036887 0.024896 0.009326 0.060270 0.045921 0.029936
0.029450 -0.012162 0.096322 -0.059305 -0.023490 0.027930
-0.009433 0.050996 0.005604 0.003047 -0.011794 0.013654
0.022322 -0.014466 0.014295 0.161878 0.076729 -0.123637
-0.049562 0.090490 -0.135944 0.024955 0.039598 0.030719
0.074447 -0.035946 -0.053131 -0.088363 -0.005220 -0.129298
-0.003053 0.005896 -0.001419 -0.090456 -0.099568 0.138030
-0.000479 0.003541 0.002880 -0.085172 0.040239 0.000963
0.009865 -0.032527 0.033121 -0.014797 0.060966 -0.172586
-0.011487 0.037870 0.015349 0.103207 0.152717 -0.200893
0.070259 0.056538 -0.024071 0.050826 -0.010396 0.020805
-0.101205 -0.037725 -0.045928 -0.025653 0.026149 0.070603
0.034544 0.039365 0.088437 -0.078466 -0.179446 -0.037625
0.084689 0.126937 0.031796 0.032075 -0.047767 0.042678
-0.095443 -0.012406 -0.008374 -0.000356 -0.009214 0.002472
-0.029409 -0.044064 -0.015547 0.099443 -0.179620 -0.179186
0.056918 0.007988 0.095516 -0.057591 0.036667 -0.060747
-0.048133 0.001968 0.039848 0.086779 0.079643 0.030565
0.008904 0.023244 0.033223 0.123116 -0.025882 -0.003206
-0.001547 -0.001290 0.001348 0.090509 -0.149046 0.179082
-0.021542 0.116005 -0.062925 -0.060158 -0.119398 0.044630
-0.018893 -0.010796 0.122449 -0.050793 0.119843 -0.019202
-0.049000 -0.007275 0.025400 0.102448 -0.038002 -0.091630
-0.094152 -0.001627 0.075209 -0.016174 -0.010970 0.026452
0.021844 0.085943 0.052849 0.000947 -0.002175 -0.003526
