-0.059983 0.051617 -0.073676 -0.002541 -0.001168 0.004708
0.008267 0.052065 -0.064877 -0.179006 -0.185952 0.225206
0.029301 -0.051441 -0.108197 0.068770 0.182626 0.035371
-0.006884 0.023425 -0.019080 -0.090228 -0.094189 -0.084267
-0.008246 0.024354 -0.029807 -0.180531 -0.190899 -0.218475
-0.072980 0.114019 0.038468 0.048650 -0.091292 0.023192
-0.007082 0.007237 -0.003695 0.034442 0.003176 0.003912
-0.006318 0.003251 -0.010969 -0.047074 0.028152 -0.017965
0.035429 0.027514 0.012801 -0.052449 -0.087267 0.110599
0.004121 0.005345 -0.023842 0.160617 0.101422 0.061985
0.029901 0.008161 0.074425 0.065768 -0.093389 0.131937
0.049478 -0.053405 0.053077 0.041030 -0.048181 -0.031215
-0.154869 0.035610 0.047716 -0.046418 -0.083043 0.007570
-0.045509 -0.071288 -0.029765 0.040793 -0.108304 0.107909
-0.010450 -0.008421 0.004328 -0.046448 0.011560 -0.027878
-0.138068 -0.038162 -0.035587 0.017499 -0.017783 0.031018
0.035525 0.046347 0.035901 0.065438 -0.036039 -0.010158
0.082721 0.055653 0.058137 -0.001809 0.001089 0.000093
-0.004988 0.007994 0.014468 -0.083261 0.122192 -0.096656
0.041819 0.023340 0.064115 0.005220 0.005461 0.002874
-0.001980 -0.002855 -0.003354 -0.060482 0.053250 0.037212
-0.036503 -0.092471 -0.056844 -0.033326 -0.045261 0.039812
-0.093350 -0.066496 0.093190 -0.049893 -0.040622 0.016247
0.042225 -0.034552 0.035859 -0.058615 0.025054 0.056324
0.047999 -0.035699 0.019236 -0.056041 0.108695 0.059387
-0.047870 -0.027404 -0.030263 -0.062999 0.013609 0.009809
0.012251 0.092578 0.015648 -0.017209 -0.042572 0.049322
0.098523 0.100466 -0.086768 0.112033 0.178368 -0.194299
0.101236 -0.050367 0.078696 0.035004 -0.074636 -0.044455
0.009016 0.045749 0.018521 -0.078116 0.036352 -0.079294
0.071578 -0.100232 -0.072623 -0.025345 -0.043227 0.036498
0.030741 0.086617 0.046241 0.028076 -0.075273 -0.029830
0.096497 -0.017559 0.107394 -0.057911 0.022692 -0.103729
-0.132137 -0.086479 0.051884 -0.098505 0.129563 -0.121189
0.007584 0.090960 -0.067188 0.039098 0.021177 0.041912
-0.045951 0.053031 0.065671 -0.003534 0.049161 0.036103
-0.042589 0.069912 0.123493 0.188681 -0.030099 0.154293
-0.054094 0.004611 -0.026911 -0.009312 0.030229 -0.019213
-0.130859 0.084782 -0.015518 0.227420 0.147407 -0.193638
-0.015549 0.007008 0.010938 0.199749 0.068111 -0.047037
