-0.027025 -0.013249 0.000604 0.188158 -0.013217 0.072530
-0.016353 0.023816 -0.018578 -0.049167 -0.030575 -0.007996
0.019893 -0.096549 -0.015615 0.002548 0.011333 0.018986
-0.009315 -0.017294 0.022599 0.038476 -0.026966 0.055534
-0.053036 0.006230 -0.005556 0.061143 0.032596 0.010956
-0.069667 0.104173 0.084093 -0.012966 -0.012575 -0.000998
0.051722 0.003330 0.094866 -0.103385 0.051621 -0.130841
-0.072506 -0.134318 0.158395 -0.137111 -0.061877 0.095835
-0.045527 0.024396 0.002429 0.021763 -0.022791 -0.017664
0.076077 0.089886 -0.060798 0.026075 -0.020335 -0.079117
-0.001630 -0.123922 0.098725 0.003538 -0.012465 0.000670
0.156988 -0.062850 0.029800 0.098122 0.211351 -0.233660
-0.027841 -0.030632 0.100401 0.152411 0.017755 0.171246
-0.104916 -0.015463 -0.000463 0.076535 -0.018734 -0.013724
-0.095525 0.044536 0.072228 -0.047324 0.189439 -0.093009
-0.076375 0.037201 -0.006221 0.029997 0.017632 0.045251
0.135723 -0.136517 0.122989 0.160586 0.163419 -0.212436
-0.041590 0.094373 -0.057107 -0.040651 -0.056488 0.035119
0.002318 0.003193 0.008492 0.033023 0.061497 0.060605
0.016741 0.019961 -0.007519 0.009813 0.079921 -0.115465
-0.006343 0.000093 0.007313 0.118453 -0.157618 -0.168826
0.052799 -0.035915 0.041990 0.054733 0.143127 -0.061597
0.041255 -0.016598 0.050069 0.102453 -0.043582 -0.084056
-0.002096 0.006121 -0.032939 -0.020523 0.069381 -0.065531
-0.000863 0.006862 0.004342 0.217440 -0.104059 -0.101872
-0.024659 -0.001728 0.019436 -0.035604 -0.064714 0.077735
-0.053238 -0.015582 0.062054 -0.049066 -0.035811 -0.026203
0.068177 0.073598 -0.058602 0.114757 0.070999 0.053923
-0.068443 0.051333 -0.005626 -0.017318 0.032065 0.012343
0.091544 0.071971 -0.039584 0.059502 0.021102 0.058410
0.019720 0.023158 -0.024637 0.094209 0.023431 -0.128294
0.035677 0.003258 -0.012978 0.045569 -0.164263 0.040643
-0.043132 0.037792 -0.046824 -0.019434 0.133993 -0.116475
0.039349 -0.018106 -0.009464 -0.039745 0.021719 0.031475
0.000754 0.005488 -0.003675 -0.044174 0.054242 0.160754
-0.004820 0.004080 -0.003296 0.007798 -0.022168 0.045621
-0.019947 0.031334 -0.022468 0.140327 -0.026173 0.108634
0.071485 -0.046807 0.092315 0.009485 -0.028605 -0.010797
0.171952 0.023875 -0.057463 -0.209374 0.086449 -0.127496
0.047761 0.023732 0.000369 -0.082210 -0.014394 -0.040204
