0.069296 -0.120062 0.110757 -0.236539 -0.130879 -0.162381
0.131376 0.062330 -0.143175 0.102870 -0.120375 -0.004518
-0.022653 -0.018378 -0.016298 0.007600 -0.018752 0.009557
0.029007 0.018701 0.040748 -0.217264 -0.156722 -0.200113
-0.003130 0.002812 0.002973 -0.029450 -0.035360 0.013811
-0.035191 -0.041000 -0.021932 -0.016824 0.044427 0.091297
0.007429 -0.010217 -0.009447 0.004052 -0.004506 -0.010666
0.037698 0.036307 0.055342 0.035721 -0.052196 0.055258
-0.079324 -0.076903 0.053901 0.152449 0.070472 0.197747
0.004790 0.003296 0.000863 0.135464 0.029851 -0.103629
0.053872 0.155144 -0.105465 0.049708 -0.022875 -0.020302
-0.064477 0.099336 -0.097173 0.127924 0.131461 0.060184
-0.001013 0.001341 0.000580 0.005308 -0.071428 -0.008848
0.014727 -0.019321 -0.000629 0.229520 0.061111 0.017808
0.105919 -0.069463 0.000910 -0.003083 -0.005227 0.010249
0.032977 -0.047867 0.067338 0.006771 0.055184 -0.016189
-0.038848 -0.018672 -0.021039 0.001868 0.001783 0.000703
-0.031191 -0.046968 0.026988 0.049892 0.045736 0.069830
0.041807 -0.147384 -0.101282 0.117997 -0.038743 -0.147449
0.038037 0.014710 0.015442 0.045299 -0.003703 -0.063606
-0.095509 -0.069983 -0.024097 -0.020767 0.001481 0.107576
-0.016989 -0.063658 0.007653 0.073560 -0.087319 -0.104960
0.010417 -0.013271 0.014530 -0.036534 -0.056797 0.134938
-0.061571 0.040429 0.058587 0.109564 0.174852 0.008226
-0.038393 -0.072274 0.038152 0.039223 0.081360 -0.213218
0.008965 -0.019114 0.036218 0.018979 -0.016290 -0.128786
-0.033083 0.049433 0.037112 -0.042903 0.048776 0.044496
-0.132506 0.101929 -0.145317 0.098818 0.242734 -0.076405
-0.012474 -0.003754 -0.015177 -0.035307 0.075938 -0.032625
0.104602 -0.021477 0.042529 -0.014018 -0.053737 0.020880
-0.001341 0.000864 -0.000467 -0.039521 0.002325 0.063699
-0.101185 0.019451 0.064443 -0.006531 -0.006759 0.011771
0.103422 -0.072995 -0.058811 -0.051797 -0.007466 0.148652
0.017489 0.024676 0.034974 -0.009841 -0.016887 -0.013225
0.068456 -0.028281 0.069291 -0.053523 -0.085728 -0.088646
0.064413 -0.022822 0.062156 0.066661 0.024170 -0.054261
0.066230 0.119567 -0.077033 -0.012107 -0.005882 -0.007492
-0.008980 -0.005258 0.000922 -0.051739 -0.143623 0.033758
0.044686 -0.042501 0.037274 -0.088008 -0.089905 -0.090002
-0.045149 0.076105 -0.005981 0.079187 -0.107706 -0.074691
