0.040344 0.025249 -0.011196 0.001227 0.079510 0.053464
0.015877 0.042206 0.067689 0.039410 0.038950 0.083730
-0.101115 0.093733 -0.117699 -0.028135 -0.220665 -0.147824
0.032786 0.009566 0.007043 0.047297 0.140951 0.153125
0.089963 -0.091493 0.026367 -0.032528 -0.144517 0.238081
-0.001914 0.002187 0.010033 -0.009705 0.009813 -0.008488
-0.038390 0.087703 0.076279 -0.003388 0.008659 0.002965
-0.007109 -0.038327 -0.025239 0.135933 0.009789 -0.154809
0.006984 -0.013743 -0.008459 0.053147 -0.016541 0.080255
0.040500 0.037013 0.028465 0.006496 0.000858 0.005305
-0.089309 0.075149 0.040714 -0.068650 -0.127552 -0.114008
-0.058300 0.036860 -0.023774 -0.022952 -0.052822 -0.070225
-0.013718 0.011757 0.037685 0.051934 -0.032349 0.060255
-0.002073 -0.016879 0.009833 -0.028706 -0.090303 -0.195346
0.006724 -0.004284 0.032312 -0.096705 0.073739 0.038540
-0.028921 -0.083936 -0.049682 -0.022310 -0.053592 -0.207425
0.021741 0.079156 -0.067836 0.084630 0.094342 -0.052550
-0.047275 -0.071789 0.101505 0.007874 -0.087715 -0.080770
-0.067415 0.047119 -0.084465 0.005928 -0.135912 -0.222980
-0.047174 -0.014560 0.024178 -0.015137 -0.026308 0.008271
-0.077448 -0.042950 -0.037074 -0.102418 0.117061 0.092916
-0.017922 0.001128 0.023194 0.063684 -0.060841 0.037615
-0.032219 -0.111639 0.098349 0.039302 0.002964 -0.006106
-0.092036 -0.044876 -0.003131 0.017306 0.010333 -0.013608
-0.064035 0.062617 -0.045501 -0.231964 -0.160363 0.104500
-0.047185 -0.026716 0.009890 0.032293 0.003417 -0.020369
0.015048 0.008390 0.012397 0.111239 -0.048105 0.083504
0.110328 -0.042571 -0.068599 -0.025171 0.017730 -0.016833
0.029511 -0.152670 -0.032628 0.059267 0.049087 0.223989
-0.019237 -0.050791 0.009523 0.014041 -0.012696 0.007081
-0.042756 -0.083117 -0.057620 -0.007869 -0.005314 0.004257
0.115524 -0.145741 -0.037262 -0.156519 0.201719 0.088086
0.131560 -0.015610 0.047378 0.016318 0.089321 -0.158273
0.027527 0.016066 0.065829 0.036950 0.073703 -0.094746
0.081628 -0.017606 -0.012701 -0.002085 0.002984 0.005673
0.011309 -0.011427 -0.010842 -0.074472 0.115482 0.106802
0.084947 -0.084149 0.039870 -0.137016 -0.178243 -0.013413
-0.029940 -0.066985 0.078653 0.020994 -0.031525 -0.027086
0.011081 -0.015497 0.004634 0.066715 -0.053523 -0.066214
-0.030294 -0.064984 0.082961 0.004061 0.202162 0.140786
-0.016899 -0.012448 -0.064305 0.067579 0.019762 -0.066862
