-0.015681 -0.015964 0.019785 0.177725 -0.123080 0.220553
0.001429 -0.008234 0.100848 0.086140 -0.107517 -0.091800
-0.005785 0.028882 0.015994 -0.114804 -0.039424 -0.121915
0.040297 0.011820 0.001390 -0.062899 -0.059649 0.092702
-0.013404 -0.004184 -0.015456 -0.017932 -0.004570 0.032558
0.017462 0.098353 -0.005455 0.041248 0.008061 -0.067913
0.016181 -0.001815 -0.014063 0.166633 -0.168174 0.076321
-0.137205 -0.010887 -0.137463 0.004852 0.025164 -0.022221
0.107392 -0.086449 0.000450 0.102268 0.092990 -0.153991
-0.001017 0.007567 -0.008457 0.109230 -0.013375 0.069725
0.000455 0.000252 -0.000356 -0.005239 0.000735 -0.008055
-0.009265 0.132332 0.070652 -0.076995 0.011554 0.050191
0.004315 0.051071 0.023982 0.073597 -0.086461 0.053432
0.125959 0.098587 0.053422 0.032441 0.079385 -0.005332
0.003603 -0.044622 -0.062281 -0.000423 -0.033803 0.019442
-0.038507 0.055652 -0.087241 -0.012576 -0.032099 -0.024986
0.142931 -0.033827 -0.112457 -0.162305 -0.079028 0.077954
-0.105208 -0.029181 0.121413 0.079972 -0.096393 -0.135709
-0.114950 -0.143115 -0.159878 0.000203 0.001746 0.000085
-0.046633 0.052432 0.057926 -0.022961 -0.070842 -0.019239
0.036076 -0.067610 0.149321 -0.011851 0.012991 0.000937
-0.006456 -0.013837 0.007426 -0.013949 -0.078464 0.095275
0.003260 -0.001545 -0.001566 -0.207088 0.196292 -0.101480
-0.006093 -0.013764 0.013025 -0.100364 0.003624 0.181359
-0.040088 0.019339 0.015596 -0.051006 0.078080 -0.011578
0.002131 -0.001066 -0.001477 -0.053457 -0.002777 0.020976
-0.001489 0.025769 0.040383 0.050154 -0.016680 -0.043024
-0.084053 0.012644 0.094155 -0.003445 0.007185 0.001422
-0.011479 0.003820 -0.006851 -0.028726 0.030927 -0.048549
0.013883 -0.016458 0.002767 0.008502 0.019259 0.005019
0.019465 0.004802 0.038377 0.050014 -0.067917 0.067733
0.028777 -0.032304 -0.017972 0.011915 -0.041326 -0.001826
-0.020744 -0.020930 -0.051274 -0.075164 -0.050012 0.013793
0.043402 -0.060792 -0.012485 0.010411 -0.045724 0.049851
-0.097467 0.036399 0.094175 -0.005140 0.052997 -0.040795
-0.015507 -0.017496 -0.004322 0.038219 -0.030175 0.068687
-0.012351 -0.005582 0.009583 0.006030 -0.020977 -0.000532
-0.006170 -0.003703 -0.009188 -0.002689 0.003732 -0.003437
0.079184 0.021707 0.013626 -0.079686 0.098729 -0.002997
0.000494 0.048772 0.046632 0.105866 -0.027961 0.167704
