-0.022138 0.151132 0.092967 0.010949 0.018276 0.167870
-0.062755 -0.028703 0.058967 0.090660 -0.020400 0.085705
0.001564 -0.112484 0.035519 0.086261 -0.015957 -0.212384
0.165738 0.073459 -0.137935 0.169424 0.139001 0.022320
0.004922 0.069107 -0.013652 0.002133 -0.004343 -0.003687
-0.007049 -0.046111 0.003695 -0.019264 0.044019 0.008241
-0.085042 -0.118273 0.011314 0.003442 -0.010102 0.019565
0.013658 -0.032874 -0.025913 -0.099983 -0.016914 -0.092540
0.022958 -0.103442 -0.095773 0.016231 0.009622 -0.009803
-0.018287 -0.022707 0.022750 0.093394 -0.051269 0.082421
0.130243 0.050754 0.070578 0.201467 0.104459 -0.052443
0.035581 0.035005 -0.030893 -0.167104 0.007843 0.069152
-0.064111 0.000772 -0.028490 -0.081809 -0.011021 0.000083
0.029022 0.011838 -0.031894 -0.020983 -0.244474 -0.076016
-0.075283 0.021345 -0.078200 -0.095080 0.012853 0.063897
0.017992 -0.109618 -0.074074 -0.052056 -0.057833 0.016702
0.015692 -0.000565 -0.011524 0.119468 -0.031911 -0.129795
0.040958 -0.031386 0.096712 0.038501 0.023544 -0.013469
-0.048427 0.022359 -0.004439 -0.057116 0.005118 0.065235
0.109699 -0.153203 0.033434 -0.195984 0.218966 0.080680
-0.037929 -0.062251 0.035728 -0.021876 0.059272 0.001314
0.001283 -0.111059 0.044017 0.086730 -0.024540 -0.024530
0.012861 0.008766 -0.002633 -0.147179 0.005664 0.017880
0.104735 -0.032871 0.019296 -0.117154 0.046547 0.116105
-0.036973 -0.069613 -0.022117 0.072392 0.056517 0.053463
-0.036030 -0.008980 0.023844 0.017402 0.007824 0.027353
0.058797 -0.013335 -0.058793 0.075373 -0.172221 -0.148421
0.052414 -0.014717 -0.078966 -0.020320 0.078073 -0.057542
-0.045790 -0.070558 -0.060221 0.040563 -0.175017 -0.145429
-0.047426 -0.103449 0.048274 0.102281 0.048528 0.014567
0.009423 -0.049585 -0.016960 -0.012454 0.068485 -0.011063
0.093690 -0.143515 -0.132825 0.009518 0.006367 0.032104
0.076267 0.020747 0.010413 0.074662 0.101988 0.165975
0.133647 -0.094385 0.093562 0.198464 0.051909 0.039948
-0.094011 0.047967 -0.024633 -0.104429 0.031254 -0.127572
-0.040477 0.027637 0.012473 -0.002635 0.004871 0.008605
-0.119351 0.013652 -0.118437 0.023239 0.000123 -0.064265
0.001048 0.048020 0.038933 -0.023843 -0.025570 -0.026392
-0.016076 -0.013656 -0.012111 0.158533 0.209859 -0.163066
0.015227 -0.009883 -0.011195 -0.051890 -0.134604 0.068455
