0.024587 -0.000904 0.012224 -0.011957 0.000012 0.024180
-0.096031 0.058736 -0.069677 -0.016440 0.031310 -0.008190
-0.023947 -0.039337 0.029791 -0.018255 -0.012754 -0.030476
-0.057820 -0.098257 -0.017597 0.060943 -0.034675 0.034853
-0.060142 -0.022349 0.089472 0.113536 -0.062714 -0.065838
0.036556 -0.016553 -0.039748 -0.121636 0.019218 -0.119126
-0.096467 -0.078741 -0.010015 -0.049110 -0.030987 0.003015
0.018589 -0.003855 -0.028676 0.039519 0.046311 0.088729
0.072621 0.015789 0.088768 0.049570 0.041654 -0.036519
0.003701 0.037711 -0.000195 0.017117 -0.002479 0.115870
-0.048910 0.112107 0.050983 -0.002098 -0.001855 -0.000251
-0.004783 -0.000983 -0.000240 -0.086299 -0.063680 -0.045472
0.012356 -0.016607 -0.028081 0.093246 0.107678 -0.001284
-0.069114 -0.019047 0.061727 -0.014949 -0.114570 -0.100279
0.032898 -0.043522 0.013843 -0.012191 0.061721 0.049867
0.035810 0.096084 -0.080626 0.040576 -0.028107 0.014543
-0.015758 -0.009208 0.026057 0.004498 -0.031106 0.110824
-0.120484 -0.002352 0.092895 0.197826 -0.216212 -0.077200
-0.024064 0.020708 0.003984 0.007604 0.095216 0.003601
0.005577 -0.116108 0.005438 0.032376 -0.037514 0.031317
0.038549 0.020150 -0.000083 -0.077664 0.156987 0.041248
0.001674 0.046327 0.002840 0.107007 -0.026452 -0.147080
0.046249 -0.002295 0.093982 -0.251225 -0.182537 0.163048
-0.011578 0.086667 -0.084623 0.001517 -0.001109 -0.000263
0.041633 0.001445 -0.038350 -0.011066 0.063407 -0.026265
0.143828 0.048977 0.124934 0.000993 0.000210 0.000635
-0.048654 0.013940 0.034232 0.031533 0.007199 -0.045092
-0.073755 -0.046774 0.009095 0.019613 -0.001889 0.017842
0.052608 0.042694 -0.041996 -0.101326 -0.116752 0.000499
0.039603 0.042512 0.139238 -0.022032 -0.018585 0.058602
-0.029004 -0.024106 -0.019599 -0.010141 -0.035069 -0.028722
0.002314 -0.013001 -0.001959 0.137398 -0.057236 -0.071177
0.040168 -0.032905 0.100866 0.026516 0.206455 0.170268
0.006591 -0.028706 -0.003601 -0.192921 0.180737 0.022845
0.010241 -0.010633 0.000732 0.020361 0.015958 0.008957
0.011327 0.011989 -0.009052 -0.008721 0.092024 -0.027008
-0.000810 -0.000543 0.001756 0.019842 -0.161843 0.016026
0.040844 -0.063000 -0.125213 -0.008941 -0.008175 -0.005386
0.148241 0.036939 -0.121087 0.076201 0.197602 0.058564
0.001912 -0.000988 -0.000611 0.008456 0.101173 -0.099671
-0.086804 -0.090772 -0.066783 -0.026745 -0.062446 -0.054285
