-0.044108 0.028088 0.013668 0.000110 -0.000722 -0.000306
0.123759 -0.157772 0.046447 0.018768 0.031932 -0.105852
-0.061651 0.053056 -0.025729 -0.021727 0.088834 0.153137
0.113626 -0.042625 -0.125438 -0.033160 0.090634 0.008837
-0.014308 0.110725 -0.064987 -0.008864 0.001258 -0.009781
0.012766 -0.028718 -0.034751 -0.002771 -0.055524 -0.037167
0.069864 -0.056816 -0.117549 -0.014265 -0.006377 -0.037335
0.033810 -0.029082 -0.006073 -0.031790 -0.091507 -0.068090
0.061770 -0.007035 0.023180 -0.062543 -0.043445 -0.002316
0.081433 -0.001937 -0.018465 0.155826 0.003194 -0.224729
-0.017375 0.035652 -0.012510 0.028142 -0.022083 -0.013926
0.049743 0.000667 -0.043454 0.009896 -0.011989 0.004422
0.110227 0.031738 0.041387 -0.028820 -0.009589 -0.105950
0.000133 0.005448 -0.005625 0.003464 0.017359 0.094473
-0.038924 -0.157167 -0.024162 -0.000851 0.142314 0.008840
-0.109191 0.094469 -0.090349 0.076185 -0.053517 0.018281
-0.004021 -0.041215 0.027541 0.005595 -0.176974 0.231015
0.008038 0.011146 0.103916 0.111893 0.070747 -0.129398
0.044767 0.050992 -0.020759 0.009268 0.009520 -0.000432
-0.000764 0.001397 0.000747 -0.016691 0.132594 -0.130604
0.002883 -0.012709 -0.019187 0.138214 -0.035581 -0.066687
0.092383 0.028062 0.142362 0.006521 0.028336 0.008444
0.001553 0.031113 0.004213 0.106248 -0.132893 -0.009740
0.005916 0.025040 0.087497 -0.004693 -0.035873 -0.039843
0.038237 0.055874 0.009876 -0.087596 -0.081438 0.017522
0.072775 0.028745 0.100590 -0.015659 0.038271 0.013004
0.019969 -0.006141 0.009827 -0.122044 -0.034184 -0.212587
-0.010950 -0.060830 -0.072454 0.108193 -0.105538 0.164003
-0.003484 0.125795 0.141134 0.108555 -0.083956 0.032143
0.059699 0.045737 -0.044239 -0.011316 -0.078095 -0.060985
0.002758 0.018744 0.011817 -0.007499 0.013742 -0.010179
-0.072891 -0.068889 0.095476 0.093238 -0.091778 0.066652
0.002645 -0.040143 0.010832 0.016377 0.015822 -0.020273
0.007087 -0.002823 0.012569 0.001164 0.006625 0.002995
-0.052472 0.009451 -0.018394 0.004404 0.117299 -0.089098
-0.003719 0.000442 0.069949 0.006347 0.005891 0.024830
-0.030599 -0.100237 -0.064467 0.077251 -0.052157 -0.015485
-0.029382 0.062535 0.022594 -0.167905 0.019655 0.018808
-0.065207 0.013639 0.049600 0.088047 0.087928 -0.066112
-0.008420 0.002047 -0.047584 0.087242 -0.076233 0.023501
