0.115994 -0.013489 -0.097533 0.183423 0.251912 0.156106
-0.016369 0.012227 0.026761 -0.053673 0.044444 0.042273
0.054675 -0.023804 0.009543 0.185044 -0.115983 0.169557
0.077231 -0.043372 0.007088 -0.013000 0.032233 -0.076171
-0.026597 0.007820 0.053391 -0.034086 -0.124775 -0.058603
0.042611 -0.033164 0.024750 -0.009762 -0.033701 0.043931
0.122981 -0.023141 0.046395 0.067795 0.013398 -0.034030
-0.059521 0.036826 -0.012417 -0.035956 -0.050581 0.009832
0.110423 0.084210 -0.069109 -0.021392 0.111813 0.007675
-0.075593 -0.134417 -0.157921 -0.026718 -0.012217 -0.013029
-0.098382 0.052493 0.071908 0.041844 0.097661 0.100267
-0.068242 0.075281 -0.033744 0.037586 -0.096638 -0.007118
0.048881 0.137221 0.127107 0.017616 0.003616 0.082714
-0.043405 0.021434 -0.027352 0.121200 -0.072217 -0.091816
-0.075041 -0.003872 -0.019573 0.001781 0.001483 0.000366
0.001363 0.000732 0.003759 -0.223860 -0.216805 0.208522
0.025850 -0.044928 -0.043793 0.185660 -0.163895 -0.134875
-0.050825 0.041419 0.074277 -0.001038 -0.003818 -0.007111
-0.097409 0.031181 0.009288 0.023175 -0.050429 0.022596
0.050966 0.052751 0.021279 -0.107457 -0.009026 -0.056115
0.047273 -0.023622 0.067836 -0.006614 -0.013787 -0.025512
-0.001794 -0.057574 0.030957 0.191784 -0.023038 -0.135885
0.076479 0.072836 0.011943 0.073528 0.008843 -0.016077
0.016704 0.015323 -0.021081 0.050013 -0.009682 0.043832
-0.002981 0.001759 -0.041258 0.123976 0.057498 0.105310
-0.041175 -0.043974 -0.018117 0.040494 -0.030238 -0.007795
-0.039625 0.034928 -0.001519 -0.001345 0.007374 -0.002669
0.116258 -0.097032 0.041972 0.100512 -0.034405 0.109628
-0.039955 0.064546 -0.048713 0.009960 0.013165 -0.015776
-0.038785 0.006216 -0.044843 -0.004706 0.092487 -0.075824
0.049707 -0.002714 0.040375 -0.036289 -0.151920 -0.136028
-0.028154 -0.023618 -0.090744 0.062115 -0.045313 0.006361
0.037138 0.045327 0.087251 -0.177776 -0.137958 0.176093
0.014808 -0.010686 -0.015012 0.002492 -0.003489 -0.003355
0.025887 0.060712 0.004080 0.024861 0.018947 0.019153
-0.099289 -0.105056 0.045059 0.173776 0.002089 0.019767
0.074383 -0.044166 0.042120 0.001844 -0.025926 -0.051147
0.019735 0.020639 0.014980 0.204358 0.187614 0.021594
-0.011989 0.012962 0.000649 -0.035110 0.086918 -0.044043
-0.052778 -0.087278 -0.034525 -0.005922 -0.033676 -0.060585
