0.066660 0.079471 -0.085992 0.013790 0.060608 -0.091735
0.075012 -0.076782 0.044031 -0.122938 -0.088437 0.003830
-0.129693 0.049061 0.067766 0.011206 -0.004319 -0.079630
0.036313 -0.042418 -0.000605 0.106120 -0.060726 0.007314
-0.019225 -0.025162 0.038366 -0.014518 -0.017582 -0.037284
0.084558 0.083907 0.038535 -0.018655 -0.033814 0.186861
0.004017 -0.017084 -0.034989 -0.044868 -0.027944 -0.037125
0.041632 -0.012623 -0.035803 0.029421 -0.028069 0.156912
0.003020 0.031152 -0.052258 0.053777 0.002451 0.017558
-0.043122 0.026156 0.031487 0.020426 0.010353 0.009749
-0.008848 -0.026215 0.045229 -0.137656 -0.180553 0.129086
0.020226 0.036291 0.096125 -0.002740 -0.002878 -0.002171
0.044941 -0.013977 0.018411 -0.047597 -0.025446 0.063674
0.051216 0.017476 -0.055114 -0.183239 0.188651 0.166811
0.005758 0.067674 -0.091927 0.107620 0.230597 -0.099306
-0.003562 0.034957 -0.089384 -0.093946 -0.135441 0.067582
0.071683 0.050342 -0.038507 -0.035466 -0.000980 -0.106214
-0.006686 0.008458 0.033759 0.090597 0.004002 -0.016262
-0.017714 -0.041123 -0.064158 0.123920 0.175736 -0.169494
-0.064673 0.027064 -0.125492 0.014946 -0.125477 -0.114440
-0.008506 -0.093578 -0.066375 0.001265 0.006696 -0.007926
-0.084221 0.076487 0.119790 0.062716 0.046032 0.134027
0.112762 -0.054075 0.053638 0.052037 0.079264 0.009374
0.071332 0.026773 0.020189 -0.006448 -0.002725 -0.000426
0.007299 0.005598 -0.001914 -0.073338 -0.061551 -0.060963
0.036432 0.049369 -0.074720 0.032668 0.040797 -0.053672
0.010559 0.067960 -0.077542 -0.064836 0.071853 -0.015353
0.055023 -0.030602 0.075078 0.087993 0.109829 0.001719
0.000076 0.000413 0.011769 0.032700 -0.039952 -0.029593
0.056092 0.082159 0.049310 -0.026174 0.041904 -0.043507
0.011459 -0.011957 0.074141 0.060451 0.042683 -0.036156
-0.038938 0.038773 0.066358 -0.180560 0.143625 0.036812
-0.086880 0.056330 0.008476 -0.074434 -0.193667 0.018192
-0.058192 -0.033577 -0.036954 -0.009190 -0.034805 -0.008038
-0.052859 0.157729 0.101577 -0.204000 -0.028230 0.066075
-0.011209 -0.010911 -0.001830 -0.003758 0.028646 0.010191
-0.001562 -0.049565 0.001285 0.001431 0.020053 0.002666
0.060279 0.040035 -0.091535 0.111861 0.041197 0.034531
-0.009792 0.011923 0.011311 -0.055014 0.040576 0.058064
-0.006222 -0.024083 -0.001461 0.128956 0.054054 -0.124137
