-0.042666 -0.006645 -0.074914 0.020673 0.183047 0.071895
-0.080820 0.026941 -0.075914 0.082001 0.065189 -0.042870
0.045266 0.064013 0.030389 0.010940 -0.037088 0.052068
0.049917 -0.118474 -0.060301 -0.001525 0.143100 -0.136687
-0.057970 -0.076130 0.034132 -0.204940 0.030883 -0.019908
0.012927 0.053717 -0.015554 -0.068872 0.091007 -0.117084
-0.063802 -0.082952 0.005934 0.186821 -0.208810 0.029142
-0.019822 0.006417 0.023925 -0.014087 0.005154 0.023777
0.104481 -0.019929 -0.079460 -0.002157 0.003357 -0.006557
-0.052153 0.060995 0.024855 -0.051965 -0.082837 0.051763
0.008313 -0.127557 0.070716 -0.007573 0.054303 -0.121425
0.045525 0.007427 -0.012967 -0.169282 -0.190459 -0.114673
-0.041177 0.000709 0.004311 -0.011524 -0.014096 0.038543
0.012895 -0.001937 0.043339 -0.032031 0.068391 -0.032154
0.030999 0.010857 -0.042695 -0.195918 0.149331 -0.135579
-0.042699 0.034992 -0.057792 0.012320 -0.010817 -0.025312
0.036784 0.032401 -0.082950 0.003542 -0.128983 0.122449
0.010761 -0.007016 0.040407 -0.003664 0.003554 -0.003397
-0.034383 0.136008 0.135406 -0.024960 -0.000076 -0.046557
-0.019164 0.009699 -0.015801 -0.078571 -0.155663 -0.129388
0.055515 0.033239 0.000190 -0.010972 -0.072767 -0.032693
0.095064 -0.126218 -0.040199 0.027055 -0.023040 -0.130472
0.014580 -0.067670 0.062430 -0.070679 0.065404 0.075594
0.011069 0.119024 -0.039212 0.062856 0.009742 0.101274
0.004684 -0.021699 -0.032256 -0.017750 -0.022420 -0.006779
-0.051558 0.096229 0.125015 0.009647 0.089241 -0.067200
0.028378 0.055067 0.042897 -0.058227 -0.000696 0.019357
0.000058 -0.034348 0.011576 -0.100226 -0.042974 -0.083156
-0.010233 0.011403 -0.019378 0.018165 0.007646 -0.067780
-0.009452 -0.054664 -0.128652 -0.147460 0.000964 -0.053856
-0.100503 0.100300 -0.000118 -0.016679 -0.005878 -0.022289
-0.063544 0.012087 -0.004626 -0.005696 -0.005906 0.002394
0.058156 0.066531 -0.018145 0.005155 -0.012946 0.069416
-0.030628 -0.029251 -0.013572 -0.081668 0.101917 0.089514
-0.014723 0.024176 -0.010252 -0.010798 -0.072301 -0.084450
0.054935 0.048254 0.024930 0.046827 0.056142 0.106411
0.006369 0.011064 0.005559 -0.083068 0.151225 0.185324
0.037890 -0.072250 -0.007631 -0.039147 -0.091909 -0.069787
0.003455 0.117183 0.063936 -0.082419 0.058183 0.005514
0.098831 0.098295 -0.059278 0.068651 0.094209 -0.064329
