0.001837 0.000582 0.000891 0.099774 0.117252 0.022610
0.048684 -0.055945 -0.096848 -0.039576 -0.023966 0.043876
0.109190 0.153213 0.156887 0.059243 0.028432 -0.036184
0.049426 0.085126 0.026141 -0.053368 0.037201 -0.092930
-0.150331 0.051251 -0.131757 -0.012599 0.028630 0.034823
-0.009791 0.004022 -0.005505 0.100928 0.011913 0.138393
-0.030289 0.039595 0.013362 -0.008600 -0.004452 -0.002958
0.025962 -0.018135 0.022721 0.131775 -0.175920 0.167911
-0.002548 -0.037805 -0.030885 -0.110193 -0.061315 0.147533
0.005440 -0.005012 -0.002260 0.054850 0.016850 -0.012166
0.052141 -0.003327 0.035055 0.041834 -0.002666 0.035631
-0.003863 0.006114 -0.006478 0.058095 -0.003224 0.136482
-0.055794 -0.091529 -0.083109 0.056181 0.107735 0.109536
0.007226 0.007421 0.006151 0.002734 -0.006650 -0.004726
0.007720 0.010579 0.009486 -0.036637 -0.073903 0.023806
0.019393 -0.016178 0.024693 0.219429 0.145015 0.057979
0.035692 0.016652 -0.009682 0.116817 -0.124848 0.093691
0.124731 -0.009482 -0.132992 0.157287 0.070359 -0.001868
-0.038090 -0.002590 0.048193 0.029938 -0.032371 0.020801
0.002313 0.001488 0.007317 -0.011691 -0.054512 0.033259
0.111002 -0.096441 -0.061572 -0.015487 -0.018484 -0.031361
-0.008149 -0.004872 -0.065186 -0.052293 -0.025620 -0.156760
-0.030211 0.085407 -0.109314 0.089013 0.028771 0.075771
0.006080 0.008547 -0.013481 0.118988 -0.025993 -0.070887
-0.015689 -0.023117 -0.041916 -0.001305 -0.000302 -0.000379
-0.019757 0.011649 -0.000657 0.016207 0.003109 0.015376
-0.000811 -0.003058 -0.017638 -0.032741 -0.056457 0.002460
-0.006963 -0.039356 0.021029 0.008148 -0.019582 -0.014816
-0.047530 -0.046023 0.047700 -0.033416 -0.172694 0.173453
-0.037052 -0.035176 -0.029997 0.093279 -0.091601 -0.127823
-0.002980 -0.008348 -0.013162 0.030831 0.029967 -0.032225
0.050459 0.061351 -0.046567 0.012254 -0.031880 -0.035059
-0.049477 0.043553 -0.039070 -0.024113 -0.000172 0.030602
-0.019171 -0.022299 0.006124 0.018022 -0.035715 0.020166
0.035812 0.150335 -0.062090 0.139977 0.128875 0.167908
-0.003644 0.005698 0.004009 -0.034656 -0.030187 0.032818
-0.002122 -0.002246 0.000893 -0.014139 -0.005088 0.012906
-0.068593 0.023999 -0.009039 0.040697 -0.037502 0.052851
-0.042233 0.115890 0.044517 -0.058220 -0.059010 0.030754
0.016211 -0.040431 -0.018909 -0.010256 0.014844 0.009610
