0.057070 0.055788 0.107582 -0.033841 -0.045481 0.029359
0.038190 0.033654 0.040486 -0.027072 -0.029546 -0.010524
-0.063112 -0.078864 -0.027246 -0.001957 -0.031521 0.017700
0.065472 0.082532 0.086846 -0.009442 0.006615 0.008357
-0.035381 -0.014232 -0.077036 0.003785 -0.004875 -0.021264
0.019502 -0.020973 -0.013014 0.022019 0.038659 0.039181
0.140644 0.041390 -0.071301 0.013886 0.098318 0.228546
-0.085679 -0.087498 0.102684 0.012467 -0.067242 -0.146294
-0.092095 0.087070 0.080604 0.004923 0.003943 0.011021
0.009232 -0.011942 0.115873 -0.029675 0.027928 -0.020157
0.005417 0.011615 0.009924 -0.037056 0.089777 -0.141813
-0.069557 0.065458 0.053495 0.067319 0.040754 -0.048493
-0.032794 0.022183 -0.023990 0.045910 -0.022125 0.008206
-0.046713 0.001463 -0.009634 -0.020519 -0.076327 -0.009884
-0.031152 -0.075980 0.063379 0.043946 -0.011695 -0.048418
0.125548 -0.027901 -0.084839 0.002819 0.023123 -0.040492
-0.005532 -0.093211 -0.087122 -0.100454 -0.075373 -0.017034
-0.006571 0.012394 -0.015113 0.072534 0.183118 0.004866
-0.005211 -0.016955 -0.030066 0.070858 0.119271 -0.089694
-0.019988 -0.005172 -0.014929 -0.076312 0.148948 0.164854
0.052753 0.028902 0.044922 0.025579 -0.092309 0.071547
0.005571 0.001492 0.007720 -0.057053 0.034823 0.008060
-0.110517 0.088271 0.082516 0.037500 -0.121360 -0.049096
-0.041695 -0.003372 -0.074319 0.016693 0.033397 -0.011434
-0.022103 -0.000028 0.004523 0.156983 -0.038487 -0.106672
-0.027080 0.038786 -0.096917 -0.047514 0.004802 -0.020376
-0.068811 0.086401 -0.121825 0.044962 -0.043608 -0.023917
0.006981 0.034226 0.033328 -0.018529 0.015827 -0.003955
0.044695 -0.119351 0.016868 -0.145941 -0.007648 0.008569
-0.011651 -0.009314 0.025385 0.054386 -0.022779 0.122144
-0.039932 -0.084152 -0.094324 -0.081413 -0.074298 -0.054753
0.107437 0.008211 0.168062 0.019825 0.063047 -0.007096
0.029627 -0.135011 0.035843 0.121477 0.124252 -0.094938
0.119275 0.080846 0.039116 -0.014544 -0.057710 0.057044
-0.052225 -0.041682 0.047200 -0.015563 0.014139 0.003405
-0.069306 0.023646 -0.013280 -0.030007 -0.030101 -0.047202
0.039446 0.007703 -0.089663 -0.108071 0.048242 0.010094
-0.043281 0.094703 0.012782 0.039779 -0.047016 -0.000678
0.035284 -0.035107 0.055088 -0.192199 0.007995 0.082035
