0.002030 -0.002036 -0.000617 0.143548 -0.120882 0.145158
-0.013223 0.017425 0.006707 0.011621 0.010495 -0.114243
-0.013116 0.014394 -0.015764 0.006735 -0.038997 -0.044714
0.108864 0.017337 -0.011045 0.080110 -0.000271 -0.035974
-0.003693 0.012399 0.002374 -0.019084 0.095900 -0.002112
0.095383 0.087556 0.108684 -0.011779 0.020369 -0.013179
0.028041 0.000979 -0.017881 0.167184 0.196870 0.040005
-0.033194 0.054242 -0.007078 -0.045842 -0.014796 -0.044880
-0.061041 0.002138 -0.016048 -0.089321 -0.074892 -0.056905
-0.053941 -0.056535 -0.006807 -0.054747 -0.030825 -0.045179
0.057104 0.086096 -0.114295 -0.106106 -0.110658 -0.148738
-0.104831 -0.094623 -0.004968 0.000358 0.003955 -0.007755
-0.003515 0.020095 -0.035021 0.225459 0.116196 0.148510
0.120480 -0.039624 -0.125415 0.051365 -0.043964 0.025208
-0.019601 0.007541 -0.006440 0.076766 -0.179657 0.209438
0.111805 -0.000727 0.093971 -0.075395 -0.018801 -0.121651
0.008452 -0.003874 0.000838 -0.082036 0.083816 -0.077097
-0.000170 -0.001018 -0.002027 0.011562 0.006659 0.011874
-0.083952 0.088319 -0.033239 -0.099946 -0.168060 0.158190
-0.118922 0.035726 0.049258 -0.053269 -0.020278 0.113815
0.016596 0.073304 -0.069225 -0.011828 -0.009079 0.014305
-0.007805 -0.001146 -0.013054 0.167444 0.009425 0.001798
0.047550 -0.035421 0.131463 0.100413 -0.062491 0.114835
-0.017154 -0.036655 0.039804 0.033039 0.007197 -0.030367
0.109812 0.082291 -0.086427 0.045535 -0.012614 -0.022520
-0.050692 0.048263 0.094143 -0.018063 0.019017 -0.098912
0.097725 -0.122575 -0.048260 0.046755 -0.023288 0.054099
-0.003853 0.032725 -0.046167 -0.002311 -0.087121 -0.039668
0.068967 -0.040842 0.053902 -0.013562 0.039425 -0.043359
-0.003823 0.023181 -0.002520 0.010555 0.033833 0.011759
-0.018416 -0.007752 -0.023564 -0.122332 0.065269 0.093304
-0.143239 0.111873 -0.105052 0.070675 0.025132 -0.125923
-0.004463 -0.005285 -0.000105 0.041907 -0.039285 0.098769
0.034084 -0.016360 0.000354 0.006448 -0.002575 0.000114
-0.040657 0.089656 -0.016873 0.149777 -0.030848 0.033947
0.087267 -0.033227 -0.034604 -0.093162 0.052704 -0.097313
-0.032842 -0.039728 0.032277 -0.106870 -0.105310 0.053559
-0.017708 0.003743 0.015649 -0.033976 0.038434 0.152122
-0.119580 0.066188 0.039352 0.032705 0.130624 0.055378
0.001926 0.019269 -0.013947 -0.117727 0.081302 -0.117592
