0.038255 -0.011657 -0.021570 -0.017017 0.042427 -0.068184
-0.069446 0.099362 0.080897 -0.012965 0.012532 0.012433
0.069317 -0.018637 -0.066319 -0.022649 -0.021814 -0.011698
0.029394 0.077251 -0.013979 0.032002 0.031310 -0.019516
0.104296 0.091189 0.045404 0.028759 -0.167417 -0.100149
-0.031561 -0.039134 -0.020432 -0.020209 -0.068057 -0.098633
-0.000998 -0.002738 -0.012957 0.015956 0.009804 0.001485
-0.036879 -0.017051 0.041317 -0.009618 0.000192 0.027574
0.058350 -0.128617 -0.101104 -0.033146 0.014809 0.062069
-0.025122 0.040605 0.010600 0.059389 0.060397 -0.044023
0.123972 -0.124979 0.144581 0.098548 0.033078 0.026195
0.057384 0.004892 -0.032979 -0.209391 0.220265 0.099522
0.066972 -0.091805 -0.070828 0.003870 0.015961 -0.011192
0.013493 -0.027626 0.008753 -0.145281 -0.052502 -0.175455
-0.007945 0.001387 0.006827 0.003856 0.001888 0.001179
0.011749 -0.029125 0.020056 -0.118253 -0.112418 0.102385
-0.139754 0.062671 -0.121058 -0.045266 0.004950 0.039381
0.130354 0.032574 0.037521 -0.105044 0.082912 -0.109826
0.032519 0.023781 -0.046810 -0.054009 0.171924 0.179341
-0.109760 0.067460 0.068315 0.137463 0.120266 -0.125968
-0.025504 0.006988 -0.008960 0.009807 -0.052041 0.032285
-0.011851 0.035807 -0.031377 0.051029 0.141163 0.044588
-0.055251 -0.009775 -0.034474 0.071563 -0.001034 -0.084697
-0.073292 -0.031889 -0.004270 -0.159382 0.004104 -0.210542
0.016664 0.014276 0.020651 0.026740 -0.019398 -0.023566
0.069190 0.027806 -0.000603 0.101683 -0.068049 -0.042584
-0.003949 -0.093876 0.011791 0.000038 0.006383 -0.007161
-0.001867 -0.002199 0.006711 0.028852 -0.034738 0.010439
0.037885 0.051804 0.053331 -0.090810 -0.077241 0.030823
-0.053389 0.026611 -0.011567 0.020357 -0.019270 0.014689
0.007008 0.011807 -0.005041 -0.010501 0.022245 0.004211
0.116894 0.006512 -0.029638 -0.020712 0.012315 -0.090206
0.059756 0.070669 -0.025738 0.027770 0.051283 0.045255
0.002961 -0.001147 -0.000157 -0.028388 -0.019867 -0.021536
-0.040512 -0.024304 0.007504 0.018477 -0.090317 -0.101031
-0.023774 -0.010331 0.024777 -0.011725 0.027293 0.008585
-0.059788 0.079520 0.147544 -0.178402 -0.073975 -0.165742
0.047078 0.052008 -0.016392 -0.023045 0.003105 -0.139266
0.005269 -0.054876 -0.079703 -0.184780 -0.054709 0.019250
