0.012276 0.006165 0.009064 -0.024300 -0.162386 0.012669
-0.047731 -0.030693 0.097293 -0.061543 -0.065615 -0.027673
0.162632 0.092145 0.021476 -0.000897 0.000449 -0.009110
-0.011960 -0.011014 -0.050666 0.181897 0.195223 -0.200144
-0.004780 0.039532 -0.026339 -0.041445 -0.132180 0.113291
0.000101 0.006713 -0.052510 -0.033728 0.082834 -0.123662
-0.004469 -0.085351 -0.016536 -0.061885 0.039261 0.071013
0.023867 0.139093 0.042130 0.004382 0.034001 -0.017970
-0.066272 -0.076451 0.054346 -0.001454 0.001375 -0.000943
-0.015619 -0.016266 -0.000337 -0.042216 0.104634 0.036715
-0.013143 -0.039351 -0.012850 0.034455 -0.073455 -0.054845
0.023457 0.066710 0.051037 0.013796 0.013547 0.002787
-0.016297 0.015745 -0.004073 0.219292 -0.047902 0.202514
0.082070 0.024578 0.157968 -0.057313 -0.057343 0.025660
0.106143 0.014305 0.019058 -0.095590 0.040266 0.068073
-0.061955 -0.012502 0.030079 0.107056 -0.089115 -0.075151
-0.011691 -0.091150 -0.032648 0.016523 0.002941 0.003739
-0.041967 0.004825 0.039566 -0.018039 0.092781 -0.013300
-0.076307 -0.021177 -0.015127 -0.068061 0.130533 -0.022571
0.000816 -0.000689 0.000460 0.062237 -0.053987 0.005089
-0.065498 -0.039859 -0.106956 -0.038702 0.116508 -0.126689
-0.124461 0.053991 -0.022975 -0.082795 -0.100772 -0.081265
-0.106810 0.089641 0.112782 -0.002626 0.001856 0.021746
0.049432 0.041866 -0.002262 0.083337 -0.084393 -0.026623
-0.014185 -0.027742 -0.013469 0.059036 0.186298 -0.154161
-0.008966 -0.001165 0.008533 -0.007298 -0.102159 -0.058344
0.007098 0.043759 -0.073752 0.063183 0.005593 -0.138606
-0.046360 0.044122 -0.044327 -0.158568 0.106056 0.112866
-0.015925 -0.000810 0.011598 -0.089454 -0.100755 -0.114913
0.128204 0.075187 -0.096554 0.137554 -0.022301 0.154889
0.007810 0.002146 0.015548 0.105558 -0.081251 -0.100595
-0.017170 -0.060243 0.009159 -0.161146 0.166778 -0.152003
-0.003935 0.003705 0.022450 -0.005345 0.005494 -0.005103
-0.043863 -0.069320 -0.138907 -0.042767 -0.044080 -0.043863
0.010262 0.000920 -0.012694 0.203656 0.138515 0.167692
0.000299 0.024664 0.053023 0.132408 0.058090 -0.030874
0.001016 0.003970 0.005492 0.003514 0.038852 0.115571
0.027446 -0.011020 -0.000720 0.032498 0.042992 -0.019733
-0.013784 0.013349 -0.001520 0.170395 -0.074905 0.059071
-0.000763 0.023096 -0.021745 0.025754 0.062136 0.013237
