0.039870 0.044549 0.003822 -0.107632 -0.148661 0.004709
0.040397 -0.044388 -0.006720 0.000470 -0.078663 -0.083411
-0.051097 0.084518 -0.109392 0.114377 0.020777 -0.012362
0.041999 -0.039807 0.068527 -0.098855 0.147730 0.023961
-0.005146 0.015457 0.041057 0.041120 -0.013411 -0.031231
0.028233 0.037674 0.050964 0.031436 -0.019713 0.042711
-0.013513 -0.022034 0.018797 -0.002924 0.022439 -0.078057
-0.039886 0.009308 0.017906 -0.039877 -0.022636 0.013567
0.108111 0.101936 -0.073491 -0.205708 -0.049225 -0.024083
-0.075266 -0.026729 -0.085270 0.012731 -0.053819 -0.017067
0.011149 0.059302 0.057229 -0.003655 0.006975 -0.016175
-0.088687 0.037110 -0.044889 0.191759 -0.036342 0.183255
-0.024252 -0.039451 -0.016182 0.092029 0.046105 0.049018
-0.033853 -0.042372 0.066716 0.211481 -0.196505 -0.184248
-0.004016 0.015961 -0.009596 0.020378 -0.018239 -0.033755
0.060063 -0.068734 -0.024308 -0.149240 0.051785 0.145688
-0.075603 -0.074749 -0.042503 -0.052418 0.063809 0.062725
-0.003752 -0.000058 -0.003786 0.006234 -0.086853 0.094387
0.018947 0.033772 0.107766 0.000655 -0.000627 0.001198
-0.047999 -0.011689 -0.009535 0.077983 -0.052832 -0.093302
-0.139596 0.090241 0.082798 0.043152 0.068126 -0.003996
0.067509 -0.019017 0.017851 0.047822 -0.007674 -0.001098
0.075801 -0.055543 0.047560 0.137387 -0.020107 0.145475
0.062435 -0.153896 -0.076078 0.027452 0.083103 -0.041351
-0.006507 -0.008398 0.008536 -0.015849 0.099959 -0.158389
-0.002651 -0.002288 -0.007003 -0.097725 0.029015 -0.051917
0.080446 -0.012146 0.074153 -0.045794 -0.062947 -0.020295
0.035190 -0.019627 0.001259 0.057347 -0.030747 0.018852
0.022741 0.042304 -0.006483 0.172852 0.151947 0.002755
-0.027791 0.077643 0.045985 -0.055443 0.197321 0.064652
-0.016399 0.011819 -0.024735 -0.068550 -0.041011 -0.025775
0.024606 0.026667 -0.030344 -0.029241 -0.100524 0.042587
-0.016919 0.023612 0.001638 0.027530 -0.048361 -0.043715
-0.089810 0.047039 0.044263 0.036755 -0.088620 0.026754
-0.051004 0.074710 -0.074933 0.060050 -0.205043 -0.011374
0.005142 -0.017372 -0.025315 0.187368 -0.011763 -0.044156
0.028839 0.037158 -0.042759 -0.012176 -0.000478 -0.016867
-0.053575 -0.036635 -0.066795 0.146916 -0.158279 -0.051378
0.009471 0.114044 0.040381 0.089851 -0.020765 0.051967
-0.080022 -0.056520 0.023811 0.016088 -0.024021 -0.050235
