-0.018234 -0.033880 -0.016846 -0.009507 0.018717 0.033788
0.029322 0.014039 -0.085719 0.081580 -0.033216 0.014732
0.137826 -0.045271 0.125324 -0.086392 -0.067251 -0.037475
0.003088 0.056799 0.009995 -0.006063 0.007714 0.048878
0.034640 -0.056284 0.039266 0.013904 0.026088 0.004254
-0.045528 0.039302 -0.035368 -0.048856 0.002248 0.023803
0.025976 -0.092135 -0.062300 -0.110720 0.003326 0.084982
0.047239 0.042626 -0.049850 -0.137708 0.090796 -0.132365
-0.042941 -0.063756 0.007124 0.053812 0.046953 0.054392
-0.036767 -0.001481 0.043442 -0.036222 0.025200 -0.037714
0.004461 -0.002564 0.002559 -0.068273 0.055019 -0.094304
-0.026202 0.024615 -0.028083 0.046268 0.043146 0.082239
-0.033541 -0.021280 -0.037356 -0.074546 0.032112 0.104675
0.001730 0.016527 -0.011234 0.073956 -0.049571 0.177750
-0.007077 -0.012461 0.008332 0.013116 0.005626 -0.006695
-0.090532 0.095714 0.028917 -0.054864 0.081831 0.002017
-0.098128 -0.009066 0.037160 -0.009325 0.001483 -0.031136
0.132762 -0.047347 -0.107991 0.106362 0.062599 0.039209
-0.013839 0.006300 0.017216 -0.003098 0.006675 0.017088
0.003668 0.101687 -0.079158 0.045927 0.090165 0.031817
-0.132995 0.016809 0.084131 0.006506 -0.003819 -0.009131
0.098179 0.006082 -0.007641 0.018747 0.004874 -0.001442
0.023067 0.028541 -0.042243 0.010392 0.030817 -0.003170
-0.023625 0.034373 -0.013871 0.065739 0.143672 -0.018666
-0.109518 -0.100642 -0.069596 -0.003373 -0.007447 0.009003
-0.012416 -0.008007 -0.095493 -0.032470 0.024668 -0.076725
0.104426 0.004701 0.106711 0.015261 -0.043296 0.011277
-0.007321 0.015130 0.006115 -0.125257 -0.194836 0.009678
-0.008564 0.006588 0.006092 0.014165 -0.030583 -0.024013
-0.115801 0.127949 -0.031902 0.012582 -0.003515 0.013360
-0.037551 -0.027917 -0.064595 -0.057491 -0.033707 0.058777
0.136199 -0.053927 -0.094784 -0.020149 0.004565 -0.013632
0.003472 -0.003567 -0.002693 -0.037659 0.015030 0.044212
0.014622 0.042103 -0.023002 -0.086182 0.014325 -0.026760
-0.003265 -0.003455 0.004208 -0.016779 -0.003731 0.002486
-0.007558 -0.128390 -0.074103 -0.029853 -0.038806 0.062350
-0.080832 0.038976 -0.049895 -0.121614 -0.029274 0.144800
0.008693 0.082618 0.085651 -0.088678 -0.164905 -0.113489
-0.150712 0.074592 0.136756 -0.162933 0.180816 -0.099025
0.072913 0.033244 -0.004481 0.077855 0.120791 -0.059490
-0.061892 -0.053930 -0.060045 0.091983 0.196254 -0.025556
