0.095167 0.073481 -0.059629 -0.215793 0.177165 0.185609
0.001167 -0.011220 0.001029 0.045367 0.099209 0.058733
-0.167526 0.142367 -0.059123 -0.181589 -0.086581 -0.070884
-0.129493 -0.002720 0.044933 -0.065011 -0.003450 0.022850
0.012097 -0.013342 -0.001929 0.004685 0.085393 -0.093404
-0.102685 -0.103342 -0.090504 0.015806 -0.007162 0.012933
-0.068903 0.068890 -0.098954 0.078526 -0.059176 -0.076464
-0.032371 -0.064650 0.102552 0.088042 0.082090 -0.013520
-0.001362 -0.011599 0.017115 0.024596 0.017343 -0.036437
-0.117675 -0.058762 -0.141602 0.117132 0.106789 -0.237841
-0.007957 0.028366 0.087075 -0.069829 -0.132370 0.095984
-0.094200 -0.086716 0.129839 -0.179175 -0.123448 -0.143922
0.006831 -0.026307 0.016739 -0.085153 -0.185748 -0.046414
0.139410 0.005326 -0.066368 -0.036344 0.041899 0.050860
-0.043300 -0.029133 0.041287 0.057421 -0.060424 0.058804
-0.112686 0.144833 -0.098528 -0.021094 -0.013654 -0.007743
0.026559 0.094223 -0.041874 -0.018380 0.017293 0.011165
-0.094555 -0.073320 -0.059312 0.093189 0.083896 0.189631
-0.019725 -0.031651 -0.016508 -0.063987 0.039634 -0.054139
-0.003451 0.008600 -0.001694 -0.020299 -0.097099 0.070464
0.013700 -0.036897 0.018327 -0.031229 -0.019157 0.040048
0.063595 0.023326 -0.016430 -0.124140 0.020317 -0.199690
0.009383 0.105138 -0.074212 -0.074072 0.102418 0.057933
0.112509 -0.025472 0.081774 0.006810 -0.096068 0.166047
0.112105 0.005035 0.003259 0.036442 0.006281 -0.025222
0.029367 -0.005886 0.011659 0.008434 0.108589 0.062948
0.128187 -0.026523 -0.047189 0.105353 0.113456 0.051900
0.100116 0.115987 0.123800 -0.060867 -0.000141 0.013308
-0.047388 0.033073 0.024722 -0.039072 0.033004 0.075018
-0.022560 0.023091 -0.018987 -0.015113 -0.008615 -0.022023
0.000319 0.000052 0.000190 0.015870 0.061156 0.092377
-0.093105 -0.029281 -0.082328 0.001454 0.092268 -0.123760
0.046745 -0.068254 0.006016 -0.001232 -0.006468 -0.014769
0.041422 -0.002495 -0.032260 0.176070 0.119727 -0.163130
0.005818 0.002015 -0.014060 -0.220026 -0.115187 0.082625
-0.005880 -0.004736 -0.012204 0.089627 0.098187 0.146525
0.003932 -0.049357 -0.089820 -0.041608 0.003464 -0.027338
-0.120517 -0.096996 -0.032384 -0.023146 0.000313 -0.003023
0.107546 -0.015820 -0.072197 -0.020900 -0.000460 0.012660
-0.119771 0.026779 0.133542 0.041589 -0.017735 0.032117
