0.086272 -0.104080 -0.057836 0.028087 0.185276 0.149667
0.001031 0.004017 -0.006917 0.014463 -0.033098 0.019164
-0.003852 0.004873 0.021340 -0.029632 -0.099685 -0.049948
0.038627 0.074430 -0.015704 -0.099989 -0.046084 0.040030
-0.081489 0.009033 0.055659 0.178279 -0.179080 0.070745
0.002614 0.019648 0.114787 0.022991 -0.068395 -0.025268
-0.108873 0.019507 0.035286 -0.034674 -0.034049 0.038988
0.015871 -0.020956 -0.035253 0.179899 0.072766 -0.040368
0.071996 0.031492 0.035171 -0.028752 0.017613 -0.063153
-0.002184 -0.046475 0.030532 -0.075051 0.058270 0.079336
-0.072365 -0.085197 -0.063119 -0.003714 -0.045014 0.039361
-0.016430 -0.016419 -0.002190 0.111702 -0.172228 -0.038370
-0.136651 0.101827 -0.107320 -0.094678 -0.018446 0.071507
0.060157 0.067583 -0.064675 -0.146183 -0.120006 -0.025614
0.017810 0.080898 -0.081122 0.010171 0.040113 0.016736
0.002597 0.090667 0.126397 0.073500 0.090284 0.068295
0.008417 0.026777 -0.016278 -0.137894 -0.146289 0.157713
0.077058 0.012336 -0.054497 -0.009216 -0.042783 0.014643
0.036510 0.049300 -0.050871 -0.086800 0.025948 0.101145
0.045038 0.022582 0.073506 0.097112 -0.005336 0.011401
-0.053183 0.028560 0.053820 0.027893 -0.047422 -0.083561
-0.046350 0.047450 -0.133200 0.076323 -0.064702 0.012667
0.012027 -0.035711 -0.048121 -0.070230 0.067190 -0.087130
0.051697 0.062766 0.064030 0.041875 -0.059430 -0.040555
0.100607 -0.035783 -0.098746 0.113823 0.023979 0.120581
0.093902 0.131981 -0.123850 -0.167341 0.152596 0.012140
-0.131162 -0.095472 -0.091812 0.188605 -0.048514 -0.015438
0.023116 -0.033092 0.012300 0.007398 -0.053592 0.011561
0.011574 -0.052757 -0.064322 -0.032269 0.028763 0.049857
0.103278 -0.095508 -0.098257 -0.010714 -0.007569 0.016249
0.014002 -0.101658 -0.005882 -0.002530 -0.006778 -0.029662
-0.032810 -0.047413 -0.124462 0.104901 -0.022657 0.114419
-0.076932 0.085806 -0.074830 0.084663 0.119255 0.035884
0.002379 0.003682 -0.000024 -0.025572 -0.045401 0.071029
0.064981 -0.087375 -0.096566 -0.137613 0.000297 -0.138574
0.114381 0.087404 0.020653 -0.111410 0.006545 -0.063432
-0.083174 -0.051408 0.112294 -0.111654 -0.087693 0.148979
0.048553 -0.039143 0.020676 -0.000627 0.047685 -0.163898
-0.041749 -0.011486 -0.004267 -0.042277 0.089303 0.105622
-0.044183 0.000117 -0.014822 0.000990 -0.120066 0.120099
0.092198 -0.050722 -0.084279 -0.055550 -0.045351 0.068878
