-0.040872 0.011770 0.005222 -0.109649 -0.079183 -0.096356
0.003555 0.018504 -0.015907 -0.086328 0.050677 0.002148
-0.109373 -0.086541 0.017876 -0.014506 -0.066021 0.150643
-0.007001 -0.007829 -0.002643 0.007755 -0.006466 -0.030672
0.031073 0.040427 -0.038117 0.063167 0.149972 -0.128692
-0.010743 -0.145513 0.064535 -0.085110 -0.013426 -0.089622
-0.000006 -0.027972 -0.021425 -0.003252 0.009332 -0.003112
-0.030541 -0.073724 0.088235 -0.007658 0.070005 -0.038694
-0.031737 0.013972 -0.021458 -0.022800 -0.009400 0.092839
0.030999 -0.024926 -0.077737 -0.105622 -0.020410 0.073801
0.046897 -0.119097 -0.013766 0.060996 0.048760 -0.097160
0.003049 0.015053 -0.015886 -0.011098 -0.015074 0.012003
-0.032439 -0.031510 0.025160 0.008959 -0.005765 0.064406
-0.020160 -0.024528 0.007223 -0.013133 0.012899 0.032218
-0.065431 -0.001884 -0.049976 -0.119755 -0.036593 -0.140724
-0.022992 -0.063830 -0.146579 0.057586 0.082877 -0.107387
0.114065 -0.116746 0.085362 -0.084095 -0.141503 0.211988
-0.012114 -0.007006 -0.006258 -0.237129 0.077745 -0.056987
0.061126 0.086263 0.097595 -0.091547 -0.199252 0.121968
-0.009278 -0.012482 0.005492 -0.006490 -0.012463 -0.008552
-0.030754 0.132873 -0.140035 0.076495 -0.061389 -0.105789
-0.073463 0.019230 -0.052363 0.065571 -0.062035 -0.058184
-0.012924 0.011472 -0.003368 0.011732 0.006924 -0.027752
0.044841 -0.029027 -0.034159 -0.004111 0.030863 -0.021248
-0.001698 0.019290 0.015779 0.157125 0.046542 0.205987
0.073718 0.042515 -0.005530 0.199151 -0.004790 0.077323
-0.032206 -0.013347 -0.033156 -0.134161 -0.230663 0.148659
-0.003583 0.011354 0.002584 -0.126824 0.027454 0.045560
-0.029560 -0.022810 -0.070689 0.010123 0.179760 0.069401
-0.010104 0.013162 0.002420 -0.089829 -0.041315 -0.090495
0.008931 -0.019679 -0.006012 -0.139812 -0.075224 -0.105549
-0.060494 -0.114162 0.055361 0.175600 0.122934 -0.169019
0.029292 0.038663 0.000191 -0.073844 0.124621 0.075960
-0.083939 0.059765 -0.075677 0.008007 -0.004254 0.009420
-0.016897 -0.060180 -0.005838 0.035779 0.088595 0.084510
-0.035979 0.007704 0.026435 0.021360 -0.018225 0.042885
0.018230 -0.013516 -0.107022 -0.044612 -0.058855 0.077272
0.022573 0.076300 -0.031871 0.014648 -0.030684 0.049070
0.012061 -0.010618 0.013715 0.001594 0.008123 -0.011199
-0.004638 0.018568 -0.017152 -0.135619 -0.068992 -0.014191
