-0.008232 0.016766 0.001477 0.012465 -0.006102 0.001201
-0.117936 -0.050342 0.153512 0.015218 0.022333 0.021047
0.063696 0.028785 -0.082446 0.042322 -0.014253 0.007210
0.000621 0.004601 -0.003503 0.041297 -0.052196 0.037627
-0.033918 0.038211 0.032045 0.045612 -0.192896 -0.052711
-0.007966 -0.033154 0.069928 -0.091645 0.083091 -0.109118
-0.000605 0.000279 0.000539 -0.027788 0.158478 0.048327
0.074678 -0.093445 0.089203 -0.011889 0.001348 0.013928
0.128810 0.109504 0.044115 0.041044 0.001469 -0.053690
-0.010621 0.004895 -0.010240 0.054476 0.068698 0.083994
-0.006097 -0.002009 0.005752 0.176817 0.188229 0.024753
-0.046209 -0.036481 -0.035525 -0.129066 0.126630 -0.071484
-0.113362 -0.125029 -0.001289 -0.002259 0.093862 0.076751
-0.131265 0.104156 0.109620 -0.004054 -0.004404 -0.004009
-0.138670 0.065155 0.094874 0.039450 -0.146628 -0.169696
-0.039464 -0.048098 0.016097 -0.012779 -0.222664 0.082951
0.008394 -0.002669 -0.004428 -0.027491 0.009403 0.049123
-0.011224 0.015548 0.001520 -0.039851 -0.013479 0.017891
-0.076808 0.068243 -0.133740 0.087194 0.114449 0.109464
-0.009750 -0.006577 0.006276 0.015071 -0.011542 -0.031475
0.060174 -0.010926 -0.082979 -0.000199 0.002110 0.010446
-0.053708 0.027146 0.007338 -0.014092 -0.031893 -0.006034
-0.077274 -0.086671 0.105567 0.205816 0.137599 0.189166
-0.066456 -0.017559 0.087907 -0.142465 -0.108438 0.145030
-0.003357 0.015885 0.014384 0.023439 -0.079229 0.165789
-0.000642 0.000626 -0.000566 0.061491 -0.060224 -0.018172
0.012737 0.000060 0.005645 0.096741 0.024750 0.061052
0.046901 -0.026581 -0.025398 0.035143 -0.040952 0.010848
-0.068205 0.066824 0.043907 0.012927 0.048523 0.020590
0.072441 0.081162 0.000249 0.168206 -0.136987 -0.047407
-0.061910 -0.075328 -0.033817 -0.087089 -0.160971 0.061424
-0.049472 -0.047531 0.019924 -0.042723 -0.018876 0.003799
-0.042356 -0.033963 0.027194 -0.044220 -0.009223 0.050959
-0.035942 -0.001848 0.029664 0.071970 -0.059666 -0.047442
-0.031578 0.028954 0.035840 0.008287 0.015181 -0.009020
0.019464 0.006791 -0.016138 0.157166 -0.087032 -0.066530
-0.021041 0.027611 -0.036570 -0.047237 0.094220 -0.011506
0.146290 0.093569 0.035881 0.005568 0.007426 -0.007360
0.055538 -0.048856 0.018484 0.017864 -0.008049 -0.011014
-0.039433 0.047741 -0.015703 -0.017983 0.017256 -0.030449
0.066830 -0.055266 -0.039155 0.104809 0.019750 0.088680
