-0.079522 -0.104973 0.081701 -0.139318 -0.058082 0.138709
-0.064551 0.096925 -0.037897 0.038196 -0.002086 -0.053282
0.038225 -0.051919 -0.033722 -0.107414 -0.161989 -0.052023
0.051046 0.035396 -0.042688 0.074731 0.155299 0.106734
0.040620 0.046326 -0.049418 -0.170659 -0.123545 -0.032698
-0.055990 0.096031 -0.035389 0.068684 0.011862 -0.014640
-0.015875 -0.043329 -0.025644 0.079740 -0.073037 -0.129956
0.034602 -0.018283 -0.100547 0.110578 -0.062058 -0.029404
0.003851 -0.112159 -0.139303 -0.187789 0.113348 0.153093
-0.012800 -0.020345 -0.014801 0.017549 -0.033595 -0.048571
0.163054 0.030809 0.050266 -0.001009 0.001013 0.000511
-0.096625 -0.068041 -0.034484 0.064511 0.040362 0.019162
0.023728 -0.133519 -0.065381 -0.001217 -0.022462 -0.024647
-0.059319 0.000275 -0.036870 -0.214553 0.092510 -0.109001
-0.008963 -0.087648 -0.088782 -0.029541 -0.093925 -0.028377
-0.043723 -0.025654 -0.059153 -0.120208 -0.120423 0.057655
0.129576 -0.030670 0.132965 -0.042989 0.101146 -0.058641
0.031210 -0.084820 0.069318 -0.093293 -0.019418 -0.055345
-0.012802 -0.017835 -0.038621 -0.062952 -0.214209 0.123899
-0.108871 0.031332 -0.023922 -0.025666 0.016980 0.016992
0.018321 -0.038620 0.034938 0.094981 -0.102705 0.094663
-0.056546 -0.013301 0.016090 -0.018395 0.013816 0.037798
0.026753 0.041837 0.047208 -0.022304 -0.001232 -0.038113
-0.115098 0.036531 -0.062436 -0.068203 0.041858 -0.080292
-0.002014 -0.013758 0.016742 0.103459 0.121177 0.153856
-0.034522 0.025138 0.016530 -0.024287 -0.081486 0.020547
0.020350 -0.033858 0.056923 0.118931 -0.231654 -0.051672
0.007646 0.004476 -0.030664 -0.030392 -0.005016 -0.025110
0.040091 -0.014327 -0.043752 -0.020604 -0.017425 -0.047465
0.000924 0.000240 -0.000595 0.041379 0.042299 -0.007928
-0.084058 -0.007931 0.092731 -0.032229 -0.086497 -0.218229
-0.003357 -0.007495 -0.004498 -0.162662 0.061727 -0.090790
-0.115527 0.055149 0.119696 -0.156246 -0.004899 -0.086852
-0.095829 0.023641 0.052584 -0.006989 0.001110 -0.004676
0.010686 -0.020987 0.030758 -0.000366 -0.000485 -0.000820
0.074199 0.052796 -0.024811 0.022745 -0.010324 0.008207
-0.026710 0.010791 -0.017819 -0.014429 0.002688 0.038109
-0.047017 0.100851 0.135591 0.066914 -0.159017 0.069922
-0.009584 -0.021675 0.001413 0.162402 0.044004 0.112273
-0.003567 0.014363 0.016743 0.224992 -0.037042 0.049057
