0.008272 -0.010753 0.003237 0.009863 0.017160 -0.014781
0.001832 -0.033539 -0.009266 -0.065131 -0.015056 0.092120
-0.102313 0.121086 -0.126976 -0.040335 -0.093762 0.049404
0.001754 -0.108424 0.134232 -0.096777 0.140197 -0.056239
-0.086562 0.036225 -0.042570 -0.013466 0.020649 -0.041539
-0.074833 -0.022670 -0.132286 0.014152 0.055339 0.026352
-0.150607 0.005479 0.018021 -0.055647 -0.033871 -0.050496
-0.066536 -0.047371 0.111806 -0.096976 -0.057034 -0.122095
-0.050376 0.037671 0.059710 0.020082 -0.016224 0.025331
0.053571 0.082250 -0.015027 -0.004522 -0.007638 -0.000312
-0.055385 0.057014 -0.045745 -0.051872 -0.101223 0.017501
-0.001520 -0.020378 0.017113 0.048932 0.063043 0.070527
-0.012625 0.081640 -0.022206 -0.021433 0.002055 -0.051483
0.059065 0.087136 -0.081113 -0.026498 0.053110 0.034744
0.169348 0.022110 -0.082893 0.058235 0.031736 -0.028345
0.001959 0.015061 0.043415 0.031719 -0.091533 0.036484
-0.015671 -0.070348 0.151931 -0.024630 0.022505 -0.003216
-0.032774 0.023976 -0.001343 -0.009187 -0.001697 -0.003700
0.026602 0.013296 0.016332 0.006375 0.009459 -0.003150
-0.037605 -0.032583 0.023592 0.008961 -0.015398 0.064119
-0.155678 -0.052335 0.091211 -0.121117 -0.002803 -0.103137
-0.020060 0.119103 -0.094970 -0.043357 -0.008720 0.032274
0.011653 -0.001092 -0.038887 -0.003386 -0.053577 -0.059762
0.002248 0.005151 0.002322 0.114673 0.076492 0.033493
-0.039221 0.074717 0.001038 0.024018 -0.022306 -0.004927
0.030305 -0.073915 0.054721 -0.052726 0.092463 0.042429
0.009667 -0.004490 0.002802 0.007503 -0.035251 -0.056389
-0.114135 -0.050143 0.007621 0.108209 0.071478 -0.094510
-0.067772 -0.062711 -0.027372 0.014007 0.024505 0.006989
0.000034 -0.000022 0.000261 -0.001238 -0.003355 -0.001324
0.053532 -0.161285 0.072873 0.090482 -0.100128 0.100307
0.045501 -0.043710 -0.000870 -0.213939 0.070879 -0.058048
0.110517 0.039197 0.114714 -0.031621 -0.012316 0.004145
-0.023681 -0.035192 -0.069668 0.004628 0.021140 0.010183
-0.038806 0.038136 -0.056561 0.009810 -0.029543 0.003131
0.056872 0.059761 -0.105223 -0.028683 0.007086 0.004960
-0.007787 -0.045688 -0.020815 0.004648 -0.037884 -0.027037
-0.078203 -0.015145 0.030088 -0.019648 -0.011044 -0.010081
0.003949 -0.004231 0.008708 -0.054773 0.041801 -0.218026
0.073528 -0.087577 -0.063251 0.016710 -0.018152 -0.005357
