-0.043044 -0.027021 0.048060 0.031823 -0.033264 0.029772
0.094421 0.058491 -0.074181 -0.129759 -0.102322 0.100546
-0.043071 -0.076640 0.007905 0.090425 0.128085 -0.125342
-0.002117 0.069396 0.054668 -0.030125 0.033958 -0.030234
0.114941 -0.010391 0.146033 -0.010854 -0.008155 0.006063
-0.020371 0.029925 0.026719 -0.078713 -0.063869 -0.003886
-0.113791 0.085526 0.001767 0.006324 0.006457 0.000413
0.005167 -0.001283 -0.020495 0.061924 -0.061526 -0.003185
0.075684 0.021395 -0.115176 -0.052579 -0.026973 -0.137083
-0.013103 -0.001531 -0.015356 0.067692 0.013396 0.056308
-0.023645 0.132653 0.150250 -0.053973 -0.134563 0.058641
-0.078452 0.159887 -0.082254 0.006051 0.009919 0.005084
-0.047361 0.024300 0.090393 -0.032909 -0.065186 0.046241
-0.081132 0.028242 0.140723 0.113932 0.207719 -0.179887
0.032193 0.011168 0.015239 -0.097085 -0.194534 0.037763
0.000452 -0.015817 0.068746 -0.009876 0.046016 -0.034210
0.003790 0.004677 -0.001520 0.001769 -0.009595 -0.002900
0.161362 0.002796 0.084345 -0.017599 0.010066 0.022451
-0.031171 0.028804 -0.032576 -0.019458 0.030074 -0.029457
-0.037541 0.031217 -0.031569 0.003986 -0.048299 0.063963
-0.128567 0.089188 0.025515 0.006783 0.020023 0.016483
0.007999 0.003094 0.003177 0.039092 -0.066614 -0.052951
-0.009930 -0.016245 0.011492 -0.047978 -0.015162 0.004090
-0.012351 -0.057875 -0.099690 0.167124 -0.141549 0.045223
-0.011368 -0.041124 0.069626 -0.015764 0.025017 0.043601
-0.023156 -0.024051 0.001905 0.003441 -0.000618 -0.001119
-0.002794 -0.007241 0.005940 0.002191 -0.013182 0.010938
0.013309 -0.020476 0.014996 0.024432 -0.025547 -0.001599
-0.013203 -0.000816 -0.040445 -0.183951 -0.157795 0.167838
0.092382 0.048138 -0.072841 0.004090 0.004187 0.000407
-0.010861 -0.018985 -0.023519 0.001601 0.011317 -0.004918
-0.013027 0.018643 -0.016313 0.046609 0.116272 0.087095
-0.029147 0.006016 0.002252 -0.015058 -0.024335 -0.015584
0.126541 -0.104080 0.132134 -0.090349 -0.059281 -0.072258
-0.022530 -0.017526 0.025778 -0.121195 0.003129 0.152815
0.068276 -0.054040 -0.081761 -0.009445 -0.072872 0.091935
-0.041298 -0.051537 -0.040916 -0.027121 -0.059607 0.040046
0.104943 -0.074144 -0.089948 -0.051394 -0.180371 -0.044918
0.017972 -0.012842 0.020920 -0.023859 0.004055 0.007927
-0.094514 0.070169 -0.086228 0.044139 0.089821 -0.073526
-0.120447 -0.053432 0.026543 0.011065 0.000255 -0.001687
