-0.006247 0.003020 0.026127 -0.030968 0.077879 0.016177
0.015256 -0.058558 -0.020193 -0.015862 -0.031888 -0.030255
0.077281 -0.010158 0.058887 0.077728 -0.064986 -0.038768
0.013055 0.074666 -0.048899 0.114233 -0.053923 0.120587
0.097480 0.020942 -0.020315 0.039673 0.046196 0.018784
0.058135 0.037284 -0.050821 -0.042606 0.097830 0.061226
-0.007656 0.076315 0.026527 -0.102017 -0.158038 -0.162493
-0.009741 -0.020054 -0.021569 -0.021437 0.047281 -0.103715
0.089556 0.072901 -0.142762 0.010272 0.052119 0.048209
-0.026692 0.032901 -0.115018 -0.042363 0.025005 -0.101307
0.122783 -0.015195 -0.057876 0.153059 -0.159444 0.020304
0.001050 0.003407 0.002095 -0.042442 -0.112253 -0.117347
0.139246 0.082659 -0.014222 -0.002951 -0.002984 0.003464
0.017481 0.024884 -0.040730 -0.019170 -0.091793 0.001040
-0.002515 -0.000312 -0.001118 -0.085936 -0.027833 0.163769
-0.160709 0.060673 -0.071382 -0.079683 -0.085227 0.013696
0.081802 0.030557 0.036386 0.068590 -0.096489 0.036962
0.030313 0.040561 0.066591 0.107691 -0.021884 -0.061290
0.117145 -0.008714 -0.045205 0.096323 0.114846 -0.028076
0.038891 -0.064767 -0.007294 -0.190882 0.005330 -0.141862
0.048149 0.073685 -0.159508 -0.024936 0.015342 0.017214
0.002252 -0.002251 -0.004096 0.083794 -0.168827 0.175948
-0.073906 -0.003744 0.085464 0.135453 0.146182 -0.006423
-0.096654 0.029478 0.097778 -0.040524 -0.155565 0.116640
-0.049943 0.021124 -0.035538 -0.002416 -0.055342 0.051405
0.004597 0.008097 -0.011519 -0.007089 0.032202 -0.008020
0.009653 0.039870 0.002830 -0.042992 0.220195 0.204974
-0.122081 0.002151 0.037928 -0.073324 -0.000219 0.106750
0.046850 -0.010969 -0.032608 0.005421 -0.015396 0.087190
-0.077213 0.100349 -0.087724 0.086077 -0.025823 0.078863
-0.027207 0.053035 -0.037564 -0.025204 0.003509 0.166888
-0.005046 -0.015412 -0.034264 -0.007279 -0.009410 -0.020363
0.051890 -0.047797 -0.049673 -0.182760 0.153507 -0.164215
-0.010066 0.012517 0.040112 -0.068429 0.013546 -0.009798
0.026943 0.000416 -0.026125 0.005858 0.014300 0.153001
0.008519 0.002668 0.097503 -0.157883 -0.087278 0.029320
-0.032185 -0.146313 0.056571 -0.052138 -0.047422 0.049868
-0.004457 0.007090 0.006114 0.049356 -0.039959 0.033889
0.003611 0.005603 -0.007102 0.025932 -0.014457 0.124634
-0.080685 0.092744 0.090540 0.000187 0.002033 -0.002057
