0.021980 0.061861 0.053804 0.064593 0.145902 0.095610
-0.078804 0.058354 -0.104681 0.028910 -0.005661 -0.038284
-0.006094 -0.012181 0.032517 0.119614 -0.005311 -0.143614
0.004340 -0.003874 0.004557 0.010220 0.110397 -0.009670
0.006361 -0.004413 -0.002462 -0.098803 0.071666 0.088036
-0.019915 0.056919 -0.023303 -0.082922 -0.119256 -0.101172
0.027172 -0.030614 0.062400 0.005985 -0.006817 -0.015356
-0.024570 0.146274 -0.113902 -0.004316 -0.104860 -0.063280
-0.018872 0.040852 0.021021 -0.079704 -0.067373 -0.137172
-0.077700 -0.125654 -0.115852 -0.043076 -0.156613 -0.035587
-0.029794 -0.019705 -0.021605 -0.091140 0.007132 0.105830
-0.020597 0.061836 -0.018943 -0.036397 -0.012135 -0.016717
-0.052783 0.041750 -0.050262 -0.033963 -0.075415 0.024312
-0.021195 -0.006998 -0.005213 -0.007220 0.004533 -0.021527
-0.056099 -0.072347 -0.088798 -0.007192 -0.004870 0.006295
-0.029038 0.034688 0.005492 0.114274 -0.055073 0.089026
0.036558 0.007954 -0.034405 -0.081715 -0.011930 -0.129822
0.001751 -0.004762 0.010525 -0.011823 0.025301 0.052706
0.023705 0.086248 -0.078116 0.017747 0.025166 -0.010697
-0.080188 -0.143004 0.014991 0.093070 -0.080219 -0.031874
-0.077219 -0.050302 0.115637 -0.018013 0.107265 0.035830
-0.006875 0.010097 0.013194 0.212571 -0.149429 0.073347
0.031320 0.035326 0.026639 -0.145770 0.056479 -0.084208
0.014328 0.121994 0.139922 -0.095520 0.030943 0.015742
-0.037759 0.011431 0.037663 0.225751 0.176440 0.016296
-0.053531 0.031075 0.049438 0.022215 0.012892 -0.012939
0.001443 -0.013366 -0.003824 -0.088224 -0.098484 0.012466
0.112106 -0.102041 0.051130 -0.007752 0.017939 -0.009368
-0.015291 0.019063 -0.011610 0.014082 -0.025969 0.052814
0.001006 0.002876 -0.000591 0.074303 0.095276 0.047105
-0.003703 0.020892 0.022052 -0.024711 -0.058224 -0.077089
0.006361 0.000263 -0.000097 -0.155188 -0.030468 -0.072555
-0.059664 0.064988 0.042515 0.220286 0.220970 -0.139324
0.080381 -0.065804 0.024998 0.014136 -0.138489 0.091317
0.011663 -0.017761 -0.006223 0.047886 -0.036338 -0.045251
0.024727 -0.033600 0.116946 -0.011857 0.081947 0.069244
-0.085661 -0.013711 -0.045056 -0.071006 0.009127 -0.101698
0.082348 -0.039022 -0.024907 0.173901 0.081402 -0.083071
0.114219 -0.116012 -0.044352 0.025445 0.002876 -0.037884
0.090140 0.073715 -0.029879 -0.068889 0.041088 -0.058887
-0.032724 -0.082881 0.034415 0.117380 -0.055191 0.093189
