-0.088461 0.058213 -0.056882 -0.146710 -0.225346 -0.013080
0.005756 0.003741 0.008000 -0.075453 0.088190 -0.008448
0.025266 0.040017 0.040645 -0.078155 0.062588 -0.094498
0.087287 -0.029551 -0.065186 -0.040955 0.146471 0.198256
-0.008254 -0.020394 -0.004618 -0.140720 0.112951 -0.141624
-0.073357 -0.129360 -0.040304 0.115937 -0.159239 -0.043082
0.074019 0.063862 -0.028965 -0.064078 0.081722 0.038545
0.121510 -0.025975 -0.027112 0.001060 0.055267 -0.051524
-0.120321 0.112605 -0.119257 -0.117901 0.110698 0.103621
0.034414 -0.107337 0.102711 0.086236 -0.094966 -0.108244
-0.006328 0.003200 -0.006501 0.240719 0.024231 -0.234491
0.020748 0.077700 0.112417 0.184970 -0.009412 -0.241042
-0.000046 0.019681 0.015414 -0.087845 -0.129063 -0.045367
0.129169 0.125514 -0.038633 0.000731 -0.001930 0.003599
0.007624 -0.103087 0.028366 -0.131792 0.229754 -0.195300
0.025585 0.009855 -0.042511 -0.198235 -0.010923 0.184689
-0.048974 0.043620 -0.086562 -0.003575 -0.009659 0.009452
0.101288 -0.050818 -0.023645 0.076743 -0.045258 -0.103138
-0.002428 -0.003449 -0.010772 0.038800 0.017739 0.080116
-0.006433 -0.030315 0.070260 -0.090651 -0.034216 0.111346
-0.008047 -0.005590 0.037612 0.126940 -0.065279 -0.066451
0.107352 -0.083354 -0.036285 0.046843 0.027518 -0.051270
-0.027717 0.130507 -0.019608 0.031865 -0.008085 0.068658
-0.010205 -0.019255 -0.011546 -0.016741 -0.010938 0.021484
-0.006184 -0.005989 0.002684 -0.032087 -0.092376 0.048443
-0.000578 -0.027012 0.002388 -0.004437 0.024946 -0.011149
-0.032427 0.043673 0.066013 0.046962 -0.005674 -0.003552
0.061692 0.019336 0.068870 0.140980 -0.014316 -0.191854
0.030538 -0.008069 -0.028073 0.023068 0.045215 -0.053644
-0.004310 0.040859 0.022986 -0.014702 0.028767 -0.015728
-0.045472 -0.022023 0.078660 0.012873 0.020190 0.027286
0.014870 0.023670 0.012192 -0.005734 0.059465 0.159024
-0.048740 -0.130157 0.086127 -0.011805 -0.016432 0.057947
-0.089245 -0.088199 -0.003673 0.090282 0.230010 -0.193443
-0.001061 -0.049490 0.038248 -0.064622 -0.144919 -0.057572
0.029258 -0.020223 -0.015105 0.043820 -0.013085 -0.021027
-0.022733 0.061975 0.056955 -0.012472 0.021506 -0.028197
-0.124248 -0.040430 -0.007328 -0.049235 -0.076567 0.070280
-0.068454 -0.067356 0.021717 -0.011804 -0.014958 0.019213
-0.011104 -0.037010 0.030336 0.173580 0.142660 -0.208278
