0.096395 -0.044535 -0.132165 0.053251 0.029363 -0.026741
-0.092473 -0.099016 -0.054856 -0.027752 0.048557 -0.010600
0.079305 -0.141658 -0.020499 0.017820 0.240118 -0.260456
-0.008848 0.020942 -0.023209 -0.047992 -0.085858 -0.035877
0.048276 -0.058931 0.055991 0.003076 -0.009351 0.046842
-0.148853 -0.101740 0.052397 0.016072 -0.026129 0.033100
0.003707 0.016920 0.012581 -0.046117 0.024255 0.015082
-0.047353 0.044696 -0.014747 -0.069273 0.049462 -0.058439
-0.003293 -0.007423 -0.003023 -0.116564 0.109638 0.079041
-0.020305 0.001682 0.016388 -0.059938 -0.101698 0.126217
-0.025167 0.096823 -0.056906 0.006412 -0.009994 -0.012767
0.024604 0.006022 -0.023640 -0.062168 -0.085417 0.011675
0.140707 0.011864 0.006427 0.011092 -0.116709 0.070667
-0.010297 -0.005164 0.076845 0.017872 -0.034869 0.029938
-0.017959 0.070861 0.042796 -0.000584 0.000712 0.001344
0.062976 -0.073181 -0.084611 0.106558 0.131571 -0.001430
-0.001801 -0.001531 0.005225 0.001537 -0.009097 -0.007770
0.073024 -0.017671 -0.035509 0.056697 -0.060683 0.031356
-0.000166 0.015058 0.013446 -0.118358 0.175016 0.147405
0.009947 0.038702 0.005602 -0.008879 -0.005452 -0.029085
0.127428 0.038362 -0.014000 0.061172 -0.037653 0.027150
0.016434 0.000642 0.000788 0.032398 -0.044906 -0.045099
-0.004551 0.013831 -0.006983 -0.140117 -0.030578 0.122419
0.046248 0.031650 -0.000951 -0.051508 -0.065095 0.109662
-0.007957 0.019019 -0.047397 0.107721 0.074793 0.120501
-0.035988 -0.038460 -0.013329 -0.150846 -0.152245 0.028281
-0.068557 -0.061878 0.068128 -0.133342 -0.043683 0.100491
-0.010701 -0.069975 -0.007293 0.092786 -0.018997 -0.090371
0.028673 -0.035978 0.075555 -0.052187 0.112048 -0.021621
-0.089674 0.112480 0.049725 -0.042375 -0.022324 -0.032665
-0.080112 -0.131951 0.054370 -0.020092 -0.046587 -0.023137
-0.016844 0.026766 0.038573 0.115555 -0.062123 -0.026230
-0.019212 0.003331 -0.006040 0.062070 -0.101890 -0.058562
-0.010489 0.002055 0.002490 -0.013164 0.122941 0.022394
-0.133376 0.163993 0.091428 -0.010680 -0.066574 0.080817
0.065747 -0.100771 -0.099927 -0.097782 -0.042421 -0.089140
0.072209 0.096535 -0.143358 0.082977 0.243778 -0.189219
0.051637 -0.011850 -0.043594 -0.008290 -0.009855 -0.057557
-0.081627 -0.025813 0.058553 -0.128101 -0.065089 -0.137498
-0.028492 0.030438 0.041284 0.017470 -0.017418 0.014524
