-0.040222 0.038740 -0.019168 0.037781 -0.007775 0.070905
-0.045247 0.035311 -0.047366 0.011413 -0.026532 0.007931
-0.039864 -0.048653 0.067724 -0.089604 0.075881 0.113736
0.027941 -0.008955 -0.023073 -0.030546 -0.120588 -0.063069
0.041215 0.058630 0.008004 -0.017962 0.079512 -0.006877
-0.137328 0.000219 -0.019725 0.022742 -0.004737 -0.004963
0.048187 0.062547 0.035041 0.009413 -0.016387 -0.003114
-0.032390 0.044433 0.005772 0.134113 0.036669 -0.079661
-0.001633 0.003350 0.001671 0.061560 0.029136 -0.068717
0.032437 0.010260 -0.046043 0.056469 -0.117889 0.008203
-0.121006 0.089202 -0.082830 -0.005167 -0.008707 -0.007642
0.016171 0.101008 -0.107237 -0.001508 0.053165 0.039898
0.033917 0.042966 0.057202 -0.027044 -0.073115 -0.007539
-0.029682 -0.040322 -0.018430 0.070208 -0.014678 0.161124
-0.030243 -0.066292 -0.021296 -0.144856 -0.226659 0.036088
-0.022777 -0.007711 0.037952 -0.010971 0.004669 -0.000753
-0.034533 -0.022676 -0.049034 0.044014 0.065346 0.092360
0.010412 -0.082814 -0.074529 -0.035465 -0.047770 -0.089685
0.007316 -0.056289 0.018002 0.045998 -0.027516 0.124433
-0.036686 0.025320 0.042147 0.061961 0.074112 0.124014
0.019152 0.018819 -0.031662 -0.009315 -0.060051 0.103978
-0.039443 0.064137 0.001402 -0.013399 0.051597 -0.043801
0.045049 -0.053913 0.022148 -0.026988 0.020531 0.012589
-0.020719 0.051916 -0.077215 0.134065 -0.109499 -0.101259
0.012699 -0.039911 0.017270 0.052932 -0.002477 -0.111641
-0.098334 0.030613 0.112366 -0.174917 -0.032159 -0.065378
0.038268 -0.035686 -0.021020 -0.016929 -0.003826 -0.002236
-0.007913 0.007289 -0.001436 0.041721 -0.055874 -0.076138
0.029406 -0.094811 0.050427 -0.004777 0.034078 -0.025548
0.004771 -0.008324 0.014716 0.172337 0.185042 -0.094313
0.104231 -0.078763 0.002688 -0.013914 -0.044656 0.012818
-0.037544 0.013693 -0.043051 -0.002452 -0.173560 0.171797
0.013377 0.057031 0.075513 -0.076444 -0.121358 0.046903
-0.005377 0.022023 0.026107 0.014713 -0.000259 -0.003309
0.045439 0.055508 0.051126 -0.031195 -0.090339 0.098273
-0.003786 0.000630 -0.005901 -0.105618 0.055472 0.050382
0.003422 0.004278 0.003701 0.012143 0.093892 0.068038
0.032980 -0.125947 -0.046003 0.062675 0.016600 -0.006920
0.025132 0.071937 -0.027601 -0.136293 0.058386 0.041035
-0.001001 0.004011 -0.002006 0.022999 0.010017 0.082787
0.002641 -0.003810 -0.015257 0.011024 0.057228 0.050332
