0.007885 -0.012288 -0.007446 -0.205206 0.211078 -0.230797
0.046791 0.005519 0.003126 0.059047 -0.002934 -0.008873
-0.037381 -0.137554 -0.142820 0.036251 -0.003123 0.031302
-0.063100 -0.067100 0.041126 0.008827 -0.011009 0.004097
-0.009329 -0.012537 0.030553 0.025197 0.027609 0.019039
0.006022 0.012325 -0.008370 0.049847 -0.086642 -0.022513
-0.011287 0.010156 -0.018410 0.144134 0.103934 -0.004419
-0.000749 -0.000055 -0.000419 -0.140819 0.006571 -0.101948
-0.014939 0.011821 0.016026 0.024425 -0.018515 -0.002173
0.010656 -0.011437 -0.060843 -0.001834 0.001456 0.007779
-0.053237 0.037210 0.068919 0.012740 0.070598 0.100900
-0.012879 -0.040276 0.056766 0.189434 -0.087622 -0.057854
-0.016638 0.013204 -0.008105 0.094606 -0.054170 0.092480
0.000264 -0.003411 0.002092 -0.011409 -0.035404 0.021280
-0.039491 0.095020 -0.003397 0.011434 0.046377 0.109719
0.017450 0.021493 -0.010891 0.022241 0.031280 0.001727
-0.055823 0.061393 0.059963 -0.055722 -0.042568 -0.043139
-0.098596 -0.009982 -0.127337 -0.126043 -0.075451 -0.138942
-0.038375 0.009054 0.012471 -0.177970 -0.110587 -0.193322
0.016482 -0.021161 0.071731 -0.135060 0.093690 0.191349
0.011391 -0.047012 -0.004510 -0.002909 -0.002953 0.005553
0.015999 0.023330 -0.047106 -0.102069 -0.100012 0.128106
0.016123 -0.021978 -0.035747 -0.031817 0.004196 0.032859
-0.005175 0.009137 0.008099 0.030109 0.046861 -0.099803
0.014976 0.009817 0.012634 -0.003381 0.013134 0.056529
-0.005426 -0.022305 0.020255 0.049285 0.109905 -0.097003
-0.088895 -0.115774 -0.054782 -0.000698 -0.110672 -0.194288
0.009468 0.023225 -0.017523 -0.001489 -0.016231 0.012966
-0.016871 0.003867 -0.016896 0.009222 -0.041901 0.040037
-0.070588 0.056514 -0.018213 -0.185441 -0.076796 -0.046538
0.101721 0.108288 0.033296 -0.083221 -0.061619 -0.017306
0.046489 0.031107 0.002115 0.074554 0.097381 0.062179
-0.011172 0.002111 0.057358 -0.044957 -0.046786 0.063309
0.126321 -0.035210 -0.057431 0.074987 0.009528 0.026823
-0.000180 -0.000358 0.000126 -0.149711 -0.062214 0.179369
0.070917 0.074293 0.043620 -0.035812 -0.012302 -0.138162
-0.103125 -0.075208 -0.030788 -0.031885 0.000139 -0.032879
-0.014599 0.006514 -0.072704 -0.003192 0.009635 -0.022958
0.011156 -0.027343 -0.022679 0.041256 -0.091501 -0.067657
