0.013760 -0.097160 -0.077738 -0.020769 -0.030391 0.048142
0.053535 -0.138000 -0.024510 -0.023469 0.145287 0.172795
-0.000855 -0.015632 0.014040 0.026564 0.044155 -0.014362
0.009009 0.098134 -0.012414 0.025726 -0.034250 0.016654
-0.048031 0.053770 0.010628 -0.020249 0.057746 0.000273
-0.000352 -0.000809 0.000288 -0.046386 -0.013536 0.067703
-0.089484 0.024711 0.046390 -0.116600 -0.099963 -0.043022
-0.101283 -0.075590 -0.083008 -0.085108 0.082880 0.170373
0.051346 0.051934 0.003824 -0.015230 0.151120 -0.071886
0.110427 -0.039323 -0.114193 -0.052894 -0.049930 -0.062982
0.004417 0.004480 0.012397 -0.167146 -0.210840 -0.210191
-0.000043 0.113230 0.090561 0.018197 0.046336 0.073806
0.117007 -0.160424 0.133124 0.076355 -0.009267 0.011502
-0.115414 0.121380 -0.005611 -0.072239 0.058822 -0.129616
-0.090445 0.028381 -0.020773 0.013873 0.005192 0.009603
-0.104197 -0.042057 0.011961 0.052826 -0.070061 0.114425
0.018790 -0.007417 0.014329 0.019389 0.026312 0.004989
0.008198 0.002207 0.012526 0.087081 0.092487 0.062195
-0.051803 -0.065611 -0.024802 0.107567 -0.025835 0.085955
-0.036066 -0.018050 0.001781 0.034116 0.083086 0.139831
-0.015023 -0.009461 -0.004099 0.004441 -0.007247 -0.002024
-0.016815 -0.080574 0.007014 0.001701 0.001067 -0.001776
-0.020561 0.041895 0.006617 0.145713 0.110331 -0.109225
-0.004001 -0.002758 -0.000092 -0.019120 -0.021999 -0.145545
-0.071781 0.009006 -0.008122 0.002104 -0.004051 -0.007411
0.047631 0.029055 0.091877 -0.060172 -0.054559 0.164450
-0.005610 -0.125737 0.076066 0.014434 0.031932 0.008302
-0.093100 -0.018935 -0.044605 0.029086 0.054175 0.025053
-0.063555 -0.061970 0.153913 -0.201718 -0.125946 -0.056821
0.033601 0.016267 0.055113 0.004914 0.084121 0.083277
-0.134471 0.023945 0.094994 0.027113 0.006322 -0.010700
0.105123 -0.125943 0.056319 -0.163589 -0.149835 -0.103201
-0.002768 -0.000190 -0.001014 0.057356 0.102607 0.166624
-0.014376 -0.016424 -0.011327 -0.039726 -0.009803 -0.036809
0.047614 0.047999 -0.091264 -0.004356 0.078758 -0.007336
-0.050667 0.002204 -0.116647 0.002911 0.009025 0.028304
0.024742 0.039772 0.007766 -0.029772 -0.056797 0.022750
-0.071981 0.022591 0.035168 -0.008107 -0.028796 0.024860
0.069001 -0.046364 -0.078069 0.000540 -0.023139 -0.068497
0.048045 0.006808 -0.035631 -0.018534 -0.133903 0.039123
