-0.008619 0.019661 -0.115659 -0.187087 -0.012772 0.177702
0.000396 0.001738 0.000112 -0.074136 0.083173 -0.036937
0.015115 0.012996 -0.006023 -0.061095 -0.003514 0.000411
0.023252 -0.026842 0.006256 -0.036219 0.026861 0.076948
0.017496 0.035709 0.021945 0.027048 0.015879 -0.013975
-0.028210 -0.087794 -0.039561 0.175151 0.160152 -0.002597
0.019685 -0.157274 0.059983 0.173622 0.103357 0.113764
0.003590 -0.001434 0.001311 -0.158564 0.065881 0.028393
0.032147 -0.035564 0.049162 0.072079 0.017140 0.098266
0.004063 0.105149 -0.042917 -0.065819 -0.129704 -0.111868
0.055901 -0.057895 -0.001571 -0.094204 -0.167768 0.119333
-0.028029 -0.011759 0.009267 0.000447 -0.000286 -0.000203
0.102328 -0.031780 0.054829 0.053957 0.010469 0.004574
0.098903 0.151252 0.018353 -0.070524 0.015408 -0.079969
0.007333 -0.031839 -0.011590 -0.040339 0.063639 -0.026242
-0.042575 0.091872 0.041209 -0.085733 0.114602 0.017916
-0.004818 -0.005687 0.050956 -0.058977 0.050937 -0.145628
0.037023 -0.026696 0.011151 0.004647 -0.014183 -0.015446
0.001521 -0.026839 0.016430 -0.050965 0.078512 0.022187
0.029555 -0.014259 0.032523 -0.045298 -0.135025 -0.031716
-0.093340 -0.128924 -0.150704 0.114728 0.118891 0.130736
-0.053644 -0.033022 -0.032856 0.095347 -0.070481 0.104384
-0.017896 0.005635 -0.003336 0.018378 0.131930 0.118919
-0.127850 -0.133839 0.097722 0.053274 0.123157 0.085646
-0.062721 0.042294 0.009045 -0.037680 0.027216 0.041250
0.045197 -0.050302 0.025829 0.078598 0.207825 0.120671
0.078483 -0.010472 0.007233 -0.077133 0.056312 -0.109339
-0.010790 0.010948 0.006811 -0.025348 0.019374 0.011727
0.023130 -0.002066 -0.026575 -0.052879 -0.084656 0.029610
0.031310 -0.039672 0.019719 0.001766 0.004945 -0.002797
0.002496 0.029980 -0.035738 -0.065762 -0.051370 -0.008251
-0.048576 -0.072671 -0.039221 0.018828 -0.080956 0.068040
0.001894 0.003254 0.006665 0.075560 0.169200 0.081473
-0.057964 0.028441 -0.005294 0.138117 -0.028872 0.015590
-0.087244 0.015150 -0.014256 0.035149 -0.004977 0.058479
-0.040586 -0.058926 -0.043793 0.043988 0.009429 0.010078
0.010821 -0.006883 -0.004528 0.020733 -0.109539 0.085009
-0.038128 -0.139558 0.148718 -0.059017 0.020216 -0.037408
0.069327 -0.056366 -0.007327 -0.178465 -0.225364 0.151645
0.006072 -0.061866 0.091756 0.092326 -0.093159 -0.027143
0.089699 0.036610 -0.114106 -0.019478 -0.142480 -0.130227
