-0.129209 0.021991 -0.092681 -0.000152 0.001462 -0.004892
0.002418 -0.000985 -0.001118 0.181266 0.007115 0.162134
-0.095502 0.047470 0.008518 0.051040 0.120290 -0.012466
0.111827 0.006617 -0.134703 0.002535 -0.213283 0.166350
-0.067750 -0.076804 -0.000298 0.011585 -0.008228 0.042745
0.024913 0.039435 -0.021372 -0.085258 0.186111 -0.046140
-0.059153 0.067626 0.055932 0.043755 -0.110207 0.091491
-0.071894 -0.007640 0.076831 0.031572 -0.126982 -0.106694
0.073648 0.001483 0.102657 -0.017764 0.154685 -0.145220
0.002148 0.000463 -0.001350 -0.004200 0.011811 -0.027642
0.052829 0.041093 -0.051691 -0.026759 -0.005968 -0.038709
0.019334 -0.028637 0.011743 -0.036254 -0.057504 -0.006341
0.040363 -0.039383 -0.032142 -0.092636 -0.060931 -0.106164
0.079181 0.038421 0.071816 -0.038715 -0.041013 -0.025203
-0.007339 0.141901 -0.084596 -0.005019 0.116697 -0.022456
-0.031321 0.032493 0.018143 0.003315 -0.062532 0.019958
-0.004253 0.008315 0.004757 -0.031140 -0.032781 0.193523
-0.012748 0.050822 -0.028874 0.066690 -0.004896 -0.049059
0.000614 0.000162 -0.000781 -0.011284 -0.137768 0.158671
0.000604 -0.011503 -0.014423 -0.102573 0.112358 0.157911
-0.017887 0.017134 0.038340 0.124056 0.239948 -0.121477
-0.009680 -0.005242 -0.009423 0.023429 0.059185 -0.110125
0.126997 0.073049 0.103429 -0.106878 0.027948 0.091289
-0.039025 -0.019128 -0.003751 0.091832 0.062112 0.082409
0.069949 -0.018562 -0.063740 0.001105 -0.001429 -0.001446
0.004888 -0.062961 0.056162 0.175264 -0.103089 0.011005
0.077975 -0.001159 0.110702 -0.071993 0.051596 0.019185
0.069085 0.035850 -0.022463 0.184625 -0.027590 0.067857
-0.023530 0.026005 -0.015685 -0.072823 0.158214 0.019866
0.122823 -0.079409 0.021117 0.014209 -0.013473 -0.006973
0.104503 0.060939 0.004010 0.099601 -0.151040 -0.071673
-0.052206 0.068147 0.038387 0.034294 -0.026553 -0.042157
0.043565 -0.121525 0.139530 -0.000082 0.008049 0.000654
0.020727 0.034487 0.076546 -0.050742 -0.203892 -0.061700
0.089202 0.030780 -0.009598 0.043952 -0.059805 0.073535
0.002993 -0.020360 -0.059887 0.005317 0.133336 0.011744
-0.049317 0.026325 0.007144 -0.146517 0.073833 -0.122074
-0.010412 -0.000745 0.025576 0.012757 -0.006169 -0.066980
0.090372 -0.062313 0.038995 0.053568 -0.085219 0.089303
-0.013528 -0.009830 -0.016896 -0.066405 -0.131408 -0.181751
