-0.140700 0.137518 -0.132805 0.057404 -0.017551 0.045484
-0.027882 0.074733 0.032627 0.073016 0.126313 -0.059578
0.004897 -0.002289 -0.007907 -0.002209 0.011019 0.006985
-0.049680 0.075087 0.103230 -0.191723 0.063453 0.217341
0.036232 -0.030842 0.049817 -0.122334 0.043368 -0.037223
0.054375 -0.063187 -0.024640 -0.036467 -0.012209 0.032207
-0.054041 -0.062015 0.031005 -0.121530 -0.123196 -0.131609
0.032842 -0.007152 -0.010654 -0.002664 -0.009026 0.003966
-0.000670 -0.020841 0.017334 0.071532 0.057176 0.059152
-0.008705 0.055610 0.084457 0.021097 0.049641 -0.012234
0.048594 0.025191 -0.015192 0.148553 0.180564 -0.149271
-0.048190 0.150169 -0.025261 -0.059569 -0.014111 0.068064
0.046690 -0.040006 -0.047069 0.018085 -0.002604 0.010846
0.061667 0.036416 -0.061858 -0.033403 0.047965 0.143291
0.022398 -0.044696 0.011622 -0.024227 0.014408 0.015767
0.005999 -0.025111 -0.000490 0.001257 0.007956 -0.012066
-0.063220 0.083579 -0.083908 0.069243 0.181023 -0.012703
0.029955 -0.015608 0.025090 -0.017992 -0.079281 -0.187689
0.040389 0.015219 0.014408 0.231561 -0.186774 0.243539
-0.066572 -0.007178 0.039307 -0.084047 0.028257 -0.016995
-0.056672 -0.038363 -0.034005 0.095833 0.139713 -0.119130
-0.021413 -0.025967 0.034818 0.099912 -0.119497 0.128858
0.010870 -0.015830 -0.021550 0.116360 0.230700 -0.052590
-0.074702 -0.103757 -0.025140 0.191214 -0.147570 0.040946
-0.014441 0.038329 -0.053224 0.035812 0.015303 0.099244
0.034276 -0.030791 0.040269 -0.094366 -0.125460 -0.087328
0.133985 0.115495 0.154389 0.135715 0.070925 0.020960
0.038933 0.007848 0.062682 0.125997 0.117759 -0.179127
-0.048834 0.044544 -0.024516 -0.066299 -0.035779 -0.005079
-0.143673 0.073935 -0.094384 -0.014997 -0.007297 0.035216
0.025151 -0.069639 -0.041735 -0.017325 0.173433 -0.130380
-0.005249 0.086008 -0.117190 -0.004369 -0.001178 -0.000789
-0.001764 0.001630 0.003126 0.008129 0.027775 -0.032214
0.069434 -0.062776 -0.030546 0.015127 0.063813 0.049800
-0.011060 -0.011937 0.006137 -0.068088 -0.062826 0.060765
0.018334 -0.001912 0.009448 -0.096864 -0.080107 -0.117438
0.009566 -0.010184 0.005170 -0.026883 0.053054 0.040485
-0.050827 0.004438 0.077809 0.030670 -0.001642 -0.027676
0.010904 0.003409 -0.016598 0.054764 0.119698 0.073996
0.031111 -0.002991 0.112079 0.093932 -0.155679 0.136022
