0.024288 0.049938 -0.053762 -0.121767 0.012554 0.068043
0.103629 0.134173 -0.115807 0.007540 0.063052 -0.099346
0.018603 -0.015735 0.080378 0.000389 0.100471 -0.094582
-0.002088 -0.003882 -0.003361 -0.023909 0.071805 -0.153649
0.071904 0.027807 -0.093954 -0.092700 -0.105379 0.165365
-0.088732 0.058879 -0.056567 -0.040554 -0.002204 0.180327
-0.069348 -0.043307 -0.039653 0.013938 -0.019882 0.026794
-0.096756 -0.068954 0.021548 -0.030383 0.064272 -0.017543
0.000315 0.001302 -0.001466 0.170987 -0.058239 0.104810
-0.023448 -0.028539 -0.052735 0.069389 -0.026337 -0.007500
0.013262 -0.018979 -0.013973 -0.041958 0.042973 -0.029019
-0.037425 -0.018891 0.002371 0.112760 -0.097325 -0.055876
-0.017319 -0.006012 -0.018419 -0.012815 0.043679 0.029020
0.012384 0.023695 -0.039916 -0.001700 0.017003 -0.030471
-0.002270 -0.000800 -0.002875 -0.018912 0.201393 -0.052288
-0.002726 0.003025 -0.001048 -0.006627 -0.005628 0.009349
0.056953 0.001372 0.006058 0.007266 0.011452 -0.023341
-0.098992 0.010137 0.132876 0.089667 -0.017276 0.180620
0.050701 0.038158 -0.017170 0.067380 -0.089662 0.091577
-0.000323 0.053257 -0.013376 -0.125253 -0.063369 0.025053
0.013567 0.004883 0.036009 -0.086290 -0.004156 -0.056318
-0.052869 0.020866 -0.096484 -0.031982 -0.001731 -0.020829
-0.012582 0.023673 0.005434 0.034753 -0.028156 0.013503
0.114223 -0.087925 0.054999 -0.009659 -0.061230 -0.142930
-0.004270 0.081364 0.075516 0.075986 -0.136918 0.021262
0.096807 -0.072331 0.108958 0.069672 0.092535 -0.063942
-0.027323 -0.020343 0.025005 0.174401 -0.112006 -0.127948
-0.000004 0.021368 0.037698 0.007073 -0.019020 -0.030391
-0.014120 0.033198 0.003239 0.025170 0.076223 0.057082
0.103070 0.079628 0.008523 0.043568 0.078696 0.108454
-0.029235 0.012000 0.024486 -0.081402 0.148301 0.052256
0.009362 0.061941 0.033123 0.053001 -0.079781 0.020994
-0.039907 -0.041871 -0.014225 -0.008465 -0.001168 -0.094537
-0.149200 -0.003870 -0.042986 -0.001068 -0.002069 -0.003653
-0.041941 0.006295 0.009310 0.153485 -0.166299 0.015601
0.062127 -0.006581 -0.057350 0.088928 0.044886 0.136144
-0.020732 -0.097152 0.002095 0.003119 0.013112 0.009974
0.082624 0.002343 0.016111 -0.014634 -0.019077 -0.010122
0.073137 0.070586 0.078150 -0.081147 -0.094438 0.029556
0.119425 0.078536 -0.004077 -0.179161 -0.175861 -0.077431
