-0.047053 0.106991 0.066149 0.180453 0.125734 -0.156604
-0.039814 -0.075287 -0.081346 0.011285 -0.070810 -0.047048
-0.023074 -0.012905 -0.020246 0.077045 0.012186 0.167795
0.017963 0.019116 0.010118 0.140807 -0.182350 -0.172829
0.024289 -0.024950 -0.046595 -0.109359 -0.043292 0.078328
0.015391 -0.019268 -0.015464 0.021770 0.057262 0.059486
0.010051 0.011099 -0.073277 0.121074 0.063820 -0.060710
-0.011279 0.024041 0.000215 0.007908 0.007940 0.008608
-0.035935 -0.064101 0.073088 0.145989 0.156007 0.064717
-0.049742 -0.026182 -0.040430 -0.043263 0.022099 -0.170425
0.076267 0.000668 -0.040603 -0.046209 -0.038316 0.076520
0.029654 0.031272 0.028091 0.018327 0.130979 -0.122494
-0.043146 0.005624 -0.024920 -0.006160 -0.017575 0.019270
-0.031842 0.032495 0.013403 -0.118767 -0.089032 0.042044
0.013965 -0.030885 -0.006613 0.092059 -0.049713 0.137989
-0.061200 -0.076625 -0.091641 -0.048479 -0.140737 -0.068101
-0.031654 -0.017463 0.077093 -0.011648 0.014467 -0.033647
0.077829 -0.068597 0.041696 -0.028530 0.153125 -0.049318
0.028374 -0.108408 0.058303 0.080493 0.000241 0.045547
0.086118 -0.072113 0.011979 -0.118922 0.038482 -0.012421
0.056132 -0.103665 -0.100475 -0.058669 0.064290 0.070523
-0.064744 0.019065 -0.024364 -0.066083 0.007185 -0.196758
0.059693 0.054738 -0.094171 0.036199 0.204578 0.122758
-0.013357 0.003535 0.001625 0.014367 0.035038 0.054656
-0.014772 0.031748 0.011551 0.084663 -0.082417 -0.043077
0.026036 0.008865 0.035764 0.064834 -0.060665 -0.168123
-0.005959 0.058495 0.034506 0.134221 -0.070522 0.037503
-0.103313 0.071544 -0.059513 -0.142914 -0.073863 0.033425
0.080432 0.134529 -0.116682 0.208870 0.036915 -0.067034
0.001826 -0.022391 0.080829 -0.054343 -0.064250 -0.014203
0.016916 0.006741 0.135109 0.055216 0.046607 -0.005460
0.017850 0.000159 -0.164939 0.049078 0.050039 -0.028804
0.057526 0.103731 0.100399 0.206779 -0.013575 0.013298
0.129298 -0.030238 -0.039444 0.067025 -0.026163 -0.021769
0.032517 0.039274 0.025557 0.092821 -0.162051 -0.123678
-0.079354 0.144849 0.069016 0.042876 0.071994 -0.016066
0.008106 0.020942 -0.003392 -0.019700 -0.003420 -0.008661
0.013673 -0.026277 -0.008375 -0.032660 0.090934 -0.074365
-0.090410 -0.060643 -0.081696 0.036911 -0.049093 0.010572
0.072438 -0.026290 -0.007074 -0.148434 0.000598 -0.035826
