-0.044491 -0.099288 0.110416 -0.084114 0.088775 0.089724
-0.064240 -0.034637 -0.081516 0.033502 0.019211 0.020939
0.142300 -0.126918 0.112748 0.194234 0.146894 0.193731
-0.003325 -0.000038 0.006237 -0.041017 0.059332 -0.005704
-0.059449 -0.007361 0.039141 0.001655 0.006509 -0.004968
-0.033782 0.009564 -0.038639 -0.002017 -0.090465 0.008192
-0.011757 0.058434 0.033795 -0.016905 0.029498 0.075582
0.008131 0.003308 0.007317 0.140868 0.010186 -0.152255
0.061647 -0.025866 -0.023393 0.221136 0.003103 -0.055503
0.058501 -0.067358 -0.074578 0.087145 0.055974 0.072103
-0.086925 0.043235 0.027782 -0.067037 0.141909 0.037502
0.020605 -0.045754 0.091013 -0.104518 0.118463 -0.053542
0.017031 0.095679 0.088654 0.147406 0.067629 0.066999
0.007910 0.004121 -0.007710 0.002264 0.002266 0.006291
-0.103378 -0.124844 0.010552 0.029564 0.120446 -0.049604
-0.037098 -0.051621 -0.053106 0.071757 0.066426 -0.090647
-0.006144 0.012778 0.022621 0.104093 0.131728 0.121000
-0.085583 -0.036868 0.077614 0.017676 -0.016036 -0.007635
0.105373 -0.024567 0.128617 0.015146 -0.005675 -0.008005
-0.026136 -0.018085 0.052068 0.038576 0.118191 0.080603
0.001810 0.007429 0.014525 -0.036455 0.120975 -0.146954
0.036214 0.046452 -0.027035 0.029374 0.016520 0.016108
-0.014203 0.004493 -0.006746 -0.004205 0.023661 0.121996
-0.124767 0.167918 0.008111 0.007221 -0.117504 0.058360
-0.003239 -0.013384 0.006481 0.000348 -0.000169 -0.001728
-0.102194 0.037154 -0.081385 0.085559 -0.015580 -0.092498
-0.063333 -0.073558 -0.046508 -0.042489 -0.075397 -0.067393
-0.038654 -0.020076 -0.039124 -0.005190 0.001028 0.009557
-0.040662 0.150136 -0.032099 -0.000370 0.153039 -0.162861
0.020966 -0.018509 -0.092194 -0.015353 -0.013908 0.023496
-0.001167 -0.000924 0.000782 -0.018325 -0.049943 0.194243
-0.020609 0.015175 0.034348 -0.195580 0.033129 0.114083
0.074780 0.003075 0.007692 0.015889 0.025669 0.021363
0.135289 0.136408 -0.031558 0.176809 0.143755 -0.008131
-0.041022 0.050485 0.004319 0.005145 0.072644 -0.054634
0.109992 0.011878 0.036720 -0.065180 0.008653 -0.022433
0.001114 -0.008651 0.008127 -0.055267 0.014326 0.025052
-0.064749 -0.046252 0.048276 0.087194 -0.041182 0.011239
0.106928 0.113563 -0.060778 -0.112303 -0.062483 0.045571
0.105042 0.125071 -0.106001 -0.046436 -0.009620 -0.093606
