-0.029408 0.009711 0.007010 -0.022777 -0.138252 0.011769
-0.071369 -0.028073 -0.101795 -0.059620 0.022892 -0.105700
-0.032657 0.015540 -0.000309 0.000050 0.000331 -0.000275
0.098336 -0.009878 -0.088261 0.170998 0.048525 0.020842
-0.083434 -0.090553 -0.076703 0.004418 0.003606 -0.005572
-0.015944 0.001352 -0.052643 0.046631 0.055113 -0.049371
-0.015385 0.020697 0.011310 0.001296 0.000977 0.014150
-0.003155 0.010366 0.060133 -0.021378 0.161953 0.211992
-0.097383 -0.119991 0.089625 0.125697 -0.195899 -0.126283
0.024297 0.133966 -0.003390 -0.096075 -0.065949 0.162013
-0.029427 -0.020091 0.006198 -0.080849 0.125587 0.088034
-0.048808 -0.021813 0.060107 -0.151744 -0.064741 -0.001072
-0.020093 -0.008049 -0.004583 -0.091113 0.088327 -0.095698
0.010408 0.013098 -0.011687 -0.130292 0.092325 0.115212
-0.043048 -0.004343 -0.034941 0.128265 0.039600 0.043943
-0.008084 -0.011115 -0.008264 0.217237 -0.070482 0.033334
0.000458 0.080644 -0.122368 -0.028031 0.098876 -0.120842
-0.130288 -0.129228 -0.101292 0.035419 -0.001499 -0.045155
0.009835 -0.016394 -0.073144 0.069402 0.024435 -0.031156
-0.064495 -0.019771 -0.006639 0.149092 -0.102024 -0.020206
0.006273 -0.032720 -0.006527 -0.152924 -0.143671 0.130480
-0.006551 -0.007460 -0.003036 -0.012074 -0.049660 0.036709
-0.159092 0.017359 0.135460 0.007730 0.011185 0.009137
-0.000745 -0.007278 0.002931 0.008627 0.040752 -0.076815
-0.091764 -0.039126 0.100661 0.020028 -0.061598 0.050784
-0.019479 -0.156732 -0.020030 0.152213 -0.121243 -0.029678
0.020017 0.122032 -0.148259 -0.098467 0.021819 -0.009876
-0.020537 -0.001249 0.017029 -0.079467 -0.044145 -0.047275
-0.017448 -0.066003 0.053910 0.188417 0.091879 0.149126
-0.052596 0.060202 0.000234 0.002291 0.002443 0.001682
0.104609 -0.027176 -0.136122 0.047575 -0.071111 -0.028447
-0.023113 -0.031341 -0.012549 -0.041248 -0.048964 -0.055550
-0.003990 -0.006406 0.007955 0.098240 -0.028772 -0.116229
-0.039309 0.013523 0.046811 0.027230 0.051876 0.019762
0.113969 0.029368 -0.123688 0.087905 -0.057491 -0.037254
-0.108101 0.016087 0.046185 0.029556 0.019553 0.000754
0.000322 -0.025584 -0.002126 -0.003833 -0.007122 -0.000373
-0.001665 -0.016534 -0.001073 0.001747 0.014305 -0.004550
-0.077939 -0.130138 0.133617 0.126570 0.037238 0.048681
-0.093248 -0.025859 -0.004062 -0.189384 -0.065559 0.196373
