0.016654 0.011195 -0.012984 -0.031972 -0.043916 0.021013
0.074907 0.089152 0.113216 0.111324 0.058537 0.087816
0.005445 0.020623 0.009043 -0.023243 0.014977 -0.007510
-0.012879 -0.095982 -0.023419 -0.021672 -0.101653 0.082856
0.008052 0.012048 -0.012085 0.114341 -0.072885 0.068186
0.000023 0.021224 -0.017787 0.028461 0.005054 -0.032650
0.002966 0.001320 0.001124 0.005180 -0.026289 0.072083
0.059978 0.063901 -0.051249 -0.011154 -0.027351 -0.029537
0.043132 -0.083323 0.041150 -0.051926 -0.067939 -0.045494
0.003112 -0.002942 0.018231 -0.053272 -0.137260 -0.076119
0.003917 -0.001600 -0.001816 -0.000238 0.036480 0.058424
0.070746 0.058450 -0.033537 0.008239 0.000775 -0.080614
0.044651 -0.121946 0.121845 0.024547 0.026885 -0.029052
-0.019084 -0.035532 0.039538 -0.094520 -0.107263 -0.062640
-0.048931 0.095461 0.063634 -0.066481 0.091106 -0.073709
-0.096745 0.019804 0.134765 -0.064483 0.002271 0.012083
-0.111086 0.007316 -0.011222 0.109370 -0.138653 -0.005253
-0.123995 0.040589 0.120721 0.196728 0.163066 0.179891
0.085096 0.052415 0.008699 -0.009569 -0.013891 0.071575
-0.044440 0.026193 0.000148 0.130248 0.082653 0.041566
0.002433 -0.002464 -0.000874 0.034517 -0.122787 0.182969
-0.009492 0.008417 0.007240 -0.024950 -0.192082 0.047958
-0.029562 0.002527 0.026246 0.051880 0.068140 -0.002948
-0.007083 0.160578 -0.036536 0.061266 0.052515 -0.037151
0.141694 -0.002812 0.110261 -0.146832 0.207121 0.069850
-0.131371 0.163939 0.011921 0.043620 -0.141248 0.035929
0.035938 0.025162 0.031115 0.010815 0.062794 0.103964
-0.000764 -0.002690 0.001741 -0.000672 -0.002605 -0.002056
-0.013103 0.008033 0.013901 0.118656 0.016923 0.103241
-0.041659 0.142513 -0.066519 -0.062401 0.047668 -0.013685
-0.104402 -0.083555 -0.036572 -0.011807 0.011003 0.007659
0.052879 -0.091460 0.002838 -0.000961 -0.006241 -0.006846
-0.000123 0.090131 -0.073310 -0.008382 -0.025484 -0.014824
0.010866 0.043675 -0.010548 -0.000358 -0.024219 0.011117
-0.000025 0.001357 0.001152 0.057075 0.023277 -0.030022
0.031692 -0.055983 -0.006056 0.006531 -0.028423 0.046299
-0.112951 -0.053869 -0.041468 0.040100 0.049660 -0.013209
0.022191 0.093723 0.078015 0.070229 0.013751 -0.015419
-0.036404 0.018042 -0.021622 0.088419 -0.074906 -0.115654
-0.063655 0.060423 0.073401 0.146099 0.057260 0.095133
