-0.004439 0.001369 -0.010051 0.153741 0.237221 0.089388
0.031599 -0.020060 -0.000897 -0.020689 -0.000868 -0.013681
-0.008546 -0.007128 -0.006812 -0.000897 -0.099712 -0.015202
0.029228 -0.090443 0.060639 -0.002021 0.127268 -0.097153
0.048374 0.069745 -0.117247 -0.003619 -0.000329 0.004354
-0.066111 0.067251 0.089368 0.047837 0.050657 -0.086419
0.062959 -0.145491 0.041234 -0.000154 -0.047404 0.044164
0.017338 -0.001180 0.015639 0.163687 0.202951 0.086878
-0.078938 0.066483 0.022214 0.027315 -0.010173 -0.003536
-0.032229 0.073162 -0.082606 -0.195375 -0.162436 -0.193192
0.009336 0.002471 0.002981 0.137142 0.110713 -0.187876
-0.000327 0.000381 0.002090 0.138697 -0.164564 0.017433
0.020647 0.020127 0.084965 -0.081024 0.079514 -0.044913
-0.073659 -0.035956 0.062945 -0.033550 0.026392 -0.009855
0.091666 -0.018962 0.002697 0.064726 0.095658 0.065614
0.013151 -0.020087 -0.025004 0.019459 -0.014272 -0.117863
0.005744 0.017723 -0.076808 -0.086005 -0.093228 0.091322
0.145477 0.051987 -0.090873 0.006668 -0.084611 0.134721
0.052652 0.019191 0.005260 -0.011725 0.036671 0.033565
0.008120 -0.059091 -0.007122 0.041964 -0.185092 0.074163
0.034451 -0.022093 0.020552 0.001395 -0.070193 -0.082466
0.097291 0.151208 -0.123105 -0.110969 0.019605 0.053745
0.009329 0.011203 -0.011527 0.003522 0.012161 -0.007720
0.022531 0.014795 0.032504 -0.030446 0.087640 -0.069298
-0.046356 0.017565 -0.046937 -0.090020 0.088821 0.060095
0.022420 0.053985 -0.072076 -0.035849 0.062595 -0.068192
0.084648 0.062592 -0.009940 -0.028796 0.027659 -0.079295
0.143576 0.000940 -0.113584 0.004385 -0.020270 -0.037677
-0.099585 0.091187 -0.115595 0.022001 -0.026155 -0.039450
-0.033529 0.080210 0.051340 0.010300 0.036677 0.018698
0.100684 0.038162 0.002566 -0.063060 0.052882 -0.029964
0.074850 -0.072904 0.096329 -0.002338 0.017875 0.010881
-0.030117 -0.019450 -0.017165 -0.086654 0.146345 -0.061056
-0.024971 -0.000893 -0.009846 -0.011382 0.028873 -0.009084
-0.029073 0.098913 0.117634 -0.002964 0.210352 0.222218
-0.085630 0.155000 0.114122 0.050609 0.130602 -0.015702
-0.023038 0.059750 -0.027457 -0.038666 0.073033 0.041268
0.077855 -0.004421 0.063280 0.042444 -0.030748 0.034284
0.125252 0.105525 0.060211 0.108097 0.015664 0.096682
0.010008 -0.056848 0.000808 -0.002251 0.000972 -0.000550
