-0.105220 -0.015255 0.047526 0.122708 0.012219 -0.027745
0.062547 0.023071 0.015162 -0.004910 0.004803 -0.000420
0.112046 0.075629 0.055371 -0.040914 -0.090390 -0.039371
-0.010122 -0.026179 -0.007052 0.067412 -0.003467 0.115047
-0.023181 0.009386 -0.014057 -0.013352 -0.033834 0.126534
0.005158 0.008479 -0.005173 -0.001649 -0.012239 0.020601
-0.041301 -0.022332 -0.020826 0.164402 0.050414 0.143441
0.052840 -0.060130 -0.008768 0.092029 0.041268 0.044901
-0.033108 -0.094812 0.070810 0.049292 0.010470 0.112580
-0.055498 -0.006892 -0.093673 0.190464 0.084187 -0.009004
-0.001575 0.002218 -0.000635 0.005541 -0.004815 0.004546
-0.036219 0.028797 -0.025115 0.012712 0.015808 -0.001400
-0.019861 -0.026418 -0.007589 -0.185398 0.175637 -0.103270
-0.086011 0.075571 -0.043496 0.014249 0.030569 -0.044908
-0.006037 0.001347 0.003776 0.002276 -0.012476 0.024734
-0.005815 0.042303 -0.035947 -0.078543 0.070593 0.072722
0.052725 -0.000332 -0.119678 0.041946 0.084617 0.010685
-0.002787 0.001831 0.001375 -0.097753 0.077078 0.009896
0.002956 0.002719 -0.002217 0.000875 -0.039309 -0.009212
-0.044053 -0.021875 -0.073907 -0.087307 0.160788 0.125666
-0.026791 -0.081201 0.037741 0.012791 0.011846 -0.011176
0.050454 0.005646 -0.051047 -0.056506 -0.055706 -0.052973
-0.123796 -0.063638 0.047545 0.160616 0.053735 0.157533
0.000847 0.006314 0.032727 -0.009008 -0.132731 -0.043201
0.015925 0.007373 -0.006937 0.099061 0.086905 0.043516
0.010425 0.008062 -0.019835 -0.040390 -0.134548 -0.076459
-0.041955 0.002384 0.026950 0.045543 -0.037150 0.041572
0.031621 -0.038691 -0.064483 0.030054 -0.036973 0.061686
-0.007359 -0.016149 0.040991 -0.023496 -0.001823 -0.027355
-0.022651 0.062971 0.005496 -0.038812 0.006517 0.010579
0.084077 -0.080170 0.046058 -0.030914 0.034551 -0.053054
0.006077 -0.025509 0.025284 -0.242626 -0.150744 -0.082374
-0.155531 0.127783 0.012737 -0.014681 -0.023667 0.045037
0.015529 0.074377 0.013351 -0.148002 0.025850 -0.002781
0.003906 0.005798 -0.007113 0.054724 0.210644 0.129883
0.042895 -0.009709 -0.015078 -0.063223 -0.095491 -0.025557
0.002661 0.010341 -0.007187 -0.029045 0.020070 0.000353
-0.083796 0.077166 -0.058398 0.032207 0.017062 -0.005482
0.003549 -0.001624 0.003034 0.002734 0.018886 -0.009832
0.035108 -0.023316 -0.022325 0.139306 -0.129631 0.083378
