0.003145 0.000080 0.004036 -0.002649 0.017930 -0.006907
0.003273 -0.031492 -0.010809 0.084961 0.137536 -0.139657
0.047898 -0.014902 -0.050364 -0.026556 -0.012039 0.003098
-0.021129 -0.055082 0.038256 -0.000823 0.002111 0.002288
0.039659 -0.057130 0.033199 0.037687 -0.182046 -0.125759
0.113860 0.125647 0.024762 0.069245 -0.052381 -0.078760
0.025109 -0.028656 -0.049449 -0.032123 0.103652 0.033363
0.015670 0.010816 0.029081 -0.078246 0.167329 -0.035608
-0.000323 0.020029 0.019877 0.091044 0.105066 -0.081514
0.000723 -0.014278 -0.020316 -0.025823 0.086965 -0.109008
0.098286 -0.138101 0.064021 0.082450 0.085918 0.086986
-0.068497 -0.015521 0.087390 -0.064665 0.160210 0.051097
-0.108119 0.076750 0.005541 0.082115 0.040083 0.008528
0.067623 0.026152 0.055127 -0.134000 -0.074279 0.110435
-0.031982 -0.052289 0.052201 0.016846 -0.013214 0.038986
-0.135473 -0.105439 0.000987 -0.047896 0.043096 0.074666
0.119508 0.033255 -0.059815 -0.007972 0.006210 0.012306
0.083618 0.067028 0.056015 -0.052238 0.051788 0.100089
0.111342 0.091787 0.042606 -0.071909 -0.125046 0.074998
-0.098010 0.043695 0.054566 -0.156284 -0.149819 -0.008116
-0.037819 0.038017 0.064037 -0.082888 0.051422 0.033590
0.044659 0.096795 0.082985 -0.058505 -0.034642 0.062952
-0.018828 -0.099801 -0.046068 -0.014924 -0.022330 -0.074571
0.079700 -0.108186 0.122413 0.073626 0.065165 0.062251
0.032201 -0.059169 0.129521 -0.075093 0.129954 0.156498
-0.126748 -0.010815 -0.151610 0.023298 -0.020853 0.006972
0.079761 0.022207 0.110749 -0.018243 -0.014537 -0.036004
-0.078269 0.113059 -0.152477 0.023538 -0.046917 -0.037427
0.054912 0.027911 0.018778 -0.010422 0.085492 0.097360
-0.041656 -0.028804 -0.009100 0.077500 -0.120270 -0.062863
0.055982 0.076664 0.097784 0.034398 -0.165395 -0.115741
0.031551 -0.034992 -0.121405 -0.033706 0.037844 0.034402
0.000006 0.002051 -0.005892 -0.040557 -0.054242 0.021415
0.046329 -0.078341 0.017906 0.047441 0.130772 0.098455
-0.001246 -0.091387 -0.117423 -0.022294 -0.008768 0.050765
-0.036419 0.043280 -0.016448 0.043919 0.103801 0.206385
0.010851 -0.013732 0.008169 0.072272 -0.015983 -0.209368
-0.039360 0.021876 0.037934 -0.011592 0.011499 0.022880
-0.008690 0.010748 -0.142686 0.026836 -0.045918 -0.055529
-0.050400 -0.064954 0.076364 0.194866 -0.068885 -0.060796
