0.007901 -0.002376 0.007288 -0.035678 0.036056 -0.086777
0.095750 0.093561 0.113357 0.044758 0.104781 0.023880
-0.015127 0.015448 0.012372 -0.000441 -0.000219 -0.000172
0.047845 0.081650 0.017365 -0.003772 -0.032889 -0.011139
-0.021805 0.015284 -0.000418 0.076002 -0.227400 -0.185275
0.004001 -0.002080 0.001631 0.043634 -0.020281 -0.048632
-0.053755 -0.068849 0.049988 0.004290 0.059444 0.058951
0.135416 0.143211 -0.012689 -0.004812 -0.002353 0.011671
-0.002138 -0.005696 -0.149489 0.112998 -0.048464 0.037711
0.050079 -0.063796 -0.010917 -0.029581 0.118534 0.084235
-0.041203 -0.098333 0.060971 -0.009601 -0.003392 0.003850
0.058342 0.038122 0.022215 -0.104234 -0.123512 0.018907
0.076759 0.046069 0.011129 -0.114041 0.003317 -0.138172
0.028907 0.043194 -0.001095 -0.033802 0.033732 0.023723
0.074776 -0.057971 -0.078975 -0.209921 0.186132 -0.063711
0.007094 -0.009391 -0.006658 0.021351 0.032414 0.005011
0.101433 -0.052525 0.038448 -0.056222 0.075788 0.012112
0.090139 -0.025722 -0.071404 -0.009502 -0.000818 -0.026469
-0.007030 0.002241 0.008908 -0.101748 -0.129509 -0.124526
0.101367 -0.101121 -0.125374 -0.044192 0.069237 0.024385
-0.077944 -0.064760 0.053077 -0.043376 -0.116787 -0.090790
-0.047404 0.032926 -0.065335 -0.018870 -0.016608 0.009165
0.009649 -0.008717 -0.000613 0.146579 0.020389 0.068076
0.002072 0.004155 -0.005047 0.044379 0.073264 0.035958
-0.089297 0.078558 -0.005960 0.024183 -0.028546 -0.000948
0.009892 0.017062 0.019593 -0.053170 -0.002241 -0.002457
-0.068358 -0.024975 -0.068732 -0.012796 -0.109921 0.040635
-0.065983 0.058654 0.070682 -0.032684 -0.098330 -0.073382
0.001044 -0.001767 -0.002366 -0.209674 -0.027687 0.170848
-0.004509 0.004969 0.012423 0.162272 0.022095 0.030561
0.040063 0.056265 0.054465 -0.192704 -0.118654 -0.170695
0.008291 0.000193 0.006310 -0.125627 0.028588 -0.027568
-0.042702 0.022603 -0.071998 0.022040 0.054966 -0.033731
-0.114543 -0.054274 -0.103191 0.023770 -0.032383 0.031093
-0.002058 0.016337 0.009394 0.174602 -0.093084 0.112577
0.006214 -0.014806 -0.020615 0.099674 -0.092534 0.025979
0.006085 -0.021307 -0.015234 0.054102 -0.059640 -0.032836
-0.082229 0.062152 0.008626 0.020429 -0.010135 -0.014192
-0.016107 0.005558 -0.013544 -0.004782 -0.189539 -0.105279
-0.023581 -0.004938 -0.029775 0.104458 -0.215192 -0.020695
