0.003335 0.017261 0.014094 0.052601 0.053149 -0.049016
-0.007155 -0.120017 0.109103 0.207796 0.180887 -0.068409
-0.015965 -0.027391 0.016492 -0.020762 -0.062329 0.036670
0.096678 0.020482 -0.081848 -0.080783 -0.100180 0.094181
-0.058671 0.028126 0.022615 0.041522 0.152407 -0.137891
0.094320 0.158111 -0.086437 -0.063335 -0.027775 0.061785
0.029286 0.093531 -0.002944 -0.049218 -0.057383 -0.020984
-0.043486 -0.091428 0.001877 -0.114304 0.221724 0.128324
-0.010707 -0.014432 -0.020156 -0.052748 -0.034408 -0.002694
0.041285 -0.014431 0.043132 -0.128216 -0.145977 0.184854
0.081193 -0.150715 -0.054982 -0.067959 0.053038 -0.025168
0.018415 -0.003561 0.013921 -0.001309 -0.000775 -0.000776
-0.131263 0.138773 0.064120 -0.026757 -0.022602 -0.005116
-0.084124 0.028132 0.076337 -0.075606 0.137037 -0.145663
0.027005 0.009731 -0.019473 -0.035624 0.138959 -0.143658
-0.009499 -0.022026 0.029827 -0.026985 -0.086727 -0.103775
0.026876 0.030525 -0.081367 0.095276 0.056946 0.020842
-0.047405 -0.007136 0.031343 0.116517 -0.002285 -0.123948
0.097879 -0.012722 0.054500 -0.173308 0.025388 -0.105720
-0.017242 -0.029072 0.097860 0.233024 -0.044320 0.210306
0.041099 0.165673 -0.165546 -0.008404 -0.103711 -0.208369
0.002156 -0.009310 0.021056 0.210245 -0.193784 0.156082
0.037621 0.012521 0.046735 -0.018383 -0.033510 -0.015148
-0.074462 -0.032898 0.063680 0.016233 0.025531 -0.026755
-0.025806 0.010672 0.014441 -0.167124 0.075912 0.107064
-0.052620 -0.037199 -0.046843 -0.157223 0.097216 -0.028157
-0.062335 -0.024182 0.021423 -0.165226 0.112225 -0.152550
0.064195 0.097969 0.021668 -0.006385 -0.040220 -0.079437
-0.080401 -0.118439 0.109458 -0.015289 -0.088299 0.082481
0.001126 0.004860 -0.005941 -0.126567 0.103812 0.005473
-0.060714 -0.002944 0.092377 -0.003134 -0.003739 -0.027775
-0.132048 -0.085636 -0.122146 -0.029344 0.088279 -0.050080
0.066757 0.010137 -0.049841 0.115843 -0.196339 -0.112544
0.111057 -0.123807 -0.016448 0.029189 0.014791 -0.044826
-0.032002 -0.015634 0.000722 -0.013976 0.012935 -0.001052
-0.002169 0.095037 -0.084680 0.110305 -0.109136 0.035594
-0.072262 -0.013143 -0.072206 -0.191322 0.074607 -0.060365
0.155786 0.086304 0.126857 -0.001042 -0.000930 0.001163
0.045261 -0.003294 0.040608 -0.139795 -0.108651 0.091912
-0.008910 0.075894 0.015388 -0.074634 0.037193 -0.018114
