0.000452 0.000982 0.000239 0.057934 0.068591 0.062634
0.011287 0.112424 -0.046274 -0.015129 0.008021 -0.000236
-0.022689 0.053696 -0.079112 -0.118795 -0.063688 0.143698
-0.051691 -0.013853 0.044612 -0.157269 0.117146 0.199671
-0.046219 0.025808 0.001638 -0.014588 -0.018228 -0.015848
0.090343 0.051904 -0.051977 0.003330 -0.143096 0.136945
-0.073454 0.045422 -0.070201 0.095067 -0.010910 0.060699
-0.040765 0.067517 0.020508 0.063360 0.024210 -0.034538
-0.000219 -0.012322 -0.003032 -0.006685 0.126865 -0.074394
0.016834 0.074338 -0.049020 0.004364 -0.017681 -0.024696
-0.015292 0.017295 -0.085472 -0.008421 -0.030785 -0.018681
-0.041299 -0.122061 -0.048015 0.192603 -0.059479 -0.042953
-0.055015 0.045599 -0.064292 0.136590 0.063187 -0.106507
-0.049550 -0.006038 -0.024794 -0.010767 -0.014273 -0.021766
-0.023114 -0.010314 0.016465 -0.086079 0.051614 0.081751
-0.087274 -0.071498 0.007189 -0.044062 0.056103 0.030624
0.059088 0.005184 0.131006 0.037850 -0.038695 0.014986
0.086548 -0.117615 0.098426 0.170580 0.124372 -0.088410
-0.085607 0.121955 -0.042058 0.076237 0.061891 -0.064032
0.132259 -0.037254 -0.046193 0.064906 -0.048471 0.095261
-0.015467 0.020947 -0.012084 -0.034500 -0.066612 0.048973
-0.044969 -0.056592 -0.101912 -0.051969 -0.043738 0.063337
-0.082291 0.137488 0.106440 0.016230 0.004479 0.018122
0.032597 -0.037254 0.017475 0.041011 -0.017606 -0.036727
-0.027084 -0.119111 0.098747 -0.019501 0.002645 -0.007208
0.089221 0.146869 -0.158878 0.042087 0.043582 -0.113645
0.009563 0.034376 -0.008430 -0.068187 0.100231 -0.053821
0.062127 0.066479 -0.066005 0.001299 0.002326 -0.002299
0.102183 0.035177 -0.015196 0.008723 0.011174 -0.032014
0.032131 0.067109 0.016521 -0.006871 -0.015305 -0.030922
0.017405 -0.024414 -0.016682 -0.045484 0.122117 0.125633
-0.019198 0.063642 0.063250 -0.117761 -0.059668 -0.109151
-0.043503 -0.025136 -0.021948 0.123351 -0.147119 -0.066878
-0.045470 0.082503 0.049530 -0.048391 -0.054970 0.110717
0.074874 -0.038786 -0.027541 -0.171595 -0.163826 -0.152605
-0.082638 0.073801 -0.037552 -0.052071 0.058908 0.015920
-0.012276 -0.098885 0.030660 0.000204 0.187260 0.167114
0.073177 -0.132932 0.102622 0.004492 0.003402 -0.008788
0.012436 0.032337 -0.059171 -0.090309 0.014108 0.077304
0.025997 0.099387 0.066869 0.078092 -0.012701 0.001145
-0.020843 0.002525 -0.031757 0.029889 -0.030255 0.026485
