-0.027005 -0.057081 -0.036772 0.131842 -0.158862 0.058997
-0.000062 0.000095 0.000489 0.100016 -0.109972 -0.088577
0.106869 0.063274 -0.064554 -0.103304 -0.179086 0.182509
-0.142966 0.027323 -0.135023 -0.165366 0.075631 -0.062858
-0.026884 -0.003898 -0.014686 -0.196702 0.101321 0.006993
0.058759 -0.015195 0.048243 -0.001975 -0.013361 0.000606
0.090702 0.032273 -0.022228 0.023655 0.009931 -0.050568
0.076956 -0.047517 0.008096 -0.060084 -0.047965 0.057505
0.001943 -0.082519 0.070369 -0.010816 -0.058844 0.023104
0.044382 0.008271 -0.050149 -0.008498 0.009150 -0.042758
-0.023574 0.051136 -0.021936 -0.023702 0.132353 0.007646
-0.001258 0.025065 0.026913 0.152138 0.106088 0.001780
0.007146 0.004478 0.003038 0.173861 -0.051103 0.148633
-0.022107 0.050360 -0.059068 0.021034 -0.208171 0.072331
-0.061758 -0.046137 -0.104576 0.027380 -0.110221 0.094731
-0.013840 0.038034 0.009952 -0.066301 -0.079637 -0.010609
0.009165 0.032579 -0.022051 0.030086 0.144266 -0.089749
-0.019590 0.001727 0.032530 -0.033791 0.011392 0.058380
0.008402 -0.013516 0.020040 0.201777 -0.042791 -0.014656
-0.007795 0.030533 -0.016028 -0.011248 0.051811 0.008545
0.099782 -0.038119 0.022531 0.012884 0.048234 -0.169775
0.010043 0.002226 0.001387 -0.024205 -0.193418 0.074607
-0.049216 0.066934 -0.033647 0.156139 0.041272 -0.061186
-0.004088 0.013368 0.086116 0.169899 0.028216 -0.185950
0.017318 -0.070832 -0.016463 -0.106066 0.056106 0.103056
0.049172 -0.136997 -0.074055 0.188106 0.059725 -0.160378
-0.023194 -0.029091 -0.025841 -0.027475 0.003670 0.024842
-0.010081 0.024702 -0.048507 -0.001564 0.002499 0.004280
-0.038646 0.052637 0.015261 0.018122 -0.010545 -0.008395
-0.081212 0.005481 -0.141278 -0.004702 0.000037 -0.006494
0.013083 -0.077497 -0.075080 0.116608 0.039668 0.065015
0.024756 -0.019838 -0.020888 0.069483 -0.021931 0.007518
0.003240 -0.001997 0.004160 -0.039737 0.054737 0.044688
0.072964 0.008747 -0.080707 0.040235 -0.000318 0.029557
0.002668 0.016696 0.061762 -0.049598 -0.049732 -0.072999
-0.042823 -0.088194 -0.002315 0.001785 -0.003038 -0.001466
-0.085504 -0.055388 0.089614 -0.001856 -0.002097 0.012412
0.011495 0.077226 -0.048571 0.232051 -0.102018 -0.024555
0.022840 -0.012260 -0.051770 -0.000257 -0.000188 -0.000106
-0.098938 -0.007540 0.086099 -0.011037 0.043949 -0.011811
