0.051049 -0.076112 0.051884 0.095160 -0.036394 0.014375
-0.055477 -0.044567 0.018596 -0.088670 -0.050214 -0.059850
0.101079 0.104862 -0.046777 0.109050 0.112381 0.004458
-0.108952 -0.070038 -0.047263 -0.222105 -0.034905 0.176407
-0.037223 -0.042427 0.071321 -0.070699 -0.161531 0.044915
0.072399 -0.061751 -0.056112 0.069650 0.042110 0.070995
-0.034977 0.100102 0.101927 -0.076229 0.092932 -0.026852
-0.064244 0.058444 0.049295 -0.002465 0.025491 0.008192
0.042358 -0.003550 -0.035030 -0.016465 0.016783 -0.018060
-0.020884 0.026081 0.033692 -0.008594 -0.182648 -0.059192
0.081183 -0.056198 0.012272 -0.003952 -0.001497 0.007522
0.046155 0.081028 -0.080569 0.058699 0.040715 0.111182
-0.067603 0.077788 -0.032760 -0.139310 0.057763 0.145103
0.014079 0.080754 0.126865 -0.039632 -0.030039 0.055679
-0.047784 -0.100496 0.034606 -0.117600 0.120278 0.087891
-0.058846 0.124757 0.089934 -0.142035 -0.070008 -0.162420
-0.081211 -0.017426 -0.048770 -0.063169 0.025033 -0.007597
0.025429 -0.028409 -0.009399 0.159883 0.141818 0.191454
0.138999 -0.001728 -0.102170 -0.021776 -0.170678 -0.071147
0.002378 0.012871 -0.005358 0.181425 -0.199661 0.188592
-0.128069 -0.142548 0.103499 0.000346 -0.000243 -0.000082
-0.016705 -0.066009 0.011471 -0.099817 0.148815 -0.017506
0.057264 0.129675 0.129766 0.017855 -0.034298 0.125663
-0.035922 0.004969 0.000795 -0.005041 0.118134 0.049965
0.077386 0.009202 0.076245 0.004603 0.098659 0.006745
-0.080290 -0.039728 0.020526 0.000887 -0.006674 -0.011064
-0.031118 0.030769 0.008192 -0.030767 -0.063880 0.050421
0.017780 -0.032279 0.030742 0.066156 -0.042723 0.068348
-0.072703 -0.030859 -0.064469 -0.092435 -0.104171 0.088763
-0.137269 0.100166 -0.067336 0.015672 0.006604 -0.035624
0.054208 -0.115522 -0.104798 0.180702 0.051077 -0.027628
-0.014771 -0.018154 -0.000116 0.103350 0.003149 -0.108574
0.056989 -0.106461 -0.083639 0.020033 0.022724 -0.032551
0.093804 0.095855 -0.039609 0.030094 0.004185 -0.024262
-0.056048 0.027724 0.034559 -0.014964 0.060207 0.018725
-0.002678 -0.043719 -0.049373 -0.015786 0.016105 0.007448
0.001142 0.000897 -0.002413 -0.046919 0.042543 -0.038868
0.025986 0.049834 0.043596 -0.030710 -0.044371 -0.046875
-0.117728 0.103364 -0.085922 0.015724 0.018700 0.039226
0.092166 -0.086163 -0.003402 0.012229 -0.068719 0.014227
