-0.018241 -0.006835 -0.001031 -0.082743 -0.058191 -0.068846
0.039683 0.030844 0.030614 -0.028905 -0.050834 0.050036
0.012712 0.035366 -0.041921 -0.044720 0.040662 0.054628
-0.010671 -0.005225 0.010835 0.100379 0.090564 0.110998
0.006527 0.094061 0.065441 -0.051982 -0.064136 -0.065496
0.066428 0.007900 -0.079544 0.015140 0.028647 0.016640
0.012197 -0.021723 0.000192 -0.151235 -0.042940 -0.011196
0.000707 -0.000043 -0.000330 0.162736 0.063747 -0.049090
0.122269 -0.045760 0.073158 -0.100407 -0.137364 0.001069
0.013953 0.005531 0.008626 0.113432 -0.028045 0.060303
-0.137973 -0.043163 -0.018724 -0.007153 -0.055173 0.041500
0.067492 0.015602 -0.048616 0.020821 0.034096 -0.028911
-0.028451 -0.004784 0.042993 -0.026317 0.080007 0.000950
-0.050744 0.057659 -0.049694 0.071960 0.043958 0.033610
-0.127701 0.102095 0.025577 -0.134194 0.181216 -0.063277
-0.000654 -0.116449 0.140565 -0.067971 -0.044969 0.018957
0.041222 -0.016143 -0.036015 0.097862 0.075288 -0.018705
0.014036 0.064678 -0.076843 0.063516 -0.054618 -0.027490
-0.040004 0.001866 0.111122 0.002977 0.103182 -0.076519
-0.016540 0.109443 0.149160 -0.034108 0.001099 -0.047466
0.009563 -0.014291 -0.010036 -0.013824 -0.025862 0.018392
-0.000810 -0.020509 0.063781 -0.096068 0.008940 0.029001
0.062934 -0.006526 0.111749 0.074950 0.021497 0.009863
0.013076 -0.006061 0.007802 -0.065204 -0.187601 -0.087179
-0.014839 0.075283 0.008524 0.002204 0.002030 -0.010189
0.021653 -0.081810 0.051189 0.003104 0.003255 0.023439
0.002491 0.000440 0.003690 0.073299 0.006473 -0.019673
0.012075 -0.007610 0.018297 0.002691 0.002249 -0.003107
0.032487 0.036670 0.121087 0.034805 -0.005012 0.040226
-0.011796 -0.009994 0.048558 0.081162 -0.097397 0.098426
-0.006574 0.003687 0.016904 -0.228961 0.172577 -0.153190
0.095029 0.155783 0.076956 -0.006094 0.063514 0.079607
0.100669 0.079625 0.128747 0.037336 -0.029476 -0.096953
-0.068162 -0.107496 0.026396 0.198377 0.152349 -0.147615
0.014308 -0.025878 -0.011423 -0.032613 -0.082207 0.048076
0.030491 -0.014975 -0.020496 -0.219154 -0.206874 -0.104938
0.056738 -0.018781 -0.027913 0.063816 -0.102793 0.044475
-0.002419 0.000037 -0.001099 -0.087024 0.006209 0.010776
-0.039354 -0.025942 -0.040237 -0.030334 -0.000863 0.038040
-0.010686 0.066055 -0.013336 -0.029445 -0.015023 -0.005171
