-0.021820 0.061552 0.057487 0.175587 0.020248 0.002059
-0.029581 -0.071149 -0.002923 -0.102469 0.026409 0.026285
0.084792 -0.023408 0.039927 0.046357 -0.140946 -0.077058
-0.084091 -0.076914 -0.099286 -0.143041 -0.132592 -0.114115
-0.122140 -0.057719 -0.060558 -0.106821 0.125434 -0.106656
0.016915 0.036100 0.005382 -0.010568 0.001648 -0.016935
0.027574 -0.043715 -0.029632 -0.070813 0.112765 -0.056311
-0.011558 0.011585 0.001320 -0.016820 0.128784 -0.051622
-0.015314 -0.051065 0.010474 -0.003749 0.051078 -0.018286
-0.010344 0.007085 -0.009888 -0.139972 0.135085 -0.150880
0.017061 0.049456 -0.064396 -0.036184 -0.020254 0.004202
0.025350 0.033136 0.024119 0.104674 -0.103089 -0.061388
0.052114 -0.026853 -0.010068 0.218008 0.191614 0.083438
0.151570 0.080022 -0.114659 -0.145189 0.082066 -0.022955
0.163771 -0.028104 -0.054088 -0.006262 0.005524 -0.005761
0.013599 0.094894 -0.049698 0.031829 -0.125240 0.200945
0.011563 -0.015485 -0.039442 0.006103 -0.036123 0.085486
0.066251 0.008644 -0.117854 0.083363 -0.000152 0.062659
-0.002249 0.057557 -0.043198 -0.074095 -0.122182 -0.123174
0.092973 -0.086215 0.035440 -0.168501 0.164811 0.044603
0.050476 0.028543 0.032152 -0.144305 -0.166277 0.126522
0.002597 -0.003720 0.012656 0.008031 -0.127309 -0.018426
-0.034757 0.131743 0.149975 -0.017884 0.009015 -0.023869
-0.019576 0.018385 0.005626 -0.016153 -0.020142 -0.014667
-0.041722 -0.034003 -0.008438 0.003797 0.103554 0.047864
0.013672 0.008931 -0.003890 0.075047 -0.036766 -0.039867
-0.021233 -0.023018 -0.017970 -0.135983 -0.195016 -0.139483
-0.003950 -0.151182 -0.155431 -0.066271 0.172815 -0.178382
-0.049744 0.021830 0.028120 0.003373 0.002206 0.002333
0.033791 0.095281 0.027738 0.096131 0.105285 0.170204
-0.042087 0.043024 -0.050571 0.068826 -0.038727 0.071951
0.138258 -0.059663 -0.097083 -0.000187 -0.002147 0.001868
-0.020241 -0.058855 -0.010599 0.130123 0.100591 -0.059942
-0.015100 0.010587 -0.011957 -0.002357 0.009504 0.014001
-0.032896 -0.044234 -0.034136 -0.163001 0.022909 -0.017991
-0.096100 -0.102987 0.100223 0.181885 0.049500 -0.092868
0.062196 0.048161 0.068395 -0.046199 0.133163 -0.053589
0.008257 -0.008974 -0.003374 0.036672 0.177105 -0.180529
-0.009927 0.010894 0.006216 -0.004622 -0.050073 -0.017176
-0.041606 0.007698 -0.038133 0.044025 -0.000336 0.059982
