0.018947 -0.011958 -0.016608 -0.006745 0.011142 0.019528
-0.088846 0.032465 -0.014234 0.028852 -0.051187 0.024814
-0.076223 0.106380 -0.069258 -0.114654 -0.192415 -0.115947
0.000532 0.004067 0.003905 0.094730 0.138041 0.053229
0.082383 -0.012194 0.050735 0.069802 -0.117566 -0.053588
-0.001585 0.002638 -0.011728 -0.106850 -0.161276 -0.118411
0.076800 0.028238 0.024873 -0.108853 -0.122986 0.025123
-0.010346 0.054636 -0.130400 -0.014563 0.000370 -0.005423
0.095309 0.091498 0.062489 0.011432 -0.141395 -0.115179
-0.006291 -0.160948 -0.046727 -0.195940 0.144352 0.023202
-0.056502 -0.033696 0.055311 -0.097621 -0.040894 -0.000743
-0.006063 0.052356 -0.026492 -0.076520 0.088351 0.077775
-0.051640 -0.088864 0.042230 0.064958 -0.047647 0.140226
0.041994 0.057294 0.098131 0.023410 0.006685 0.011525
0.029021 -0.044266 0.001385 -0.208188 0.069829 0.091820
0.026016 0.020813 0.011542 0.143211 0.112947 0.199591
-0.028500 -0.051213 0.058504 -0.123805 0.024455 -0.163075
-0.040435 0.042204 -0.033371 0.138785 -0.002357 -0.133947
-0.041921 0.044205 0.114846 0.105250 0.013761 -0.043263
-0.011549 0.021062 0.019575 0.140605 -0.083701 -0.076973
-0.025731 0.032051 0.053519 -0.003414 0.001393 -0.008139
0.020004 -0.008458 0.017235 0.015532 -0.073638 -0.040051
-0.004981 0.030426 -0.062542 -0.031103 -0.040992 0.012018
0.072974 0.091510 0.025291 0.047911 -0.027792 -0.028891
0.000749 0.006370 -0.019278 0.002000 -0.050649 -0.059279
-0.143688 0.124156 -0.149685 -0.050747 -0.066118 0.004091
-0.009939 -0.027178 -0.041423 0.031266 0.029247 -0.024848
-0.058965 -0.001121 -0.111496 0.017280 0.031144 -0.006331
-0.069591 -0.073217 -0.003280 -0.054157 -0.155894 -0.015375
-0.010193 0.028126 -0.036638 -0.093642 0.061750 -0.227813
-0.147479 -0.051466 0.168835 -0.006423 0.014986 -0.017294
0.070639 -0.010028 -0.021139 -0.006853 0.040807 0.017048
0.014212 0.004319 0.009663 -0.062010 -0.036995 0.038409
-0.073191 -0.008237 0.032580 0.032610 -0.064094 -0.055694
0.003040 -0.003209 -0.001035 -0.001350 -0.000398 0.000198
0.079074 0.103661 0.085307 0.059769 -0.117057 -0.123634
-0.010721 0.010079 -0.015130 0.118977 -0.162670 -0.037305
0.013961 0.009338 -0.014833 -0.194398 -0.166491 0.081593
0.065965 0.133314 0.036316 -0.005973 0.052710 0.057886
-0.048040 0.038958 0.003243 -0.035321 -0.022782 0.008398
