-0.089487 0.009092 -0.082980 0.026125 0.048409 0.120962
-0.015006 -0.000451 -0.002249 -0.026288 -0.029398 -0.009293
-0.008824 0.018255 0.002267 -0.107287 -0.165036 0.212605
0.034418 0.067947 0.009377 0.172351 0.158931 -0.120467
-0.146524 -0.061519 0.103870 -0.023661 -0.103618 -0.057517
0.065137 0.039282 0.100231 0.153603 0.017544 0.066358
-0.012992 -0.007447 -0.003723 -0.019190 0.007846 0.013162
-0.037119 0.130272 -0.150918 -0.093108 0.142875 0.086738
0.023394 0.121189 -0.068633 -0.109458 -0.120350 -0.003238
0.014631 -0.015861 0.003114 -0.109669 -0.079128 0.046020
-0.064122 0.035637 0.024640 -0.027343 -0.001548 -0.035263
0.037678 -0.038877 -0.053084 0.144386 0.192441 0.156673
-0.028692 0.004915 0.028283 -0.135919 -0.044054 0.072611
-0.070658 -0.036122 0.024640 0.033013 -0.013824 0.029165
0.057389 0.040750 0.072697 -0.007064 0.023841 0.121363
0.007062 -0.013743 -0.046561 0.102423 -0.101813 -0.089643
-0.144638 -0.110815 0.072695 0.029522 0.049053 -0.016971
0.148169 0.156939 0.123476 0.195252 -0.043989 -0.090821
0.008888 0.118587 0.065473 -0.036973 -0.211022 0.076496
-0.006202 -0.001719 -0.008501 -0.110396 0.110680 -0.090221
0.079083 0.020024 0.084597 0.045540 -0.057465 -0.008021
-0.019193 0.125859 0.074189 -0.033043 0.030479 0.031837
-0.019725 -0.005345 0.115176 -0.058756 -0.048106 0.007523
-0.008520 0.050376 0.014213 -0.005509 0.000884 0.057389
-0.056834 -0.067246 -0.070567 -0.045678 0.169690 0.020742
0.097783 0.115202 -0.071648 -0.021025 0.014391 -0.040277
-0.074617 0.046332 -0.018589 -0.091539 0.058812 -0.081492
-0.135082 0.030887 -0.014639 -0.125089 0.061828 0.035855
0.099019 0.029177 -0.084736 0.035144 0.037501 -0.120540
-0.013434 -0.053344 0.034735 -0.035674 -0.041322 0.082267
0.014864 0.029994 -0.037606 -0.003978 -0.006578 -0.003472
-0.022813 -0.024941 -0.033984 0.001751 0.007047 0.013157
-0.015813 -0.013674 0.011809 0.157887 0.019766 0.196477
-0.010592 -0.006477 0.010582 0.055580 0.055949 -0.089514
0.028966 0.049477 -0.077703 0.013575 -0.026603 -0.112960
0.105212 -0.009459 -0.056228 -0.025485 0.037979 0.016322
0.040176 -0.051753 -0.037105 0.093072 0.071370 -0.004625
0.045114 0.031031 -0.031702 0.068430 0.016919 -0.010505
-0.011801 -0.026968 0.060046 -0.054784 0.089172 0.062374
