0.024454 0.000676 0.006633 -0.112480 -0.010934 -0.120433
-0.028900 0.153141 0.007105 0.047067 -0.139995 0.052606
0.058412 -0.080490 -0.049134 -0.036462 0.049152 0.042074
0.003864 0.027440 0.016361 -0.066659 0.069938 0.055663
0.015901 -0.082486 0.001570 -0.155764 0.192521 0.169930
-0.029902 -0.038679 0.006194 0.077607 -0.013415 0.042056
-0.095447 0.136923 -0.081996 -0.129436 -0.089121 0.096936
0.029426 0.053595 -0.070969 0.086810 0.075653 -0.180150
0.054063 -0.014145 0.054738 0.025152 -0.012734 0.026602
0.135667 -0.059744 -0.060717 0.105127 0.057788 0.118031
0.092305 0.012918 -0.011586 0.010831 0.010844 -0.006856
0.024876 -0.015842 -0.001619 0.027048 0.007841 0.016839
0.109736 0.062436 -0.103336 -0.043498 0.113343 0.125244
0.036617 -0.107411 -0.076507 -0.127387 0.119058 -0.096951
0.021473 -0.008900 -0.017009 -0.077568 -0.095625 0.034332
0.010863 0.037449 -0.095262 -0.176224 -0.101062 -0.125429
-0.075545 -0.108492 0.028945 0.013150 -0.055967 -0.029453
-0.045223 0.005341 -0.015676 0.000566 0.007266 -0.032640
-0.016253 -0.007932 -0.019107 0.037916 -0.068177 -0.089617
-0.038529 -0.002269 -0.062227 -0.015652 -0.070043 0.077966
-0.001497 0.001278 0.000161 -0.078234 -0.009634 0.047464
-0.060622 -0.004558 0.101650 -0.198691 0.197521 -0.101755
-0.125532 -0.079776 -0.108811 -0.018357 -0.043484 -0.028900
-0.004518 -0.002139 -0.048428 -0.021676 -0.053643 0.020275
0.116722 -0.129139 0.157007 0.015877 0.137589 0.083405
-0.037828 -0.007531 0.010275 0.191175 0.061244 0.115496
-0.045430 0.093997 -0.070468 0.145698 0.134732 -0.109080
-0.001466 -0.019422 0.007343 -0.043738 -0.185353 0.007561
0.071257 0.077525 0.009922 -0.052879 0.130515 0.016916
-0.061350 0.119092 0.009145 0.012709 -0.161885 -0.186423
0.084474 -0.064852 -0.057944 0.031461 -0.102340 -0.088666
-0.070014 0.077604 0.013991 0.153322 -0.109535 -0.093463
-0.031070 0.003716 -0.018555 0.082765 0.043980 -0.060640
0.007407 0.049212 -0.073574 0.006583 0.011015 -0.018987
0.025310 -0.091577 0.027949 0.012354 0.014804 -0.003312
-0.097781 0.016138 0.100615 0.154175 -0.123121 0.086510
0.043416 0.017194 0.034683 -0.117369 -0.176935 0.147886
0.102835 0.029972 0.035276 -0.037054 0.006274 0.039273
0.011378 0.077466 0.075166 -0.200844 -0.187805 0.071350
