-0.012373 0.017792 -0.002796 0.061363 -0.002338 -0.095008
-0.006224 0.009861 -0.002811 0.068497 0.040330 -0.019652
-0.013290 -0.122450 -0.021782 -0.148651 0.040436 0.006150
0.034817 -0.076563 0.029260 -0.096429 0.094524 0.017485
0.128915 -0.058298 0.099026 -0.061201 0.073885 0.001747
0.073380 -0.119022 -0.024478 0.003660 0.011405 -0.012557
-0.127380 -0.124805 0.116529 -0.000784 0.014353 -0.000136
-0.011038 -0.004995 0.001272 -0.051478 0.036794 -0.226026
-0.049772 -0.036014 0.020944 0.165557 -0.227753 -0.138956
-0.090028 -0.003557 -0.116664 0.064033 -0.099721 0.077847
-0.054415 0.011296 0.088035 -0.026081 0.046706 0.077630
0.017276 0.114528 0.089595 -0.037135 -0.104340 0.005485
0.113848 -0.030915 0.047873 0.060262 -0.021991 -0.021522
-0.032369 -0.019037 -0.001718 0.189207 0.022223 -0.206516
-0.012085 0.044485 0.011934 -0.036594 0.112840 -0.129535
-0.035480 0.021601 0.050444 0.047745 0.008865 -0.002342
0.046001 0.078864 -0.056098 -0.056501 0.045519 -0.001642
0.151866 -0.113993 0.139033 0.115996 -0.033123 -0.052822
-0.004199 0.000864 0.003276 0.017459 0.001647 -0.014635
0.006747 0.020246 -0.046893 0.007268 -0.065062 -0.066764
-0.078711 0.159948 0.003213 -0.052136 0.047084 -0.108864
0.001607 -0.002461 -0.007392 -0.014235 0.077352 -0.001905
-0.071327 0.072920 0.042101 -0.040635 -0.026202 0.017731
0.000093 -0.018258 0.024446 0.073735 -0.072566 0.077039
0.067876 -0.096191 0.023297 0.040126 0.003906 0.043942
0.001158 0.155716 0.134946 0.051930 -0.052520 0.081796
-0.010037 0.003552 -0.009183 0.234749 -0.190318 -0.214700
0.130264 0.098732 -0.098675 0.075225 0.034263 0.013216
0.133451 0.084240 0.142035 0.012688 -0.002241 0.008343
-0.110434 0.103417 0.042290 0.075700 0.143220 -0.041883
-0.067313 -0.012555 -0.065407 0.067132 -0.047155 -0.103198
0.017782 -0.016881 0.029202 0.080178 -0.035153 0.000823
-0.015065 0.065468 0.119300 -0.158291 0.098829 -0.014095
-0.022284 0.044078 0.037281 -0.040343 -0.032417 0.011065
-0.055511 0.039744 -0.003753 -0.037273 -0.182171 -0.105384
-0.016312 0.017167 -0.019483 0.022847 -0.004819 0.046743
0.004428 -0.002601 0.020042 0.033969 -0.068936 0.041768
-0.027108 0.026695 -0.013615 0.002244 0.001983 0.032064
-0.018613 0.093866 0.061224 -0.069521 0.053961 0.061109
0.076268 0.013139 -0.046657 -0.004836 0.020758 -0.034524
