0.001137 -0.012823 -0.007562 -0.015778 -0.006174 -0.017702
-0.012861 -0.010347 -0.020214 0.040573 -0.037533 -0.028697
0.008239 -0.029672 -0.036330 0.015445 0.022960 0.014478
-0.003873 -0.099590 -0.140113 -0.016643 0.021631 0.009052
0.060593 0.065303 -0.022466 -0.107259 -0.020028 -0.108986
-0.054435 0.050534 0.051821 -0.058428 0.039254 -0.173391
0.064727 0.039856 0.057022 -0.002452 0.016796 0.000838
-0.092866 -0.130950 -0.101029 0.011678 -0.001513 -0.001071
0.001979 -0.001784 -0.000541 -0.156598 -0.053025 0.031374
0.124555 0.122850 0.039339 0.120263 0.137202 -0.022406
0.096673 0.015078 0.064724 0.146340 0.020003 0.113876
-0.018419 0.060693 -0.052568 0.038140 -0.042648 0.064303
0.002070 -0.002114 -0.001949 0.042963 -0.100466 -0.173263
0.055476 0.003478 0.021740 0.001973 -0.022244 0.056810
-0.052588 -0.029475 0.063845 0.080927 -0.124771 0.052591
0.124218 0.048188 0.026195 -0.091123 0.153624 0.076877
-0.097195 0.119099 0.004949 0.017609 0.015414 -0.001681
0.009324 -0.024848 0.057794 -0.048382 0.016959 -0.177510
0.124730 -0.122090 0.023288 -0.116877 0.041229 0.185427
0.000036 -0.003257 -0.002719 0.000191 -0.017734 0.035130
-0.038832 0.043958 -0.028468 0.040557 -0.094014 0.066130
-0.048284 -0.023651 -0.084280 0.022733 -0.063795 0.012847
-0.013378 -0.009900 0.019759 -0.022113 0.031027 -0.020866
-0.098154 0.070404 -0.017242 -0.029825 -0.073502 0.011438
0.108846 -0.073097 0.002340 0.184817 -0.096097 0.065736
-0.016374 0.038243 -0.037785 -0.049089 -0.101346 0.006074
0.005782 0.019971 0.018759 0.104480 -0.127561 -0.056892
-0.004272 0.020245 0.079777 0.093364 -0.064752 0.030098
0.140652 -0.021496 -0.023121 0.043957 0.010815 0.008200
0.029010 -0.037532 -0.013716 -0.132246 -0.032328 -0.035001
-0.003621 -0.044629 -0.028672 -0.006223 -0.012686 -0.026707
-0.120699 -0.048535 -0.123960 -0.100881 0.105041 0.055522
0.072645 -0.048330 -0.036655 0.035030 0.054238 -0.000588
0.068767 -0.128318 -0.037343 0.045074 0.022559 -0.025600
-0.087631 -0.077867 0.082289 -0.008777 -0.175993 -0.115338
0.058198 -0.080356 -0.047374 0.154292 0.174116 -0.137271
-0.065641 -0.018091 0.006727 -0.072145 0.094887 -0.142401
0.000020 -0.000350 -0.000030 -0.012678 -0.104709 -0.054054
0.036935 -0.017507 -0.053615 -0.079850 -0.010087 -0.039569
0.019754 0.040872 0.016682 -0.085557 0.083168 -0.073027
