-0.081062 0.079505 -0.087337 0.029753 -0.002785 -0.021211
-0.051482 0.148686 0.040703 0.159941 -0.061961 0.162176
-0.041482 -0.044244 0.021612 0.081448 -0.123085 -0.040696
0.034215 0.041389 0.004042 0.000568 -0.007639 0.001779
-0.007045 0.006959 -0.011687 -0.084594 -0.106165 0.151818
-0.001990 -0.057126 -0.013012 0.072747 0.173928 -0.037591
-0.000082 0.011356 0.003176 -0.050856 -0.113462 0.019820
-0.094706 0.064411 0.003687 0.054828 -0.006536 -0.022473
-0.059828 -0.079561 0.019437 0.010508 0.000401 0.001914
-0.028843 -0.019215 -0.025719 0.172753 0.175844 0.176722
-0.062967 -0.054710 -0.012568 -0.024338 0.003816 0.023255
-0.003693 0.101433 -0.123299 0.166016 -0.150052 0.143975
0.041963 0.045281 -0.047416 -0.102001 -0.122098 -0.131309
0.067027 0.084993 -0.079209 -0.057371 -0.019500 -0.003825
0.050727 0.041622 0.051206 -0.009709 0.015144 -0.014210
-0.025975 -0.039296 -0.000479 0.196315 -0.198289 0.065690
-0.020514 0.029753 -0.049880 -0.003166 -0.003017 0.001169
0.101753 -0.038324 0.068792 -0.017652 -0.055728 -0.001777
-0.019106 -0.009014 0.008777 -0.023268 -0.019280 0.019002
-0.013760 0.007185 0.014116 0.010159 -0.051331 0.142240
-0.079892 0.040908 -0.097271 0.018884 0.169347 0.105920
-0.001436 -0.016619 -0.031572 0.003796 -0.016530 -0.019841
0.018638 0.026600 0.005801 0.046048 0.011674 0.045905
0.030227 -0.049627 0.059289 0.129615 -0.019907 -0.211675
-0.102869 -0.035514 -0.046537 0.076764 -0.041447 0.033891
-0.026724 0.051000 0.047946 -0.078631 0.166104 0.204785
0.017914 -0.013430 -0.021471 -0.021079 -0.008881 -0.026134
-0.035346 -0.049818 0.014222 0.111112 -0.172702 -0.192942
0.016830 0.031282 0.023373 -0.059901 -0.063004 0.061115
-0.087170 0.091144 -0.098446 -0.025062 0.034023 -0.015083
0.012400 0.013311 -0.019939 -0.024433 -0.023462 -0.067525
-0.026253 -0.036744 0.048853 0.037599 -0.054972 0.038428
-0.041327 0.012785 0.023397 -0.169353 0.029622 0.160343
0.057719 0.001454 0.065049 -0.027903 0.018097 -0.092421
-0.037083 -0.020938 -0.032929 -0.016952 0.033030 0.016889
-0.004166 -0.089461 0.096549 0.054849 0.060493 -0.031928
-0.037779 0.006756 0.067184 -0.001822 0.004476 -0.001630
-0.050051 0.020949 -0.043260 -0.001810 -0.019800 0.018987
0.019117 -0.010337 -0.033850 -0.049141 -0.058366 -0.093669
0.020735 0.009188 0.043776 0.050056 -0.181989 0.205650
