-0.029073 -0.027448 0.069012 -0.170582 0.055977 0.112125
0.023003 0.075264 0.008076 -0.145390 0.013417 -0.139093
0.107166 -0.084891 0.027650 0.027462 0.087183 -0.064339
0.012721 -0.000615 0.047425 -0.066272 0.102839 -0.101425
0.031354 0.008458 0.106568 -0.032234 -0.103861 0.091412
-0.006838 -0.005597 -0.071414 0.046794 -0.054212 0.099086
-0.000619 -0.044075 0.054671 0.119992 0.048728 -0.092587
0.003647 -0.003911 -0.002428 -0.045750 0.169337 0.152564
0.094417 -0.041858 0.087216 -0.061200 0.125630 -0.132215
0.115401 -0.029395 -0.094880 0.025686 0.101530 0.014216
0.049715 0.045197 0.086404 -0.136620 0.059908 0.091527
0.011355 0.042749 -0.067410 0.095123 -0.083772 -0.021207
0.021108 0.036048 0.095995 -0.009548 -0.029539 -0.037396
-0.083646 -0.018674 -0.093141 -0.084518 0.069950 0.112104
-0.099166 0.061339 0.022469 -0.007414 0.031471 0.001109
0.028657 -0.001642 -0.001772 0.034731 0.035061 -0.049147
-0.003930 0.055281 -0.070814 -0.004985 -0.011291 0.037290
0.005677 0.014441 0.015274 -0.001494 -0.001281 -0.002708
-0.010526 0.016986 -0.014619 -0.001570 0.001100 0.002850
0.037551 0.058908 0.002311 -0.109131 -0.037688 0.065896
0.029723 -0.091910 -0.038377 -0.118296 0.142707 0.011880
-0.014316 -0.033925 -0.007716 -0.040488 0.007225 -0.024787
0.010071 -0.001377 0.014255 0.031258 -0.147926 0.156443
-0.114291 0.050636 0.109788 -0.073844 0.137440 -0.118594
0.115830 -0.046229 -0.107602 -0.028644 0.012979 0.020268
-0.010883 0.021950 0.002594 -0.001262 -0.150843 -0.049851
0.138913 -0.106122 -0.091007 -0.103518 0.039126 0.026682
0.011231 0.007556 -0.014318 0.007722 0.011205 -0.005210
0.142599 -0.059114 -0.127391 0.091745 0.092373 0.009778
0.037136 -0.074862 -0.063590 -0.007199 -0.005476 0.003710
-0.032274 0.015714 0.027066 0.175594 0.122473 0.025460
0.114571 -0.096395 -0.039812 -0.113203 -0.169283 -0.090104
0.035721 -0.019658 -0.013833 0.002425 0.025164 0.131979
-0.009115 -0.041975 -0.035037 -0.157418 0.111929 0.191035
0.139711 0.028948 0.029301 -0.200249 -0.118790 -0.056211
0.025681 0.039396 0.043513 0.051655 0.222702 0.048939
0.037259 0.020996 0.039217 0.120825 0.143092 0.137214
0.065840 -0.016850 0.009077 -0.031815 -0.022625 -0.001258
-0.037987 -0.054569 0.068784 0.005306 0.016435 0.202879
-0.105924 -0.088926 -0.137400 0.144144 -0.032727 -0.082501
