-0.126441 -0.142139 -0.042179 -0.048933 0.030932 -0.184191
0.095123 0.060092 0.076440 0.017506 -0.032902 -0.044458
-0.008491 0.032196 -0.016619 -0.077746 -0.185380 -0.157661
-0.000470 -0.006171 0.000339 0.097742 0.107601 -0.091581
0.023909 -0.100090 0.087668 0.015845 -0.033770 0.061171
0.014063 0.071284 -0.032177 0.040694 0.025839 -0.051186
0.006456 -0.044431 0.117052 -0.001825 -0.000640 -0.003076
-0.015034 0.015478 -0.018885 -0.097470 0.044303 -0.137090
0.062395 -0.077309 -0.041278 0.034165 -0.002602 -0.011931
-0.010657 -0.004009 -0.000293 -0.069446 -0.125822 -0.221456
0.014058 0.039012 0.025627 -0.113802 0.129808 -0.015756
-0.017252 0.033620 -0.005269 0.159806 0.009216 -0.016550
-0.038528 0.025826 -0.012040 0.072600 -0.109580 -0.074573
0.076305 0.008919 0.052919 0.103324 -0.045037 0.147370
0.043358 -0.110047 0.035441 -0.008110 0.076185 0.004027
-0.095260 -0.044080 -0.053028 0.020689 -0.144403 -0.067929
-0.123007 0.060080 0.109853 0.004692 0.030075 0.015235
-0.106557 0.058858 -0.085375 -0.049350 -0.009911 0.173920
-0.086755 0.030571 -0.001965 0.107927 0.059375 -0.110723
-0.104429 0.152521 0.013900 -0.076556 0.113433 0.172972
-0.016955 0.012401 0.001913 -0.062837 0.057025 -0.031156
-0.001065 -0.004739 -0.000483 0.116590 -0.027590 -0.146815
0.023213 -0.019596 0.018475 -0.234929 -0.005918 0.072552
-0.150000 -0.057752 -0.048018 -0.085612 0.106028 0.079209
-0.151934 0.061726 -0.135217 0.126834 0.121505 -0.192416
0.029751 0.010525 0.000682 -0.001960 0.005559 0.005131
-0.016413 -0.010477 0.007474 -0.104539 -0.065545 0.083913
0.009364 -0.004666 -0.006627 -0.013595 0.012341 -0.003183
-0.056646 -0.091732 -0.016812 0.010955 0.064377 0.037430
-0.037150 0.037791 0.036995 -0.091844 0.052476 -0.128329
-0.097031 0.134491 0.031615 -0.079015 -0.025222 -0.038786
-0.035890 0.018737 -0.051197 0.052698 -0.038929 0.060032
-0.088870 -0.120617 -0.092936 0.090563 0.057998 0.128060
-0.031068 0.032683 0.027388 -0.050333 -0.061737 0.000922
-0.141490 -0.138553 -0.021960 0.045699 0.047272 0.004032
0.114099 0.049523 0.119330 0.211359 0.070595 0.095419
-0.008122 0.004779 -0.014924 -0.004843 0.003018 -0.003729
0.051648 -0.002445 -0.007527 -0.121211 -0.100598 -0.088086
-0.019009 -0.030759 -0.012961 -0.002337 -0.007479 0.016003
-0.005712 -0.032102 0.025266 0.072122 -0.149528 0.005920
