-0.004237 0.001562 0.004396 -0.068942 -0.023530 0.024473
-0.039824 0.038713 -0.013087 -0.049587 -0.083395 -0.064809
-0.056068 0.076385 0.130427 -0.179898 0.080460 -0.069405
0.005304 -0.011060 -0.010776 0.160118 -0.112623 0.131531
-0.037406 -0.134091 0.029004 -0.071908 -0.165246 0.061137
0.054938 -0.013965 0.024652 -0.027249 -0.039668 -0.029077
0.049270 0.058702 0.024358 -0.072275 -0.017056 0.040480
0.003918 -0.003859 0.002107 0.013569 0.026451 0.031111
0.030729 -0.061229 0.035315 0.014841 -0.004968 -0.075912
-0.000664 -0.000439 -0.000411 0.045439 -0.072656 -0.008608
-0.022423 0.037002 -0.012132 -0.003196 0.115444 -0.107100
0.055569 -0.081389 -0.070907 -0.044057 0.063255 0.042084
-0.065097 0.041902 -0.049908 0.025215 0.086599 0.111779
-0.157080 -0.105324 -0.158252 0.021327 0.027885 0.000299
-0.084782 0.073468 0.063641 0.091850 -0.028278 0.073034
-0.048935 0.030927 0.025701 0.070676 -0.031337 -0.025960
-0.001656 0.086197 0.095895 -0.179437 0.053920 -0.038776
0.126305 -0.132579 0.046401 0.038315 0.052610 0.054772
-0.086361 -0.054255 0.073581 -0.046550 0.141888 -0.062574
-0.008592 -0.070047 -0.022184 -0.013885 -0.066382 0.118108
0.104362 -0.109683 0.111824 -0.008453 -0.043959 -0.087174
-0.008979 0.012098 0.001504 0.007536 -0.000152 0.007233
0.023850 0.042828 -0.030016 -0.147097 -0.168672 -0.052153
0.051123 0.011213 -0.017138 0.080098 -0.074916 0.035050
-0.119624 0.011503 0.071468 -0.018531 0.018524 -0.041252
0.006031 0.002160 0.004080 0.019575 0.005162 -0.028974
-0.028647 -0.029613 0.001545 0.102408 -0.038513 -0.023118
-0.045677 -0.007967 -0.033932 -0.125239 0.051436 0.061477
0.026902 -0.049613 -0.033099 -0.042255 0.054881 0.015034
0.005983 -0.004130 -0.006322 -0.026205 0.046146 -0.014239
0.014962 0.020898 0.004662 0.026066 0.070121 -0.111191
-0.034515 -0.046894 -0.069482 0.055748 0.066298 0.005552
0.023088 0.000281 -0.014056 -0.097985 0.029892 0.061084
-0.059449 0.092770 -0.066523 -0.184743 0.205974 0.025658
-0.047665 0.099294 0.004633 -0.003481 -0.007641 -0.012010
0.008409 0.079626 0.005490 -0.039970 0.036222 -0.025047
-0.003522 0.034523 0.029448 -0.100754 -0.019349 0.117897
-0.101060 0.026901 -0.054613 -0.059707 -0.015055 -0.007581
0.095128 0.030704 0.031702 0.022890 -0.083159 -0.002469
0.037707 -0.008167 0.022792 0.204067 -0.165072 0.241579
-0.130508 0.055701 0.111038 0.020441 -0.029722 -0.002048
