-0.010880 -0.068776 -0.007155 -0.111806 -0.011179 -0.173092
0.115557 -0.003955 -0.107729 -0.035077 -0.006303 -0.011045
0.155114 -0.021065 0.091755 0.000860 -0.129711 -0.108819
-0.024180 -0.074306 0.037001 0.032707 0.003339 0.060171
0.023583 0.046302 -0.005521 -0.134053 -0.108111 -0.116550
0.136894 -0.146023 -0.125904 -0.057104 0.040150 -0.012312
-0.002604 -0.000865 0.000782 0.140224 0.081115 -0.068922
-0.019029 -0.013342 -0.025698 -0.038418 0.064392 -0.103228
-0.016234 -0.037057 0.002915 0.137367 0.024760 0.042594
0.041746 -0.049648 0.008325 0.112360 -0.115528 -0.047121
0.126236 0.096385 -0.143845 -0.043622 -0.065175 0.067958
-0.078047 0.041782 -0.004180 0.056937 0.064883 0.089700
0.119804 0.104750 -0.103588 -0.107921 -0.000769 0.049440
-0.004600 0.000895 0.001677 -0.073267 0.133604 0.232323
-0.016155 0.046554 0.067996 -0.244364 -0.043078 0.137411
-0.011114 0.032748 -0.090690 -0.039418 -0.011841 0.034902
-0.009375 -0.062566 0.065095 0.050564 -0.122545 -0.059693
0.048057 0.081116 -0.060648 -0.000587 0.217313 -0.157338
0.022912 0.019677 -0.023774 -0.015839 -0.037124 0.187544
-0.028791 0.088199 0.039082 0.088285 -0.017180 -0.047356
-0.002520 -0.001128 -0.043149 0.039359 -0.003870 -0.011000
-0.013082 0.009416 0.037767 0.069724 0.024596 0.010007
-0.037252 0.036956 0.015622 0.005518 -0.003280 0.005015
0.146994 0.062573 -0.158931 0.102494 -0.104830 0.192580
-0.017092 -0.004895 -0.030674 0.075883 -0.153590 0.179166
-0.029194 0.003686 -0.001891 -0.142197 0.022243 0.079829
-0.039201 -0.061432 -0.067147 0.002274 -0.003396 0.003250
0.058281 0.055567 0.031476 0.146409 0.097353 0.058503
0.027695 0.003278 0.035882 -0.038132 0.046261 0.003033
-0.023092 0.001070 -0.058200 -0.009422 -0.022581 0.004264
-0.067959 -0.036938 0.020363 -0.006080 -0.019268 -0.017997
0.000370 0.002038 0.001582 -0.081821 -0.041812 -0.119406
-0.011952 0.010195 -0.003369 -0.054697 -0.146460 -0.137406
-0.050060 0.025229 0.016961 0.141785 -0.072954 -0.075441
-0.038230 0.000892 0.056996 0.001242 0.040932 -0.155496
0.026842 -0.028283 -0.024137 0.029521 0.028447 0.027917
0.014029 0.041212 -0.012038 -0.161202 0.195104 0.112626
0.094443 -0.042771 0.075079 0.064595 0.113191 -0.132766
0.016685 -0.073145 0.144547 0.072929 0.136554 0.062211
0.070439 -0.018250 -0.091836 -0.000014 -0.002872 -0.001001
