-0.002001 -0.001819 -0.000006 -0.135602 -0.102598 -0.094640
0.128170 -0.022734 0.135982 0.046870 0.007003 0.018875
0.035201 0.041272 -0.054564 0.027220 -0.130122 0.145661
-0.076960 -0.134094 -0.034957 -0.007959 -0.024245 0.067403
-0.015041 0.014756 0.065064 -0.100897 0.045926 -0.173387
0.061399 -0.095175 -0.085777 0.105786 0.091172 -0.199154
0.125799 0.016584 0.047065 0.027414 0.003123 -0.025133
-0.029026 -0.006768 0.015800 0.195624 0.095305 0.080948
-0.043346 0.043110 0.032917 -0.047199 -0.067918 -0.071427
-0.077585 -0.054557 -0.031278 0.010476 0.008804 -0.017638
0.001954 -0.004605 0.012010 0.160634 0.101527 -0.067677
-0.133811 -0.078519 -0.084323 0.107077 -0.082535 0.051838
0.008775 0.004605 -0.009248 0.196985 -0.207636 -0.115574
0.143651 -0.145300 0.059323 -0.000677 0.000554 -0.004966
-0.016549 -0.006848 -0.028962 -0.156273 -0.024765 -0.033954
-0.038337 -0.043572 0.022405 0.048688 0.026528 0.044567
-0.057221 0.079712 -0.082584 0.015798 0.029567 -0.012840
-0.012208 0.005964 0.041286 0.072357 0.130941 -0.095367
-0.043679 0.093954 0.044710 -0.030437 0.029938 -0.047342
0.089593 0.093055 0.059780 0.144351 0.098725 0.033958
-0.050367 -0.046879 0.065025 -0.107956 0.015338 -0.186439
0.001461 -0.000143 0.001344 -0.069415 0.072699 -0.069294
-0.053090 0.049740 -0.010829 -0.086663 -0.041216 0.002631
-0.040302 -0.028455 -0.044725 0.053155 -0.108187 -0.024560
0.021796 -0.064082 -0.030943 -0.047042 0.190155 0.195346
-0.001339 -0.013043 0.000549 0.086328 -0.001407 0.155107
-0.015617 0.038975 0.088893 -0.171493 0.101074 -0.131009
-0.050184 0.045452 -0.001761 0.046923 -0.054236 0.022298
-0.026301 -0.020869 0.011713 -0.084486 0.060611 0.020594
0.001824 -0.000283 -0.004362 0.064536 -0.056428 0.048353
0.067027 0.019720 -0.129209 -0.120748 -0.108159 0.074526
-0.009841 -0.015108 -0.023761 -0.025825 -0.122943 -0.133280
-0.084125 -0.123035 0.149369 -0.005256 0.007312 0.025718
-0.093900 0.095562 -0.080812 0.083367 0.008168 -0.062968
-0.027612 -0.046623 -0.060916 -0.021484 0.020147 -0.012092
0.026321 0.042908 -0.048631 -0.001040 -0.006035 -0.005035
-0.035014 0.038373 -0.009087 0.046110 -0.059342 0.027216
0.014034 0.030127 -0.021299 -0.000323 0.003074 -0.012338
-0.006495 0.004308 -0.004285 -0.007444 0.078140 0.132311
