0.006947 0.003323 0.009433 0.106580 -0.128484 -0.150416
0.010818 0.000282 -0.004570 -0.015847 0.060063 -0.062139
-0.040937 0.011730 -0.013328 -0.035629 -0.007875 -0.049748
-0.112632 0.004386 0.090047 0.030486 0.049057 0.035318
0.003733 0.070793 -0.042541 -0.007057 -0.033855 -0.035579
0.078063 0.023714 -0.033452 -0.034269 -0.053057 -0.113967
0.039351 0.040135 -0.034993 0.053853 -0.080094 0.065663
-0.000102 0.000288 -0.000492 -0.123644 -0.021010 -0.070100
0.053264 0.030647 -0.095289 0.018203 -0.024501 -0.009894
-0.017621 0.041833 0.099423 0.036778 -0.053768 -0.002809
0.018945 -0.016712 -0.016844 0.058399 0.012964 0.010048
0.033666 0.070236 0.060796 0.034376 -0.065738 -0.045132
0.067776 0.163186 -0.079013 0.050141 0.022232 0.081984
-0.001523 -0.043900 -0.033028 -0.030294 0.218251 0.139952
-0.018497 -0.024811 0.007717 -0.064239 -0.117590 0.046106
0.035436 0.055231 0.090919 -0.020520 -0.009853 0.006919
-0.101618 -0.036821 0.100389 0.015614 0.071311 -0.060342
-0.143756 0.114168 0.050022 0.169776 -0.105876 -0.099687
-0.040339 0.010720 0.001596 0.105800 -0.031586 0.045298
0.020953 -0.031126 0.049108 -0.023877 -0.085852 -0.003632
0.084207 0.075465 -0.010392 0.027814 0.046735 0.049538
-0.145592 0.154947 0.044045 -0.001566 0.025887 0.012199
0.120862 0.049052 0.002238 0.000077 0.000026 -0.000188
0.057993 0.060314 -0.006974 0.032636 -0.003916 0.080023
0.011481 -0.003044 0.051382 -0.012751 -0.042193 0.022573
0.032642 -0.011955 0.066816 -0.082559 0.100850 0.125099
0.038495 0.032634 0.007198 0.011582 -0.014576 -0.002790
0.007582 -0.064738 0.090376 0.097180 -0.179735 -0.063944
-0.116138 -0.139318 0.048771 -0.025062 -0.031186 -0.026604
-0.040136 0.013679 -0.020664 -0.154414 0.175145 0.146731
-0.000347 -0.010646 0.022345 -0.051517 -0.058971 0.067821
-0.113160 0.027968 0.002158 0.033993 0.065067 0.026751
-0.094194 0.076545 0.019578 -0.031593 -0.044428 0.039392
-0.037015 -0.045784 0.020398 -0.175794 -0.147065 0.054946
0.118026 -0.032764 -0.042474 -0.057654 0.048550 0.117597
-0.013783 0.010915 -0.006089 -0.137772 -0.135550 -0.150464
-0.020403 0.016890 0.038821 -0.033944 -0.002278 0.032319
0.027411 0.017082 0.052418 -0.008964 0.114473 -0.106519
0.003593 0.013070 -0.006173 0.021175 -0.155904 -0.013312
-0.066338 0.019449 -0.054978 0.004991 -0.010139 0.020312
