0.032961 0.033467 -0.131383 0.009364 0.043256 0.085153
-0.004021 -0.016178 0.043680 -0.026539 -0.043189 -0.082781
-0.006208 -0.001673 -0.003363 -0.152926 0.010292 -0.074053
-0.097405 0.051680 -0.092770 0.031048 0.028164 0.101037
0.014292 0.003629 -0.016007 -0.025557 -0.000057 0.143005
-0.013685 0.010429 -0.053594 0.028756 0.083696 -0.096299
-0.039213 -0.034393 0.014725 -0.084004 0.089813 0.088209
-0.128512 0.091836 0.095784 -0.063530 0.046556 -0.172814
0.077192 0.071025 -0.047179 0.008444 -0.107305 0.071570
-0.020626 0.034790 -0.006149 -0.104426 -0.026336 0.094738
-0.018925 -0.012313 0.018043 -0.025818 -0.044630 0.068548
-0.082972 0.051320 -0.121828 -0.012261 0.003824 0.012759
0.021568 0.008984 0.022530 0.058921 -0.156931 0.210190
0.003820 0.056855 0.091785 0.021355 -0.029841 -0.025458
-0.019427 -0.116389 -0.108665 -0.001320 0.001853 0.002303
0.010065 -0.010947 -0.015028 0.008910 0.045619 0.068299
-0.011874 -0.006211 0.002602 0.031253 0.058304 0.085698
-0.087140 -0.044562 0.092073 0.025044 0.001481 0.101894
-0.009016 -0.017889 0.025072 0.126431 0.117549 -0.071373
-0.019096 -0.018120 0.003318 -0.095671 -0.104884 -0.164805
0.045828 -0.142863 0.127373 -0.010954 0.113596 0.027728
-0.002369 0.000930 0.004326 -0.007117 -0.002750 -0.015426
0.018173 0.014742 -0.043318 -0.112598 0.012823 -0.103206
-0.013789 0.005496 0.000549 0.022942 0.153779 0.048980
0.067748 0.055213 -0.088514 0.044075 -0.033277 0.003810
0.017447 -0.074365 -0.052400 -0.126758 -0.003187 -0.087895
0.033985 -0.006913 -0.078979 0.139844 -0.116640 0.050715
0.041980 0.085914 -0.121671 -0.086319 0.033726 -0.005163
0.081530 0.047983 -0.007326 -0.027283 -0.069572 0.125863
-0.059211 -0.025848 0.018635 -0.042424 0.022142 -0.068503
-0.070056 -0.054050 -0.067905 -0.169009 -0.115799 0.220722
0.078151 0.076925 -0.070896 0.147381 -0.065188 0.023575
-0.033332 0.097862 -0.006223 0.030186 0.174371 0.032098
-0.007502 0.001863 0.012192 0.007955 -0.052098 0.037445
-0.000221 -0.001639 -0.000581 -0.057117 -0.057260 -0.006610
0.022218 -0.006596 0.031541 -0.147073 -0.142966 -0.033325
0.014286 0.000364 0.015867 0.064886 0.056668 -0.040741
-0.015192 -0.096484 -0.096456 -0.018438 0.162408 0.040011
-0.038133 -0.007721 -0.035053 0.028740 -0.016190 -0.038054
0.014125 0.011051 0.073334 -0.103253 0.023200 -0.055219
