0.044162 0.032654 -0.005692 -0.009816 0.017283 -0.028702
0.107685 -0.054610 0.005768 -0.022388 -0.031312 0.080987
-0.018919 -0.052454 -0.034074 0.054545 -0.096037 0.047828
0.033919 -0.012482 -0.092674 -0.006135 0.093848 0.054543
-0.014405 0.019569 -0.079276 -0.024284 0.034188 -0.007014
0.086078 -0.121176 0.001364 -0.007810 0.015965 0.046343
-0.090026 -0.099241 -0.013671 0.046287 -0.150474 -0.059903
0.061843 0.064416 0.024490 0.198505 -0.079745 -0.092698
0.127423 -0.089866 0.092553 -0.201978 -0.130739 -0.113402
0.049451 -0.077455 -0.062107 0.029138 0.047745 0.103629
0.015132 0.003237 -0.023708 0.113407 0.004610 0.093508
-0.090294 0.082697 0.012500 0.014031 -0.022857 0.012566
-0.000170 -0.074125 0.067276 -0.129075 0.152358 -0.078492
-0.014905 0.010047 -0.002711 0.050153 -0.003378 0.113641
0.003216 0.048454 -0.026288 0.029504 -0.137380 0.077942
-0.018794 0.053403 -0.051333 0.046881 -0.037736 -0.048181
0.023369 -0.013552 -0.017547 -0.153729 -0.112085 -0.026267
0.030537 0.007701 -0.042470 0.000502 -0.000063 -0.001747
0.044797 -0.024874 0.043336 0.067568 0.002901 -0.064827
-0.016297 0.050631 0.015318 -0.024458 -0.054820 -0.034247
-0.004630 0.036586 -0.002980 -0.000294 0.000055 -0.000251
-0.085097 0.093851 0.111285 0.024657 0.037215 -0.037333
-0.004525 0.033972 0.002294 -0.018087 -0.026806 0.008688
-0.024621 -0.025370 0.031324 0.030606 -0.083513 0.094401
-0.011653 0.018170 -0.027945 0.049055 -0.102840 -0.006399
0.002892 -0.058008 0.029781 -0.076021 -0.030323 0.103865
0.075840 0.036748 -0.032108 -0.010620 -0.064839 0.070478
-0.025674 -0.012967 -0.016142 -0.207293 -0.081150 0.088225
0.121396 -0.068352 0.049154 0.125020 0.129783 -0.045016
0.007225 0.003245 -0.007898 0.077153 -0.200637 -0.043635
-0.019088 -0.049873 0.108268 -0.070562 0.069526 -0.146018
-0.009726 -0.005469 0.092239 0.004593 0.009544 0.014838
0.018673 0.036376 -0.025261 -0.006705 0.037057 -0.039261
0.036635 0.008055 -0.011253 -0.057390 0.076544 0.049736
0.024368 -0.099534 0.004650 0.121497 -0.159776 0.145827
0.069247 -0.141386 -0.080204 -0.016721 -0.013263 0.000403
0.018912 0.000685 -0.001028 -0.123115 -0.121680 -0.111489
0.006673 -0.029349 0.054075 0.061936 0.015121 -0.025513
-0.015022 -0.055166 0.079752 -0.024715 -0.209208 -0.230375
-0.059024 -0.013080 0.007147 -0.159412 -0.225208 0.145029
