-0.073939 0.083423 -0.084483 0.001651 0.000472 0.001051
-0.085803 -0.045090 0.098421 -0.072902 -0.000059 0.096102
0.005441 -0.061073 -0.118121 -0.007719 -0.048969 -0.000167
0.005799 0.028223 -0.026741 -0.042205 -0.078597 0.064217
-0.044030 -0.093908 -0.016628 0.019136 0.024192 -0.073774
-0.009908 -0.076653 0.090365 -0.000222 0.005870 0.000604
0.027969 -0.099064 0.071565 0.156788 -0.045262 0.012584
-0.024247 -0.001952 0.014562 0.096403 0.002886 0.101807
0.099920 0.018111 0.129728 0.184922 0.120327 0.077928
0.002304 -0.018136 0.042662 0.159743 0.181328 -0.209047
0.055779 -0.013880 0.053916 0.147482 0.132057 0.095562
0.023792 0.038153 -0.045929 -0.030901 0.036412 0.011664
-0.126087 0.051844 -0.075551 0.099558 -0.255060 0.209267
0.016474 -0.039334 -0.015587 -0.033937 0.018272 0.042203
-0.146859 -0.100291 -0.020567 0.130390 -0.044351 -0.049963
-0.041650 0.047891 0.012162 -0.010215 -0.008511 -0.007792
0.082857 0.010344 -0.037565 0.032335 0.035872 -0.015629
-0.128530 -0.012970 -0.035218 0.011634 0.006894 -0.009730
0.015721 -0.100256 0.115367 0.085664 -0.097146 0.022873
-0.000437 0.008484 0.004970 0.018197 -0.002995 0.014726
-0.056010 -0.010305 -0.011433 0.153288 0.090075 -0.029717
-0.061428 0.044863 0.008628 0.035406 0.047280 -0.038721
0.143391 0.020151 0.109122 -0.043269 0.036872 -0.008840
0.084653 0.050617 -0.123104 0.022365 0.007662 0.003824
0.076172 -0.003725 0.000849 0.040523 0.073842 -0.034554
-0.023719 -0.023314 0.017686 0.026657 -0.011435 0.025383
0.050467 0.068474 -0.145258 -0.097563 0.078533 0.049061
-0.021648 -0.032279 -0.033506 0.054885 0.063444 -0.024583
0.035862 0.002847 -0.021494 -0.023370 -0.138294 0.019822
0.002406 -0.023761 0.002225 0.006084 -0.043758 -0.105949
-0.006882 0.001248 0.005746 0.041623 0.038123 -0.049685
0.137494 0.105467 -0.055421 -0.200550 -0.128288 -0.027499
-0.004085 0.004042 0.001255 -0.012507 0.102701 0.002020
0.057642 0.111456 0.038540 -0.007901 0.060598 -0.027964
-0.039694 0.032021 -0.021851 0.002538 -0.000583 -0.001210
-0.039500 0.084148 -0.008404 0.003179 -0.029673 0.035218
0.007150 0.016769 0.049590 0.019571 0.060171 0.067412
-0.013625 0.051467 -0.022272 0.003462 -0.001354 -0.004242
-0.004909 -0.002087 -0.014169 -0.024731 0.020357 -0.029856
-0.039804 -0.033155 -0.051387 0.087725 0.048536 -0.008436
0.114547 -0.005416 0.121666 0.037351 0.010321 0.048155
