-0.014421 0.061969 0.032244 -0.025019 0.018223 -0.008847
-0.016244 -0.091305 0.008405 -0.079629 0.063799 0.048811
0.027925 0.027207 -0.015279 0.134767 0.086070 0.030768
-0.030150 0.035183 -0.092724 0.009358 -0.021486 0.027570
0.015451 0.029543 0.113497 -0.002346 0.002907 -0.002559
-0.003859 0.030321 0.030311 -0.141953 0.082449 0.126107
-0.021306 0.006437 0.023732 -0.057536 0.063236 -0.187931
-0.008337 -0.039323 0.015308 -0.015245 0.153820 0.164477
0.008374 -0.015397 -0.015313 -0.064212 0.075814 0.188690
-0.122517 -0.124421 0.142164 0.061295 0.038061 -0.149798
-0.049898 -0.013323 -0.029855 0.039691 0.040483 -0.079248
-0.030577 0.050332 -0.021241 0.046703 -0.064093 0.092959
0.052370 -0.039853 0.084589 -0.003832 0.096095 -0.039757
0.022296 -0.015571 0.000621 -0.040947 0.059781 0.049081
0.048129 -0.062390 -0.034453 0.218177 0.068029 -0.103592
-0.110753 -0.100100 0.071791 -0.142615 -0.215788 0.009400
-0.001166 -0.006953 0.000648 0.082938 -0.028759 -0.017040
0.032081 0.051637 -0.032914 0.122979 0.163121 0.049600
0.048460 0.011347 -0.060258 0.004100 0.091066 0.074124
0.008539 0.004329 0.022768 -0.144852 -0.155573 -0.051265
0.067889 0.038969 0.015698 0.005016 -0.007899 -0.005013
-0.046382 -0.051688 0.028923 0.013786 -0.038469 0.094612
-0.084214 0.001898 0.105673 0.077113 0.072896 0.064698
0.020316 -0.005142 0.006379 -0.122574 -0.162935 -0.139383
0.005707 0.014320 0.144674 -0.009585 0.109662 -0.031116
-0.078773 0.112083 0.006180 0.144880 0.115963 -0.128885
0.023424 -0.010530 0.015183 0.001180 -0.001135 -0.002475
-0.038438 -0.057285 0.050822 0.017782 -0.018839 -0.050873
0.027336 0.077740 0.032051 -0.164853 0.179684 -0.066881
-0.000779 -0.001098 0.001511 0.089225 -0.039600 0.111102
-0.002473 -0.007412 -0.009214 -0.045184 0.168596 0.069590
-0.106751 -0.066987 -0.128215 -0.017406 0.008329 0.010656
0.144338 0.017327 0.049477 -0.163103 -0.158703 0.021296
-0.013695 0.000785 0.018975 0.038828 0.059937 -0.019152
-0.029284 0.069763 -0.026864 -0.105966 0.049725 0.004889
-0.041393 -0.081491 -0.109727 -0.000992 0.152867 0.032008
0.061264 -0.090650 -0.077038 0.180962 0.172558 0.041235
-0.067318 -0.125862 -0.126497 0.010201 0.006127 -0.015129
-0.092717 0.138454 0.008250 0.062364 0.002171 -0.004119
-0.060160 -0.013309 0.133450 0.174189 0.166887 -0.153233
