0.077340 -0.048399 -0.019470 0.033790 -0.019558 -0.077022
-0.057689 -0.054032 -0.099780 -0.062719 -0.018017 -0.020504
0.004570 0.021008 0.005192 -0.004215 -0.005128 0.001307
-0.017018 0.090398 -0.078414 0.052821 0.057786 0.034346
0.148965 -0.053158 -0.056906 0.022334 0.003145 -0.007934
-0.097057 -0.072581 0.039591 0.006329 0.004996 -0.002613
-0.089451 -0.093073 0.041458 0.062072 0.072106 0.030787
0.017845 0.000441 0.039056 -0.040053 0.018870 -0.006288
-0.003957 -0.000105 -0.004882 0.009329 0.019121 0.075105
0.053280 0.079352 0.014663 0.014734 0.004283 0.124117
0.059816 0.167411 -0.047210 -0.075318 0.065961 -0.042836
-0.130405 0.071752 -0.039146 0.060983 -0.046847 -0.132382
0.078014 -0.025294 -0.046737 0.151467 -0.028056 -0.100145
-0.007574 -0.047555 -0.057581 -0.015174 -0.033705 0.027188
0.085512 -0.019341 -0.025886 0.071310 0.087244 0.124527
-0.062422 -0.037398 -0.085166 -0.081499 -0.149652 -0.062267
0.111819 -0.011586 -0.109696 -0.020402 -0.133837 0.020003
0.127946 -0.024177 -0.053494 -0.004339 -0.027592 -0.009718
-0.019921 -0.000402 -0.045196 0.031217 -0.055618 -0.023473
0.037900 -0.034908 0.004154 0.001810 -0.015513 0.002244
0.054248 0.060129 0.093234 0.008976 0.038261 0.042972
0.062973 0.106553 -0.026067 0.124390 0.116050 -0.007048
-0.117803 0.045833 0.015687 0.093349 0.015201 -0.089714
-0.019625 -0.015971 0.010040 0.001017 0.000911 -0.000039
0.021884 0.062046 0.036498 0.104106 -0.006506 0.080722
-0.079038 0.005276 0.099187 -0.035583 -0.011010 -0.027287
0.049961 0.068640 0.062921 -0.012654 0.017498 0.111213
0.049751 -0.005303 -0.045428 0.098305 -0.193920 0.227343
-0.000137 0.000347 0.000032 -0.180246 -0.107870 0.060807
0.035264 0.119595 -0.032785 0.079335 0.003993 -0.020766
0.014221 -0.026860 0.023462 -0.053809 0.056811 0.049048
-0.108425 0.087780 0.072181 -0.000593 -0.040958 -0.032600
-0.065625 0.115988 -0.006072 0.073553 0.053796 -0.050626
0.037140 0.051022 -0.015217 0.010944 -0.027628 0.014034
-0.028929 0.009846 -0.049665 -0.054072 -0.132863 0.000620
-0.057866 0.013255 -0.055244 -0.153050 -0.159949 -0.221472
0.023335 0.115786 0.109313 -0.052508 0.024252 0.022832
-0.127101 0.065091 -0.082445 0.086920 -0.120416 -0.078090
0.061774 -0.049011 -0.031304 -0.190589 -0.189930 -0.069930
0.010099 -0.003166 -0.013206 0.060484 0.185938 0.047270
