0.081819 0.122621 -0.040848 0.085767 -0.039648 -0.020014
-0.027203 0.081329 -0.039810 0.080281 0.003440 -0.093825
0.048495 0.016890 0.001992 0.002085 0.022530 -0.014148
-0.002025 -0.005492 0.008807 0.175431 -0.069610 -0.001665
0.000122 -0.104474 0.093499 0.017260 0.011521 0.067345
0.069262 -0.094872 -0.018910 0.009333 0.090407 -0.163574
0.059537 -0.011237 0.025668 0.181808 0.001392 0.083073
-0.079030 -0.011086 -0.041001 -0.078440 -0.086391 -0.069450
-0.113876 -0.072370 -0.033371 0.080456 0.028954 -0.033867
0.117920 0.094146 0.083189 0.009569 0.017229 0.014869
0.000234 0.000348 0.000676 -0.001743 -0.024471 -0.029441
-0.035526 0.005895 0.020213 -0.053740 0.163915 0.117828
0.038915 -0.021213 -0.027410 0.035549 -0.022599 -0.001369
0.043246 0.028162 -0.081469 0.213183 -0.112538 0.067328
-0.037380 0.104648 0.048602 -0.025998 0.075844 -0.022322
-0.156558 0.126741 -0.133258 0.231822 0.153856 0.006047
-0.049543 0.035690 0.035585 -0.065306 -0.019840 -0.042247
0.086334 0.091271 -0.028876 0.012707 0.020423 0.029218
-0.000008 -0.000002 0.000017 0.044734 -0.002531 0.000394
0.010160 -0.016235 0.008547 -0.003986 -0.010991 -0.014027
-0.043956 -0.022834 0.136596 0.014504 -0.036665 -0.002662
0.106749 -0.026889 -0.094260 0.098753 0.012807 -0.003169
0.003583 0.003835 -0.000127 -0.060348 -0.040479 0.056473
-0.028757 -0.026135 -0.009862 -0.019074 0.213315 0.226515
0.047662 0.064613 -0.075126 -0.052726 -0.145177 -0.189324
-0.001255 0.019072 -0.009087 0.032765 -0.015647 -0.003264
-0.008398 -0.037488 0.010321 0.147742 0.114634 0.098405
0.022460 0.056659 -0.071520 0.015019 0.002868 -0.009189
0.094180 -0.045575 -0.127925 -0.040696 -0.136730 -0.040069
0.007395 0.168873 0.110324 0.103780 0.160205 -0.072153
-0.026651 -0.037914 -0.019426 0.034093 -0.013597 -0.021948
-0.056833 0.047545 0.070195 0.000806 0.003524 -0.019357
0.012920 0.017925 0.000728 0.018924 -0.162403 0.121306
-0.131978 0.128118 -0.048608 0.041143 -0.103662 -0.073277
0.166421 0.012163 0.110067 0.181104 0.098789 -0.151233
0.068434 0.043774 0.009980 -0.003794 -0.003021 -0.000732
0.102397 0.084433 -0.059678 0.152469 0.200211 0.137701
-0.011173 -0.008365 0.034197 -0.005038 -0.008626 0.011614
0.041085 0.074286 0.019735 0.097427 -0.218615 -0.118384
0.142259 -0.066157 0.144753 0.038966 0.187480 -0.145609
