0.094938 0.071580 -0.066971 -0.065499 0.004080 0.129414
0.054877 0.032273 0.093959 -0.028076 -0.005299 -0.008965
0.020790 0.007282 0.013475 -0.046256 -0.199922 0.154945
0.033467 -0.014148 -0.000267 -0.155757 -0.184589 -0.170282
0.083721 0.008702 0.103072 -0.015616 -0.039768 -0.043456
-0.000982 0.010497 0.167560 0.095940 -0.063480 -0.070662
-0.069239 0.025031 -0.006871 -0.016557 0.011342 0.003645
0.037896 -0.023363 -0.099967 0.053695 0.017060 -0.000962
-0.031961 -0.009703 0.003814 0.078511 0.132713 -0.212612
-0.047317 0.043416 -0.048972 -0.114522 -0.003215 -0.050123
-0.018873 -0.101313 -0.077242 -0.036662 -0.014911 0.008121
0.089738 0.097059 0.090049 0.143167 0.036340 -0.049960
0.124447 0.113898 0.099976 0.023736 0.097612 -0.207024
-0.043708 -0.031740 -0.020329 -0.074613 -0.110696 -0.045350
-0.047759 -0.018253 -0.052074 -0.046206 0.028079 0.014972
-0.000326 -0.000651 0.000125 -0.025122 0.067171 -0.083156
0.005754 0.030639 0.014174 -0.020063 0.022518 0.025786
-0.031224 0.054739 -0.033823 -0.141395 0.019106 -0.035773
-0.121749 -0.034142 0.106641 -0.020900 0.008835 0.000954
-0.012123 0.004567 -0.023119 -0.114016 0.147265 -0.128398
-0.043522 0.011828 0.012719 0.116735 -0.189799 -0.128507
0.096494 0.015382 -0.108518 0.019963 -0.065938 -0.075511
-0.084944 -0.094118 0.088419 -0.008640 0.110186 0.086972
-0.012776 0.041102 -0.040893 0.001443 -0.065871 -0.055831
-0.015773 0.014208 -0.008997 -0.101991 -0.109181 -0.026020
0.032205 0.101465 -0.048412 -0.057634 0.004704 -0.034290
0.048356 -0.012964 -0.041301 0.005006 0.003099 -0.002008
0.002780 -0.004483 0.010000 0.112596 0.046230 -0.045310
0.111058 0.092222 -0.048536 0.017603 -0.058295 0.008583
0.042251 0.129786 0.009053 -0.008387 -0.006318 0.005088
0.084337 0.141929 -0.138823 0.002376 0.046946 -0.036464
0.000843 -0.005148 0.002537 -0.000321 -0.000236 0.000131
0.043520 -0.051878 -0.028444 0.138588 0.010148 0.072942
0.003159 -0.001408 0.002228 -0.045118 0.084695 -0.001368
0.026805 -0.051204 -0.041924 -0.042296 0.025733 -0.010808
-0.023331 -0.005665 -0.026364 0.025001 -0.158961 0.015392
-0.009168 0.033687 0.066491 0.003278 -0.005266 0.006310
0.000137 0.054095 0.015433 -0.092786 0.034538 0.044234
0.072861 -0.067147 0.045019 0.070376 0.023934 -0.049282
0.000974 0.063739 -0.143640 0.009477 -0.020453 0.008185
