0.091689 -0.103576 0.028433 0.123903 0.083520 0.088608
0.028063 -0.004307 0.004472 0.020157 -0.012777 0.057949
0.064471 0.106223 -0.048563 0.002292 -0.023015 -0.018104
0.004313 -0.001700 -0.000649 0.036103 0.096883 0.103438
0.047985 -0.037085 -0.008720 -0.060848 0.117947 -0.050929
0.081269 -0.121086 0.159534 -0.007679 0.007472 -0.004305
0.053085 -0.065388 0.135539 -0.067295 0.046770 0.005551
0.010797 -0.007865 0.031510 0.041076 0.027897 -0.133291
-0.037866 0.030888 -0.060555 0.042069 -0.018528 -0.064571
0.030460 0.041952 -0.040293 0.028026 -0.034797 0.041301
0.100881 0.137916 -0.102609 0.083968 -0.049190 -0.155289
-0.090551 -0.095079 0.028207 0.012661 0.166117 0.075765
0.025536 -0.018681 0.028042 0.099344 -0.107461 0.078138
-0.073368 0.083686 0.080563 -0.024429 -0.039058 0.017817
-0.090857 -0.072713 0.038239 -0.044591 0.103726 0.139659
-0.040935 0.054045 -0.063279 0.013944 0.041362 0.032305
-0.014009 0.078110 0.017262 0.073366 -0.165284 -0.118231
0.067090 -0.085121 -0.016657 -0.021974 -0.023839 0.024419
-0.018020 0.016632 0.011269 0.113316 -0.070348 -0.001817
-0.038770 0.009270 -0.013472 -0.082260 -0.201863 -0.177279
-0.013276 0.006206 0.011876 0.124922 -0.136433 0.117236
-0.110344 0.087071 0.129727 0.017422 0.019353 0.010924
0.010511 0.018305 -0.017712 -0.011329 -0.010397 0.020155
0.002786 0.007600 -0.006834 -0.018961 -0.028270 -0.007935
-0.074927 -0.016255 0.068899 0.005654 -0.010663 0.006900
-0.004158 0.005667 0.001701 0.091937 0.028584 0.061333
-0.103959 -0.074104 0.047363 -0.046731 0.054464 0.061034
0.091316 -0.080624 0.021851 -0.006175 0.013157 -0.001831
0.031096 0.116770 -0.080285 -0.072274 0.038917 0.050569
-0.006649 0.005819 0.004175 0.083484 0.108781 0.052158
0.013559 -0.032836 -0.044935 -0.191404 -0.049980 -0.098369
-0.124268 0.132741 0.088007 0.066015 -0.047863 0.033915
0.003357 -0.003166 0.005212 -0.001736 0.024500 -0.004087
-0.023195 -0.012966 -0.040443 0.009253 -0.005353 0.009916
-0.041457 0.014109 -0.056763 0.124818 -0.036845 -0.054609
0.000768 0.001880 0.001288 -0.077965 -0.088104 -0.036314
-0.001456 0.009085 0.005516 -0.062976 -0.085541 -0.029779
-0.013159 0.007663 -0.004002 -0.025768 -0.072762 -0.069388
-0.021988 0.045531 -0.014128 -0.008283 -0.042487 0.018522
-0.011951 -0.027424 -0.033843 0.037147 -0.009333 0.071016
