0.027719 0.101405 0.110458 0.073245 0.054641 0.034152
-0.001547 0.013735 -0.007181 0.063731 -0.134658 0.114956
-0.017116 0.004276 -0.006744 -0.008524 -0.008972 -0.029778
0.012196 0.013111 -0.006078 -0.006778 0.017322 -0.062791
0.011018 0.030678 -0.086860 -0.103314 -0.025135 0.069108
0.011857 0.008168 0.004852 0.028837 0.073510 0.007866
-0.044065 0.122402 -0.109504 -0.183117 -0.216221 0.029772
0.053583 0.013700 -0.126791 0.042923 0.060389 -0.044123
0.004782 -0.054744 -0.064997 -0.033832 -0.038143 0.104819
-0.026224 0.043370 0.013197 -0.020811 -0.015928 0.017985
-0.008210 0.001652 -0.001759 -0.168323 0.166631 -0.040708
0.018521 0.003792 -0.037676 -0.005119 -0.003037 -0.022489
0.007684 -0.001807 0.003124 -0.108175 0.170102 -0.097427
0.001650 0.003126 0.000835 -0.001490 0.007238 0.033279
0.019620 0.003522 0.000652 0.246393 0.133650 -0.043717
0.044335 -0.027350 -0.026755 0.145519 -0.159831 -0.167637
-0.012957 0.006370 0.016625 -0.000084 0.004179 0.010372
-0.094039 -0.039125 -0.080959 0.019791 -0.082142 -0.040283
-0.000407 -0.000382 -0.000250 -0.033381 0.132783 -0.051602
-0.007232 -0.120399 0.137160 0.010032 0.014543 0.091690
-0.028792 -0.001222 -0.013556 -0.003206 0.018237 0.016054
-0.011735 0.064482 -0.043131 -0.005809 -0.019156 -0.074226
-0.010544 0.065416 0.067227 -0.002429 -0.024937 0.001418
-0.072794 0.091252 0.134550 -0.051973 -0.014856 -0.063076
0.025142 0.071531 0.003095 0.098214 0.149782 -0.084856
0.112723 -0.001152 0.024692 -0.069120 -0.022789 0.056277
-0.021157 -0.051147 -0.021750 0.134724 -0.125684 0.010848
-0.059506 -0.079848 -0.029512 0.019473 -0.083163 -0.025471
-0.057242 0.002299 -0.009362 0.114917 0.159089 0.028946
0.062875 -0.016617 0.103004 -0.140473 0.022935 0.028895
-0.060130 0.014332 0.092497 0.044354 0.000579 0.089792
0.087695 -0.062394 0.105285 -0.051677 -0.115957 -0.072205
-0.070554 0.067928 -0.125183 -0.013458 -0.033820 -0.075505
-0.000441 0.001040 0.000243 0.061801 0.200609 0.027962
-0.018167 0.021294 0.042945 -0.004103 0.010320 -0.125486
-0.061819 -0.057065 0.079662 -0.116279 0.063104 -0.117246
0.056689 0.092635 0.080215 0.114168 0.089741 -0.078321
-0.006841 0.005192 0.000860 -0.002063 0.034042 0.033785
-0.011681 0.083835 -0.100239 0.019580 0.020833 0.012544
-0.023805 0.038222 -0.035819 0.013318 0.150297 0.113542
