-0.000944 -0.000135 0.001198 0.061097 0.061271 -0.103279
-0.058629 0.038815 0.114726 0.096332 -0.011410 0.000205
-0.074391 0.019780 -0.042504 -0.137399 0.141807 0.184714
-0.051640 -0.076673 0.051804 0.046414 -0.156497 -0.153071
-0.063131 0.133045 0.148186 -0.039358 -0.000740 0.016300
0.003847 0.086725 -0.024881 -0.096595 -0.095579 -0.111981
0.058029 -0.005699 -0.067868 0.034156 0.100363 -0.161211
-0.016811 -0.021201 0.008844 -0.070356 0.056016 0.103378
-0.000568 0.019019 0.006142 0.006384 -0.002385 -0.000906
-0.002751 -0.001555 0.007851 -0.051354 0.026964 0.066354
-0.043865 0.080936 -0.005214 -0.015221 -0.109262 0.149866
0.015437 0.071977 -0.068682 0.010765 0.011093 0.026638
0.021464 0.025837 0.026281 -0.068663 -0.011796 0.050653
0.050066 -0.044597 -0.097599 0.039401 0.025921 -0.008153
0.058225 0.018769 0.061280 0.058783 -0.000311 -0.032763
0.071514 -0.062815 0.078021 0.008163 0.171208 -0.169159
0.005023 -0.055133 0.005252 0.005783 -0.005257 -0.004385
-0.027307 -0.020062 -0.019028 -0.176721 0.131246 0.038136
-0.039488 -0.028239 0.034748 -0.081881 -0.046506 0.084074
-0.035977 -0.012620 -0.009418 0.135641 0.006226 0.036764
0.050982 0.031787 -0.026995 -0.006069 0.006594 0.004361
0.001913 -0.017678 0.003288 -0.014717 0.015717 0.012891
-0.084158 -0.096339 -0.044924 0.026264 0.005711 -0.008884
-0.116645 -0.065695 0.055850 0.000097 -0.000095 -0.000129
-0.029610 -0.136581 -0.114565 0.014685 0.080329 0.054971
-0.100212 0.102715 -0.114762 0.007630 0.020251 -0.010677
-0.003652 0.031203 -0.050017 -0.087073 -0.138954 -0.034451
0.023171 0.048269 0.112556 0.061117 -0.066411 -0.059607
0.020438 -0.017231 0.052245 -0.010308 0.053927 0.034952
-0.020208 -0.003489 0.052591 -0.013410 -0.001287 -0.026407
-0.045663 0.050724 0.017060 0.005798 -0.011038 0.009431
0.015314 0.006435 -0.018552 0.035192 0.017562 0.001874
0.017822 -0.003400 0.031439 0.068870 0.003325 0.055483
0.033041 0.015009 0.036342 0.085416 0.015811 -0.011602
0.008366 0.004050 0.011046 -0.164130 0.002417 -0.188847
0.093304 -0.076976 -0.067278 -0.007595 -0.059639 0.103498
-0.066463 -0.068504 0.046087 -0.095601 -0.084518 0.058227
0.006221 0.000597 -0.001762 -0.079675 -0.028774 -0.056826
-0.142713 -0.153623 0.039961 0.005232 0.016769 0.030931
0.014620 0.021433 -0.003663 -0.013315 -0.146431 0.014082
