-0.034172 -0.125768 -0.006848 0.180065 0.068731 0.114515
-0.006299 -0.008830 -0.000208 -0.004740 -0.001412 -0.000853
-0.038638 -0.009973 -0.006852 -0.023164 -0.017193 0.046646
-0.131621 -0.098766 0.102455 -0.072599 -0.030475 -0.041825
-0.074919 -0.015515 -0.046011 0.031403 0.035444 -0.027581
0.158189 0.117221 0.078416 0.054993 -0.091571 0.100717
-0.058238 -0.100525 -0.017849 0.036845 0.125913 -0.163231
0.048840 0.009349 -0.043672 0.080872 0.066730 0.071517
-0.025735 0.024229 0.005752 0.001250 -0.001102 -0.000580
0.002762 -0.003531 0.000533 0.003553 0.032424 -0.129167
0.104056 -0.108302 -0.105297 -0.021962 -0.121223 -0.076187
-0.086394 -0.046191 -0.009539 -0.017632 -0.015467 0.010497
0.081688 -0.057858 0.131978 0.167794 -0.093854 -0.043680
0.005760 0.004737 -0.005694 0.008496 0.006220 0.024301
0.041021 0.059529 0.076767 0.003848 0.001437 -0.014587
-0.108237 -0.025041 -0.060762 0.012465 0.011005 0.012799
-0.050949 0.039438 -0.007558 -0.000442 -0.001535 0.002259
0.056299 -0.096340 -0.040334 -0.010152 -0.022643 -0.089077
0.034730 -0.029916 0.009988 0.029888 -0.032817 0.017370
-0.002787 0.003601 -0.000009 0.095051 0.107324 -0.024582
0.025707 0.003768 0.006833 -0.004506 0.127943 -0.110887
0.164578 -0.072981 0.151697 -0.113361 0.143467 0.170707
-0.009034 -0.000681 -0.013804 0.174699 0.145451 -0.122853
0.007416 -0.028493 0.008082 0.013219 -0.011267 0.009609
-0.083809 0.146742 0.162412 0.046652 -0.017126 -0.034129
0.051653 -0.076570 0.036710 -0.164282 -0.073422 0.025300
-0.043592 0.003600 -0.035289 0.197252 0.045327 -0.109268
0.061394 -0.011273 0.031337 -0.014765 -0.039617 0.037115
0.039093 0.081122 0.078181 0.071469 -0.115251 0.068471
-0.003377 -0.067606 0.034877 0.072224 -0.010784 -0.110797
-0.059029 -0.021395 0.009994 0.073734 -0.112059 0.052678
0.076889 0.064452 -0.012219 0.014273 -0.023994 -0.030342
-0.024134 0.046283 0.027343 0.036157 -0.097812 -0.007548
-0.040228 -0.001460 -0.034314 0.017530 -0.000843 -0.015701
-0.020614 -0.069300 -0.067182 0.195258 0.159035 0.199632
-0.049134 -0.014937 0.025053 -0.004760 -0.014245 -0.005268
-0.131282 -0.055475 0.029082 0.021407 0.006821 0.024551
0.034438 -0.002227 -0.099399 0.111271 -0.213350 -0.210699
-0.008914 0.049869 -0.137665 -0.002896 -0.035871 -0.034415
-0.099805 0.028024 0.000314 0.005959 -0.014655 0.049491
