-0.022446 -0.032952 -0.100542 -0.009983 0.017894 0.014890
0.063038 0.016950 -0.056030 0.163707 0.182394 0.042476
-0.020615 -0.073394 -0.059262 0.035133 -0.032029 0.008739
0.084380 0.033913 0.048667 0.183625 -0.069362 0.051728
-0.007586 -0.014590 0.007558 -0.053955 0.039396 0.035184
-0.021857 -0.030614 0.021630 0.056020 -0.000577 0.034239
0.001112 0.033094 0.041053 0.136920 0.032407 -0.204451
0.028210 -0.022045 -0.011828 0.072404 -0.063497 0.046834
-0.008138 0.009328 0.006065 -0.042949 0.016935 -0.010900
-0.012767 -0.008977 0.011900 -0.094606 0.049049 -0.023892
0.003169 -0.044885 0.066932 -0.018700 -0.013457 0.031382
-0.015999 -0.021927 0.037676 0.002771 0.001197 0.001921
-0.061524 -0.037346 0.059017 0.055814 0.038358 0.088049
-0.007775 -0.032789 0.065979 0.068701 -0.062949 -0.019358
0.008128 -0.050187 -0.039499 0.023097 0.043067 -0.045453
-0.027227 -0.005894 -0.080865 -0.111457 -0.124616 0.221415
-0.040656 0.036472 -0.100616 0.097913 -0.037948 -0.029090
-0.034817 0.009659 0.007091 0.001801 0.005916 -0.026471
-0.136054 -0.131085 0.117059 -0.171400 -0.108306 -0.015669
0.165655 -0.072546 0.165345 0.010512 -0.006390 -0.128171
0.035308 0.045442 -0.021998 0.085764 -0.055143 -0.020495
-0.025708 0.061937 0.038966 0.146388 -0.000239 -0.118433
-0.043859 0.032888 0.053589 0.006630 -0.004977 0.011701
-0.093408 -0.136562 -0.140109 -0.071706 -0.181654 -0.188106
-0.050930 -0.035450 -0.045493 0.003631 -0.028531 0.122284
-0.008284 0.005907 0.009251 0.009591 -0.101688 0.018536
0.090062 0.067362 0.047762 -0.024421 0.005853 0.007612
-0.062914 -0.128778 -0.094254 -0.207690 -0.157285 -0.102206
0.039667 0.019167 0.011184 -0.007897 -0.003816 0.009341
-0.039399 -0.030542 -0.027378 -0.065812 0.042399 -0.054716
-0.010774 -0.016015 0.008975 0.038993 -0.025588 -0.034763
-0.045516 -0.015487 -0.086930 0.041960 0.052689 -0.020136
0.080108 -0.134722 0.029590 0.136732 0.017172 0.045351
-0.062245 -0.037312 0.063262 -0.000077 -0.000269 -0.000382
-0.025028 -0.024571 0.069001 -0.002169 0.001977 0.001444
-0.117231 -0.031304 -0.004374 0.142162 -0.159324 0.140502
0.018597 -0.027364 -0.116555 0.107107 0.051037 -0.073274
-0.137282 0.001614 0.125081 0.094192 0.067986 0.114476
-0.006819 0.001921 0.009656 -0.063966 0.011995 0.027891
-0.014823 0.013425 0.012813 -0.088404 0.084426 0.056232
