0.031417 0.005781 -0.003143 -0.103158 0.064416 -0.115515
-0.013320 -0.002122 0.007638 0.054350 -0.084011 -0.075476
-0.162495 -0.050842 -0.176950 -0.003984 0.043477 -0.040200
0.123807 -0.128463 0.184280 -0.047240 0.114014 -0.024601
-0.040188 -0.089311 0.074903 0.028755 -0.076750 -0.027813
0.010866 0.050472 0.030429 -0.045009 0.075982 0.035421
-0.173665 0.114021 -0.033948 -0.037201 0.007664 -0.002008
-0.064137 0.092156 0.105837 -0.031964 -0.040497 -0.027772
-0.045979 -0.004730 0.042959 0.046714 -0.043444 -0.044264
0.064257 0.139780 -0.056859 -0.022476 0.001163 0.017131
-0.138391 0.215726 0.104568 0.001387 -0.003317 -0.010185
0.018678 -0.008127 -0.012492 -0.012943 -0.029525 0.060555
-0.002126 -0.017079 0.007110 -0.012525 -0.008075 -0.010273
0.114533 0.037276 -0.015343 -0.012061 0.048687 0.048707
0.114841 -0.147025 0.226586 -0.097815 0.010524 0.077000
-0.064916 -0.062540 -0.015427 0.009910 0.018810 -0.000338
0.136022 0.016673 0.063952 -0.015835 0.016093 -0.009617
-0.165302 0.082241 -0.025200 0.028543 -0.015596 0.024094
0.071064 0.125213 0.077066 0.053944 0.046924 -0.048128
-0.014126 -0.010230 -0.104153 -0.056362 -0.038858 -0.055893
-0.094593 0.169947 -0.104869 0.088927 -0.000594 -0.050981
0.136144 -0.086927 -0.051056 -0.046622 -0.060403 0.052458
0.001509 -0.065074 -0.000708 -0.021086 -0.021781 -0.022315
-0.015138 -0.013492 -0.030023 0.029197 0.035241 -0.043231
0.159285 0.149104 -0.136935 0.021864 0.089378 0.012012
0.114911 -0.194034 -0.210593 -0.031924 0.006310 -0.012562
0.005524 0.000266 -0.008431 0.035202 -0.046966 0.035393
-0.198479 -0.079666 0.068732 0.018111 -0.022239 0.023087
-0.096407 -0.101184 0.013214 0.093109 -0.037279 -0.033641
-0.014402 -0.017515 -0.007703 0.059421 -0.092323 0.045369
-0.026846 -0.151523 -0.111341 0.003707 0.018382 -0.024630
0.004794 -0.068944 -0.010276 -0.025823 0.014032 0.012203
-0.101336 -0.108796 0.061682 -0.107778 -0.052159 -0.096266
-0.046417 -0.045702 0.034391 -0.049189 -0.031957 0.058119
0.008916 0.043430 -0.012747 -0.000929 0.002403 0.003924
-0.062434 -0.011963 0.000654 0.014557 -0.028922 0.015001
0.075186 -0.098199 -0.007019 0.034738 0.077866 -0.108895
0.093372 -0.116239 -0.107259 0.025564 0.039906 -0.049674
0.072567 -0.143881 0.035581 0.008417 0.104605 -0.096923
