0.012305 -0.045165 -0.031241 0.048162 -0.053023 -0.043855
0.176515 0.121030 -0.005480 -0.011640 0.002636 -0.005660
-0.174957 -0.196635 -0.183749 0.019563 0.080048 0.052374
-0.026755 -0.141720 0.089034 -0.000131 0.029558 -0.024517
-0.132445 0.020607 0.124729 0.006089 -0.090590 -0.077453
0.098424 0.054492 0.018273 0.039198 -0.032264 0.048844
0.013576 0.028216 -0.031448 0.041211 0.017856 0.021074
0.021764 -0.071689 0.102426 0.105955 -0.087199 -0.078140
0.107940 -0.140946 -0.091339 0.005811 -0.038361 -0.028077
0.027143 -0.032421 -0.116885 -0.003810 0.030452 -0.034323
-0.008801 0.009832 -0.001558 -0.020678 -0.035063 0.044364
0.015654 -0.169441 -0.106835 -0.017307 -0.001324 0.019094
0.083913 0.060869 -0.127831 0.112145 -0.016643 -0.083438
-0.094286 -0.094641 0.157524 -0.012831 0.067229 -0.007223
-0.165008 0.047156 0.023977 0.065670 0.064255 0.045186
0.126518 0.076570 -0.170568 -0.057875 -0.084173 -0.050819
-0.183447 0.103042 -0.200113 -0.010567 -0.013525 0.003223
-0.123428 -0.109929 -0.161035 -0.007989 -0.002565 0.003185
0.032661 0.059247 -0.047462 0.006040 0.008863 -0.009446
-0.007689 -0.033083 -0.002563 -0.041755 -0.061401 0.019334
0.030736 0.038265 -0.200982 -0.052211 0.018457 0.018024
0.056045 -0.024972 0.064346 -0.065016 0.105488 -0.042835
-0.101484 -0.109676 -0.077303 0.108362 0.128074 -0.087449
0.011643 0.212733 0.217236 0.030167 0.017070 -0.016367
-0.037702 -0.020107 -0.078717 -0.065770 -0.050321 0.075191
-0.042012 0.023485 -0.053704 0.021057 0.012522 0.021710
-0.065097 0.096961 -0.061198 -0.053962 0.027381 -0.055522
-0.235887 0.201753 0.209173 -0.025158 0.034347 -0.052432
0.021976 -0.007937 -0.033651 0.042827 0.000291 -0.071753
0.024633 0.004517 -0.089925 -0.027595 -0.028717 0.013458
0.122410 -0.064089 -0.129604 0.036261 -0.045140 -0.042919
0.019197 -0.002616 0.079470 -0.004451 0.006291 0.006701
0.021229 0.000475 -0.010588 -0.068295 0.031130 0.033646
0.024670 -0.067835 0.175123 0.055959 0.094286 -0.026336
0.066478 0.046257 -0.142955 0.022659 -0.003340 0.027196
0.207568 -0.097864 0.149194 0.095242 0.001556 0.067507
-0.012689 0.223773 -0.052831 -0.048475 0.043447 -0.051314
0.000581 -0.021615 0.012466 -0.029089 -0.019818 0.040450
-0.175111 0.161858 0.192564 -0.047497 0.053443 0.038003
-0.079291 0.137125 0.119188 0.034048 -0.014056 0.003849
