-0.108377 -0.040709 0.105090 0.068009 -0.072059 -0.079919
0.144990 0.024700 -0.111271 -0.002007 0.000207 -0.005305
0.161643 0.131197 0.050638 -0.006015 0.116951 0.039377
-0.086643 -0.106032 0.018047 -0.003101 0.029585 0.010256
-0.071911 -0.120664 -0.047148 0.005416 0.001222 0.000102
-0.047188 0.046888 -0.183455 -0.123808 0.103170 -0.087589
-0.003329 -0.193257 -0.088197 0.025682 -0.070997 -0.049403
0.173347 0.023743 0.081417 -0.028117 0.070536 -0.000685
0.012881 -0.099752 -0.152997 -0.009079 -0.013754 0.007265
-0.186240 -0.133323 -0.215811 0.003169 -0.005941 -0.007624
-0.158647 0.076951 -0.144750 -0.003263 0.000952 0.003098
-0.062727 0.002131 -0.003277 -0.050835 -0.020044 -0.032568
0.027710 0.030904 -0.088267 -0.002281 0.003084 -0.002000
0.053135 -0.069781 0.164014 0.067278 -0.020834 0.030299
-0.141261 0.191287 -0.020902 0.048075 -0.046616 0.019728
-0.009901 0.000369 0.006484 -0.036555 0.014881 0.038940
0.032523 -0.091903 -0.097290 0.041827 0.051258 0.079069
-0.201322 -0.090283 -0.083880 -0.048729 0.050774 -0.043402
-0.015173 0.097904 -0.064856 0.043772 -0.046561 0.036235
-0.084144 0.083534 0.201053 -0.000970 0.032412 0.024436
-0.025505 0.019535 -0.010339 0.057207 -0.057506 0.027528
-0.046375 -0.009282 0.003612 0.013539 0.072840 -0.051045
0.013747 -0.072386 -0.194143 0.013582 0.031371 0.019373
0.031561 -0.076155 -0.040930 0.142186 -0.008769 -0.152890
0.023694 0.020430 -0.024574 -0.021732 0.021511 -0.028047
0.003630 0.062820 0.046668 -0.003082 0.010370 0.010472
0.001934 0.033002 -0.125953 0.115108 -0.041353 -0.107514
-0.022854 -0.006283 -0.063131 0.016113 -0.144813 0.053664
-0.148744 0.087421 -0.040251 -0.081058 -0.053819 -0.052415
-0.015548 0.022870 0.014567 -0.000242 -0.004155 0.001784
-0.005635 -0.003370 0.071767 0.062335 -0.001469 0.004430
0.075957 0.087305 0.077057 -0.019429 -0.123806 -0.091438
0.121489 -0.073829 -0.128084 0.034946 -0.101765 -0.036383
-0.162212 -0.128722 0.133816 0.001151 0.003227 0.000737
-0.117714 -0.035800 -0.034221 -0.031337 -0.020507 -0.001806
-0.030594 -0.027935 0.032504 0.006723 -0.006329 0.013201
0.012108 -0.012446 -0.050636 -0.017750 0.032770 -0.017386
-0.113656 -0.074784 0.213494 0.061512 -0.096555 0.002745
-0.032814 -0.068141 0.100833 0.001720 -0.000192 -0.006645
0.021904 0.010297 -0.022377 -0.016859 0.058374 0.019429
