0.004207 -0.106281 -0.132604 0.012669 -0.023444 0.010347
-0.030428 0.038688 0.004922 -0.033986 0.013961 -0.032309
0.021857 0.011077 -0.026322 0.006324 -0.002491 -0.000298
0.002178 -0.003603 0.052164 -0.027120 -0.117635 0.111442
-0.221028 -0.111914 0.152207 0.051298 0.043549 0.072101
-0.067643 0.013656 0.042211 0.067420 0.060453 0.031770
0.093046 0.090080 0.076386 0.027236 -0.100359 0.037258
-0.067264 0.020400 0.068616 0.002261 -0.009949 0.008861
-0.081008 0.094455 -0.057068 -0.016496 0.049156 -0.004413
0.000156 -0.009389 -0.001399 -0.013395 0.003254 0.013194
0.212047 0.000908 0.170332 -0.028802 -0.003562 -0.004249
-0.134019 -0.028835 -0.178175 -0.111952 0.034128 -0.072242
-0.018436 0.025965 -0.018525 -0.028031 -0.035845 0.060888
0.132284 -0.112941 0.185015 -0.094843 0.037378 0.072493
-0.008971 -0.020712 0.083435 0.010765 -0.013038 0.005102
-0.004988 0.021992 0.005510 0.000951 0.002355 0.001045
0.112062 -0.049993 -0.011664 0.004411 -0.035915 0.027520
-0.093521 -0.133348 -0.204505 0.001123 0.006999 0.008113
-0.032048 0.244310 0.036632 0.063521 0.011451 -0.047226
0.026404 -0.016372 -0.008384 0.104094 -0.087188 -0.008904
0.121202 -0.151390 -0.005602 -0.039561 0.075297 0.089520
-0.144791 -0.102860 0.135297 -0.010227 0.005506 0.014324
0.103920 -0.118282 0.082757 -0.068955 -0.043574 -0.069333
0.032983 -0.031718 0.024630 -0.040473 -0.052600 0.086145
-0.025906 -0.005866 0.005003 0.006172 -0.025816 -0.041712
-0.005026 -0.029194 -0.045017 0.025346 0.026973 -0.078125
-0.030764 -0.067388 -0.084148 0.028998 -0.077677 -0.115403
0.020740 0.023093 -0.059330 -0.013625 -0.021641 0.014967
-0.090383 -0.126406 -0.095186 0.081344 0.083146 -0.050108
0.002155 -0.014707 0.023947 -0.003470 -0.077449 -0.049446
0.065354 0.084725 0.061570 0.014769 0.042418 0.016579
-0.070490 -0.002310 -0.092482 0.013185 -0.021404 0.041800
-0.125152 0.099478 -0.179793 -0.004991 -0.070180 0.001796
0.020563 0.009871 0.001474 0.088729 0.072859 -0.009076
0.003635 -0.044053 0.021543 -0.042076 -0.025157 -0.001343
0.023706 -0.023067 -0.028065 -0.007039 -0.008059 0.010449
-0.004955 -0.008422 -0.015651 -0.076849 -0.010228 0.066589
-0.144311 -0.064049 0.126309 0.041395 -0.019880 0.082464
0.163952 -0.105171 0.233149 -0.026031 0.012642 0.051133
-0.047865 0.004266 0.088992 -0.001522 -0.092329 -0.078327
