-0.043987 -0.013012 0.077985 0.032038 -0.103605 0.017993
-0.107169 0.076442 0.147490 -0.097944 0.117696 -0.102238
0.088922 0.055281 -0.064388 -0.045346 0.102466 -0.117702
-0.024535 -0.034795 0.069074 0.042045 -0.037028 0.056683
-0.083924 0.189052 0.224643 0.108759 0.072922 0.053739
-0.049302 -0.167639 -0.119305 0.085483 0.080090 -0.017240
-0.068551 0.118340 -0.160231 0.002945 0.008557 -0.010841
0.041199 0.095425 -0.119415 -0.013451 -0.013290 -0.028716
0.094519 0.022164 -0.050004 -0.117319 -0.055737 0.011598
-0.027256 0.038544 0.041368 0.004938 -0.004357 0.004452
0.100610 0.046935 0.080535 -0.012515 -0.045541 -0.024213
-0.213670 0.053756 0.001579 0.058251 0.048255 0.014637
-0.047246 0.052132 0.024847 -0.046701 -0.070095 0.074692
-0.095373 0.056442 0.035954 0.001895 0.013795 0.011799
0.016519 -0.003857 -0.024824 -0.065067 -0.035657 0.002687
-0.105586 -0.050388 -0.158583 -0.044971 -0.021084 0.045061
0.032735 0.031894 -0.026611 0.052042 0.028643 0.035456
-0.033567 -0.069372 0.039003 -0.076561 0.078576 -0.012952
0.024122 -0.018008 0.000768 0.012501 0.008942 -0.009836
-0.130846 0.012706 0.105282 0.002784 0.002533 -0.002691
-0.019642 0.060871 -0.020570 -0.000614 -0.000357 0.000666
0.221433 0.160769 -0.068941 -0.035327 -0.015389 -0.035112
-0.124979 -0.113926 -0.140815 -0.124311 0.035267 -0.084432
-0.059517 0.035247 0.042944 -0.068827 0.084460 -0.076513
-0.027915 0.055856 -0.031288 -0.008278 -0.007680 -0.022179
0.042694 0.007895 -0.006041 -0.023817 -0.024341 -0.021139
-0.004159 0.010925 0.007189 0.009959 -0.030765 0.047220
0.029531 0.053533 0.026503 0.032834 -0.013716 -0.005300
0.195662 0.099741 -0.141989 0.062509 -0.029749 -0.045792
-0.115203 -0.000259 -0.049708 -0.000602 0.001256 0.004790
0.040658 0.080345 -0.005228 0.004116 0.000849 0.005941
0.208507 -0.112904 -0.107121 0.011378 -0.013728 -0.028125
-0.014678 0.034425 -0.001848 0.014571 -0.054664 0.023841
0.150178 0.230323 0.097571 0.024091 -0.028747 0.009260
0.068932 0.113895 0.117054 0.001865 0.002821 0.008497
-0.043663 -0.074752 -0.069887 -0.027478 0.039052 -0.016363
-0.109264 0.178278 -0.155870 0.013293 0.018473 0.004183
-0.062385 -0.105453 -0.134163 0.019557 0.045684 0.014498
0.030161 0.051794 0.036545 0.054089 -0.053245 0.015591
-0.043559 -0.083004 -0.021258 0.069296 -0.011994 0.038329
