-0.198708 -0.163741 0.027616 0.096489 0.036597 0.094719
-0.022012 -0.107868 0.071925 -0.017828 -0.012974 -0.026786
-0.104420 0.076860 0.104185 0.013570 0.016033 -0.011357
0.110585 0.119195 -0.018019 0.018961 0.043140 0.014382
0.105403 -0.214925 0.123262 -0.016067 -0.112456 -0.086445
-0.078319 -0.060980 -0.096835 -0.064330 -0.033766 -0.025953
0.000694 0.103351 -0.007183 0.059974 0.069050 0.090839
0.041670 -0.033994 0.032120 -0.011634 -0.041600 -0.035407
0.030775 -0.000381 0.010558 -0.069917 0.029945 0.028680
0.021441 -0.051954 -0.117461 0.072612 0.012843 -0.003566
0.014079 0.025109 -0.088891 0.004014 0.001836 0.000910
-0.155396 -0.022020 0.044755 -0.065079 -0.039142 0.030152
-0.031030 -0.057719 -0.053322 -0.004759 0.008590 0.000030
-0.026109 0.023909 -0.001513 0.021373 0.097410 -0.085414
-0.055294 -0.144892 0.230782 0.027694 0.012546 -0.034054
-0.207232 0.054174 -0.009948 0.076194 0.009603 -0.080188
-0.035389 0.022842 -0.000932 0.052972 -0.040589 -0.022240
-0.111535 0.065195 -0.015826 0.034291 0.023190 -0.023205
-0.043002 0.002140 0.007568 0.076412 0.011123 -0.051973
-0.012398 0.003584 0.113511 -0.010349 -0.006782 0.024426
0.000989 0.001157 0.090034 0.059158 0.095134 -0.138954
-0.008294 0.106070 -0.026402 0.037230 0.047933 0.041646
0.123085 0.108044 0.193388 0.032291 0.023343 0.036753
0.018674 0.116492 0.001603 0.073512 0.080096 -0.003977
0.004513 -0.056317 0.025989 -0.005368 0.003103 0.022824
0.022022 0.010975 0.018861 -0.015039 -0.046407 0.027406
-0.192722 0.183922 0.088292 0.098291 0.090476 0.049441
-0.068741 0.156694 0.095947 -0.025478 0.029489 0.014972
0.036206 0.038715 -0.056590 -0.089792 0.109898 -0.092677
0.124979 -0.105602 0.013649 -0.031729 0.027568 -0.041591
0.025579 -0.033664 0.045305 0.032172 -0.067134 0.077068
0.013089 0.134365 -0.228459 0.079975 -0.022018 0.073856
0.015604 0.011502 0.129189 -0.004309 0.011470 -0.013059
-0.085218 0.135615 0.127171 0.063124 -0.014185 -0.043866
-0.070396 0.089446 -0.008671 0.075271 0.025852 0.068709
0.059752 0.002313 0.153652 -0.025039 -0.018793 -0.012910
-0.017853 -0.094217 0.004310 -0.005126 0.009207 0.025855
0.104506 -0.029561 -0.071699 0.027979 -0.058506 -0.030890
0.043402 0.032631 -0.048147 0.006001 0.017187 0.010331
0.010073 0.010455 -0.001302 0.036726 0.014741 -0.096035
