-0.118874 0.134693 0.152150 -0.024927 0.005945 0.020717
0.128254 0.072609 -0.069221 -0.078706 0.011036 -0.057766
-0.033350 0.072786 -0.027178 0.011340 0.003080 -0.053092
0.002751 -0.101647 -0.089109 -0.020697 -0.015351 -0.006296
0.082337 0.088187 -0.012042 -0.086288 -0.027512 -0.044444
0.104279 -0.186902 -0.219923 -0.090459 -0.072799 -0.052894
-0.105398 0.051788 -0.104490 0.044418 0.012309 -0.032125
0.033915 -0.003038 -0.021859 0.023482 -0.006550 -0.008952
0.206767 0.140779 -0.176934 0.005487 0.000385 0.003739
-0.201744 0.110734 0.123913 -0.005743 -0.004896 0.030456
-0.073475 0.023512 0.016160 -0.000848 0.001795 0.002334
0.089189 0.037106 0.175631 -0.069381 -0.003054 -0.074155
0.161187 0.075539 0.169193 0.005827 -0.015135 0.000238
0.031068 -0.037110 -0.015786 -0.043358 0.035122 0.026228
0.085267 -0.122987 -0.081699 0.012305 0.010413 -0.002646
-0.075829 -0.007715 -0.009164 -0.105479 -0.093660 -0.095125
-0.082574 0.035538 0.029987 0.055145 -0.059850 -0.058646
0.135460 0.014765 0.036187 0.044970 -0.075435 0.079262
0.076738 0.078070 -0.060827 -0.111407 -0.096790 -0.021488
0.019354 -0.076845 -0.073796 -0.022384 0.106901 -0.007861
0.106553 -0.110205 0.005885 0.026501 0.031331 -0.070290
-0.017780 0.066737 -0.056231 0.020590 -0.035005 -0.032224
-0.094342 0.247043 -0.163091 0.016227 0.010996 0.004384
-0.088889 0.034861 0.012952 0.075806 0.006965 -0.034036
-0.124191 0.102668 -0.125760 0.103941 -0.079643 0.006070
0.050522 0.051415 -0.072826 0.042882 0.012485 0.008114
0.033521 0.026957 -0.124481 -0.019353 0.011640 -0.009085
0.006384 0.031659 0.006942 -0.044593 0.058734 0.075156
0.043201 0.056511 0.171529 0.095539 0.017176 0.019205
0.075848 0.012407 -0.076400 -0.039752 0.048288 -0.008622
0.022650 0.124691 -0.112104 -0.031967 0.028072 0.057590
0.063365 0.039928 -0.073997 -0.030513 -0.013364 0.003736
-0.034070 -0.147532 -0.169796 -0.112581 -0.107995 0.038957
0.130334 -0.097658 0.079439 -0.072341 0.003848 0.015748
0.167809 -0.146725 0.036027 0.032108 -0.023028 -0.019217
-0.110716 -0.046675 0.076601 -0.014981 -0.031527 -0.008035
-0.111485 0.035504 0.145681 0.007247 0.082341 -0.075711
0.145870 -0.114428 -0.174125 -0.000818 0.070859 -0.019460
-0.024252 0.033240 0.041204 -0.002390 0.001020 0.004334
-0.026522 0.076859 0.049463 -0.104061 0.077462 -0.079458
0.084216 0.015029 0.137868 -0.016375 -0.095561 -0.070244
