0.145586 0.047732 -0.169250 0.020099 -0.023453 -0.049344
0.069799 0.045844 -0.036193 0.052870 0.025031 0.010936
0.020754 -0.036069 0.007545 -0.046366 0.015953 0.041458
-0.120710 0.024635 0.108685 -0.049353 0.083882 -0.053560
-0.004834 -0.007811 -0.009779 0.045705 -0.018358 0.008476
-0.196108 0.172981 0.101410 -0.019903 0.014604 0.016443
-0.016388 0.029255 0.080051 0.129668 0.055468 0.031911
0.089517 -0.101340 -0.018031 -0.044663 0.008097 -0.011410
0.000207 0.042997 -0.012229 0.083758 -0.083706 0.005082
-0.052628 -0.038988 -0.042688 -0.058732 -0.129166 -0.100904
-0.009186 0.012333 0.023798 -0.017092 -0.002408 0.018698
-0.006394 0.001387 0.015978 0.043122 -0.016840 -0.080049
0.027796 0.027408 0.049254 -0.089246 -0.046502 -0.041015
-0.192378 -0.169370 -0.192645 -0.007505 0.000618 0.000992
0.019596 -0.022273 -0.025409 -0.003549 -0.046756 -0.053808
-0.024527 -0.024823 0.036102 -0.078278 -0.056121 0.117853
-0.060377 -0.080938 0.143626 -0.025718 0.040598 0.060419
0.003814 -0.026428 -0.066938 0.042477 -0.067320 -0.081916
0.033440 0.113894 -0.061200 0.013530 -0.043501 0.008994
0.103744 -0.082121 -0.032169 0.035885 -0.001921 -0.043175
0.012016 -0.200312 0.037830 0.013135 0.015673 -0.016189
-0.015669 -0.014991 0.011858 0.020357 -0.045172 -0.006773
-0.026515 0.051245 0.070363 0.060032 -0.026611 0.064915
0.027589 -0.027849 0.011713 -0.004611 0.001055 -0.001194
0.103494 -0.050261 0.061248 0.098136 -0.023596 -0.034888
-0.053726 0.027922 0.040703 0.061161 -0.066865 -0.006492
-0.029030 0.004924 0.028694 0.013305 0.084952 -0.073796
-0.252237 0.202618 -0.045861 -0.001476 0.004095 0.010644
0.004477 -0.034629 0.017470 0.097052 0.035558 -0.035111
-0.066691 0.016707 -0.003508 0.066213 -0.069907 0.001438
-0.024025 -0.077289 -0.050380 -0.066963 -0.113116 0.093785
0.228973 0.198337 0.127478 0.001123 0.000702 0.000583
0.035334 -0.010366 0.076061 -0.000189 0.000278 -0.000015
0.235512 -0.219775 0.103501 0.022415 0.020401 -0.012261
-0.045978 -0.037958 0.000617 0.037968 0.035972 0.048163
-0.046086 0.100797 -0.090281 -0.067480 0.053232 0.102292
-0.110407 -0.152636 0.156658 -0.027182 0.000169 0.006161
-0.024316 -0.019031 -0.028029 -0.027623 0.034699 -0.019660
-0.017058 0.042627 0.047469 -0.000233 -0.000539 -0.000722
-0.031758 0.053899 0.027794 0.000463 0.007100 0.000223
-0.129965 -0.086697 -0.067827 -0.013724 -0.014579 0.037160
