0.087628 0.092316 -0.005464 0.052477 0.028641 0.039262
-0.157996 -0.154098 0.058765 -0.098103 -0.052857 0.067231
-0.067858 0.013248 -0.145450 0.017337 0.088304 0.049904
0.027827 -0.017358 -0.093485 0.024922 0.068875 0.045704
-0.008248 -0.018367 0.009592 0.024273 0.056716 0.022017
-0.173745 -0.001131 0.143463 0.041367 -0.059233 0.011992
-0.038739 -0.046188 -0.017065 0.001545 0.007929 -0.129537
-0.007254 -0.137201 -0.147581 -0.006506 0.004189 0.007802
0.135754 -0.168879 -0.057787 -0.017058 0.045877 0.023006
-0.019478 0.012813 0.032147 0.060085 -0.088243 -0.038779
-0.053398 0.012700 -0.058211 0.005631 0.025183 0.020695
-0.122618 -0.069369 -0.119840 -0.083453 -0.071323 -0.060536
0.032273 0.114220 -0.055256 -0.014058 0.003568 -0.034751
0.057522 -0.025551 0.063966 0.045190 0.045641 0.019408
0.145717 0.126414 -0.173300 -0.070211 0.011764 0.052117
0.090649 -0.009877 -0.061929 0.001961 0.003594 -0.078088
0.070324 -0.103070 0.018827 -0.003397 -0.128327 -0.064119
0.000094 0.009462 0.039463 -0.029925 0.031214 -0.062647
-0.070125 -0.070187 0.009954 0.023611 0.083316 -0.038141
0.025621 -0.080709 0.060304 0.003641 -0.009309 0.002461
-0.048681 -0.155695 -0.030507 0.002098 0.002967 -0.004159
-0.106056 0.062677 -0.113376 0.002093 -0.009107 0.011653
0.010090 -0.016085 0.014240 0.000038 -0.000852 -0.001109
0.117448 -0.017654 0.088520 0.055885 -0.032829 -0.001999
0.157648 0.195496 0.175813 -0.003329 -0.030878 0.053244
-0.012525 -0.069437 0.035212 -0.004514 0.002910 -0.003921
-0.002089 -0.012896 0.038831 -0.008773 -0.012949 0.010483
0.036709 -0.049285 -0.006175 -0.004683 -0.007198 -0.003537
-0.036362 0.048835 -0.053273 0.064453 -0.019189 -0.028401
0.004793 0.022918 -0.035380 0.072382 0.052227 0.085330
0.100502 0.095467 0.042764 -0.021103 -0.057319 0.069640
0.009953 -0.149872 0.070136 -0.010581 0.034061 0.079536
0.118823 0.046923 -0.069879 -0.004258 -0.018467 0.008291
0.035774 -0.069883 -0.196613 0.028197 -0.043645 0.012434
0.012069 0.146073 -0.077815 -0.000962 -0.001126 0.001154
-0.091450 -0.117028 -0.053772 -0.030188 0.010843 0.002320
0.028633 0.012071 0.009348 -0.045983 0.025974 0.054741
0.199862 0.106016 -0.047509 0.001463 -0.009401 -0.003971
-0.026944 0.023671 -0.011325 0.048179 0.001576 -0.011804
0.222607 0.074077 -0.098743 0.048392 -0.041251 -0.092783
