-0.012006 0.025025 0.022667 -0.000397 0.011350 0.010218
0.014038 -0.113953 -0.130622 -0.070667 -0.048870 -0.071381
-0.018818 0.032780 -0.009505 0.033457 0.002889 -0.013529
-0.058000 -0.017002 0.069244 0.066263 -0.036633 -0.051700
-0.103085 -0.096796 0.078404 -0.073161 -0.056772 0.103832
0.101225 -0.097863 -0.092011 -0.037839 -0.022957 0.040943
-0.021907 0.069854 -0.039764 -0.078523 -0.063357 0.070598
0.013477 0.128679 -0.055803 -0.038021 -0.055981 -0.015839
-0.064203 -0.140529 0.008038 -0.003994 0.005919 0.013187
0.112728 0.049386 0.084891 -0.050306 0.062868 -0.072409
-0.008684 -0.020821 -0.023418 0.029132 -0.023850 -0.036854
0.084879 -0.019514 -0.127121 0.063366 -0.057222 0.006297
-0.030592 0.034094 0.084939 0.008273 0.010494 -0.009799
-0.037149 -0.177882 -0.150434 -0.003409 0.083144 -0.079397
-0.198553 0.101724 0.186016 0.021431 -0.079956 0.013309
0.037990 0.044292 0.083689 -0.030647 0.018321 -0.008766
0.101144 0.088335 0.082723 0.089549 -0.006924 -0.017058
0.064418 0.122881 -0.163352 -0.013013 -0.087153 -0.037556
-0.155143 0.064464 0.037302 -0.000994 -0.089853 0.087274
-0.042850 -0.035508 -0.038802 -0.029700 -0.018385 -0.006014
0.065958 0.054296 -0.043712 -0.010870 -0.000568 -0.006863
0.002985 -0.004550 0.017198 -0.039308 0.001556 0.041774
-0.194241 -0.156454 -0.178549 0.013353 0.065198 0.004154
0.136755 -0.117465 0.139958 -0.013263 0.032357 -0.023162
0.032167 -0.046514 -0.025635 -0.129905 0.030507 0.073211
-0.072364 0.078889 -0.071711 -0.016094 0.009274 -0.009873
0.057428 0.012089 -0.135141 -0.002565 -0.005762 -0.005095
-0.021696 -0.023931 0.018085 -0.039420 0.012353 -0.012129
0.040826 -0.004737 -0.112190 0.107119 0.027442 -0.117131
-0.197740 -0.070627 -0.152743 -0.028561 -0.025415 0.018320
-0.141554 -0.135733 -0.092958 -0.088239 -0.072204 0.027609
-0.147916 0.047431 0.056932 -0.080934 -0.059753 0.094661
0.067722 -0.167259 0.103894 -0.030768 -0.017911 0.048907
0.044382 0.116401 -0.055949 0.028858 0.087830 -0.100670
0.118889 -0.234804 0.084326 0.045967 -0.023454 -0.075895
0.124643 0.066076 -0.148165 -0.014004 -0.035122 0.027185
-0.053816 -0.023807 0.100444 -0.013774 -0.059145 0.049503
-0.040740 0.015485 -0.037795 0.093361 0.059885 0.146477
-0.033752 -0.004229 -0.122002 0.099961 0.114852 0.107338
-0.063558 0.075594 0.076937 0.031656 0.008925 -0.001721
