0.108527 0.014763 -0.122852 0.095217 -0.089348 -0.004328
0.070710 -0.151823 -0.186805 -0.003765 -0.008628 0.002070
0.003645 -0.019704 0.017091 -0.048479 0.022160 -0.040918
0.191849 -0.222478 0.241283 0.029672 -0.000125 -0.133409
-0.115134 -0.041030 0.134590 0.087911 0.081940 -0.098479
-0.052499 -0.063346 -0.029405 0.016461 -0.024540 0.033494
0.053094 -0.005882 0.123747 -0.036210 0.052173 -0.053017
0.103971 -0.219741 -0.173352 -0.051251 0.035489 0.029454
0.011158 -0.005425 -0.043031 -0.023273 0.035803 0.009229
0.051369 0.065553 -0.090666 0.072079 -0.082008 0.039633
-0.029856 0.053584 0.054234 0.029370 0.070971 0.118489
-0.013353 0.074822 0.053183 0.075799 0.108596 -0.045681
-0.031520 -0.032087 0.001124 -0.036625 0.007899 -0.000084
0.023643 -0.049235 -0.035568 -0.017238 -0.102988 -0.002774
-0.241171 0.047802 0.182926 0.002633 0.020164 0.020323
0.188190 -0.172945 0.164013 0.002986 0.009409 -0.002627
-0.058471 -0.128572 0.093688 0.039029 -0.048696 -0.005516
0.214355 -0.013094 -0.073275 -0.032192 0.040354 -0.023399
0.011484 0.043130 0.042509 -0.083114 -0.018869 -0.001601
-0.096644 0.006394 0.052819 0.073164 0.061044 -0.092712
0.010963 0.015735 0.017220 -0.043499 -0.049144 -0.005445
0.062051 0.126704 -0.118768 0.020568 -0.004782 0.049203
0.171260 -0.053168 -0.168676 0.007591 0.071842 -0.038624
0.120636 -0.115586 -0.179614 0.079730 0.065145 -0.003022
-0.011228 0.127424 -0.100247 -0.000670 0.004568 0.001463
0.048311 -0.172989 0.091132 -0.099649 -0.042144 -0.084348
0.139583 -0.033537 -0.183423 0.014410 0.065338 -0.056480
-0.151561 -0.124605 -0.075750 0.039328 -0.079688 0.033473
-0.045043 0.041426 0.021223 -0.098195 -0.039883 -0.004138
-0.114482 0.018193 -0.132600 -0.024177 0.068019 -0.043679
0.079122 -0.007649 0.103309 0.027038 0.032916 0.019397
0.053335 -0.039154 0.052848 -0.055026 -0.029790 -0.011782
-0.144632 -0.156833 0.113392 0.002951 0.016313 0.035849
-0.125583 -0.179265 -0.159080 0.004509 -0.016271 -0.028274
-0.121962 -0.186959 0.027166 0.058428 0.003427 -0.069861
-0.090479 -0.029478 0.066481 -0.008635 0.012948 -0.000327
-0.161512 0.142425 0.207341 0.075314 -0.029897 0.018673
-0.019882 -0.015732 -0.124144 0.021131 -0.017675 0.001775
0.236895 0.204508 -0.027364 -0.099309 -0.111531 -0.130578
0.011158 -0.016504 -0.012684 0.004343 -0.001676 0.003158
