0.029456 0.053380 -0.035688 0.007184 -0.025563 -0.013979
-0.023258 0.104214 -0.009323 -0.001083 0.007208 0.001052
-0.118416 -0.074854 -0.127093 0.065604 0.056843 0.084159
-0.026305 0.074776 -0.018058 0.027388 0.003390 -0.042235
-0.030484 0.013346 -0.013177 0.090195 0.105725 0.113666
-0.042325 -0.075487 0.029406 -0.074159 0.007901 -0.046918
-0.006303 -0.014866 -0.026241 -0.035361 -0.047870 -0.020652
0.046928 -0.068688 -0.010373 0.071800 0.045388 -0.060853
-0.006007 0.027643 0.016449 -0.027577 0.057144 0.076258
0.028139 -0.000412 -0.042548 0.078947 -0.055423 -0.042559
0.003453 -0.040513 0.001127 0.006788 0.002780 -0.006741
0.164694 -0.024129 0.160311 -0.085686 0.008333 0.098488
-0.099961 0.126119 0.060266 -0.052426 -0.017968 0.042798
-0.112848 -0.255654 -0.116521 -0.008886 -0.005209 0.002512
0.086009 0.176425 -0.146941 -0.011082 0.016465 -0.004810
-0.057765 0.045695 -0.031981 0.054220 -0.022091 -0.014010
-0.077488 -0.030584 0.028964 0.102167 -0.089706 -0.084944
-0.147365 -0.056285 0.088988 -0.003512 0.002157 -0.002540
0.039280 -0.035238 0.076712 0.028997 -0.044582 0.035845
0.025556 0.076019 -0.013698 -0.114595 0.004579 0.059436
-0.042584 0.097125 -0.104841 0.019369 -0.038100 -0.033646
0.021302 -0.026679 -0.019222 0.024619 -0.080075 -0.088795
0.111806 -0.133496 -0.019679 0.001135 -0.083337 0.026968
-0.063405 0.136915 -0.141508 -0.071220 0.046886 0.053402
-0.022959 -0.046727 0.087166 0.092618 -0.079720 0.002443
0.111416 0.002928 0.056960 0.045512 -0.012667 0.018414
0.018463 -0.015875 0.000347 0.040692 0.002351 -0.026799
0.089331 -0.025601 -0.072503 0.013731 0.014059 -0.044822
0.015963 0.017076 0.010631 -0.022231 -0.051997 -0.051685
0.196165 -0.022381 -0.181130 0.069028 0.072546 -0.078808
-0.215650 0.101321 -0.068304 -0.044097 -0.040956 0.015396
0.032982 0.003765 0.021878 0.059123 -0.011693 -0.024189
0.002943 -0.010492 -0.017556 -0.111366 -0.005962 0.077645
-0.030755 -0.035018 -0.007375 0.047491 -0.039936 -0.042028
-0.182395 -0.209835 0.104672 0.042998 0.059095 0.124403
-0.072640 0.000186 -0.042375 0.014192 0.042824 0.059913
-0.020142 -0.008174 -0.017179 -0.000863 -0.011013 0.028519
0.018349 0.095604 -0.024184 0.008813 0.135759 0.075616
0.032981 0.132066 0.101105 0.003882 -0.025627 0.017912
