0.116802 -0.096731 0.036832 0.031412 -0.024713 -0.006121
-0.101688 0.169911 0.164102 0.045537 -0.080524 -0.000771
0.115782 -0.059575 0.182187 -0.031044 -0.039697 0.010715
-0.006579 0.018262 0.013016 0.009740 0.020701 0.032269
-0.138364 -0.106107 -0.013576 0.014013 0.000984 -0.025581
-0.063214 -0.019859 0.041694 -0.002284 -0.006472 -0.006960
0.105370 -0.009217 -0.027906 -0.023427 0.021535 0.011852
-0.069164 0.027840 0.013124 0.103861 0.075070 0.083479
0.033232 -0.065864 0.003803 0.030063 0.070021 0.047018
-0.032553 -0.041564 0.036605 -0.002975 -0.002969 0.003023
-0.015381 -0.011225 0.013830 0.036005 -0.014952 -0.033354
-0.060799 0.062633 -0.033932 -0.055418 -0.062862 -0.029816
-0.079276 -0.007489 -0.071336 0.002801 0.000582 0.012274
0.007159 0.019423 -0.020681 0.009937 0.023264 0.066664
-0.120646 -0.030965 0.005866 0.015425 -0.006367 0.032346
0.064901 0.058881 -0.040563 0.030203 0.037387 -0.023915
0.068226 0.060512 -0.080098 -0.033543 -0.012139 0.026371
0.116824 0.181929 -0.044179 -0.003032 -0.005540 -0.004433
0.222063 0.244071 0.064614 0.051007 0.053414 -0.065080
0.004282 0.164430 0.136970 -0.038937 0.102919 0.024439
0.046628 -0.031422 0.016712 0.089629 -0.109659 0.084928
0.139198 -0.148440 0.038792 -0.072500 -0.085929 -0.042591
-0.069108 -0.091701 0.124998 -0.053719 0.025148 0.056443
-0.149355 -0.168633 0.153432 -0.089738 0.060815 -0.086462
0.038137 0.014490 0.046620 0.024266 -0.004334 0.003256
0.007686 -0.081109 -0.037548 -0.101216 0.045715 0.053214
0.011536 -0.058908 -0.055915 -0.027541 -0.037815 0.068905
-0.077768 0.024559 0.143226 0.012167 -0.010414 0.006248
-0.114043 -0.203983 -0.217321 -0.016451 -0.049521 -0.002938
-0.002544 -0.094834 -0.033296 -0.119862 -0.068965 -0.004996
-0.151193 0.105592 -0.078189 -0.030656 0.027418 -0.013548
-0.148485 0.067113 -0.008247 -0.000685 0.000128 0.000201
0.075637 0.006548 0.050154 -0.042389 -0.107865 0.069640
0.051802 -0.086742 0.123923 -0.032117 -0.036285 0.082018
0.025747 -0.021056 0.020120 -0.051074 0.052710 0.000833
0.108256 0.088402 0.101434 -0.012140 -0.023398 0.041394
-0.017858 -0.007678 0.006989 0.013621 0.021350 -0.113723
-0.028392 -0.039287 0.157028 0.097752 -0.009874 0.058966
-0.012262 -0.010495 0.003284 0.009737 0.003340 0.008327
-0.084408 -0.104647 -0.147276 -0.050984 0.039541 0.048582
