-0.065024 -0.046199 0.154841 -0.027375 -0.107179 0.070405
-0.158104 0.013988 0.186545 0.067324 0.098147 -0.027913
-0.076961 0.164555 0.152309 -0.000720 0.006296 0.040882
0.242912 -0.024915 0.236200 0.017939 -0.015527 -0.016949
-0.104424 -0.082037 0.090647 -0.007023 -0.003834 0.006737
0.051638 0.134757 0.232301 0.031272 0.074198 0.058293
-0.077872 0.066021 0.041619 -0.004527 -0.097136 0.140628
0.127721 0.114794 -0.090560 0.049427 0.026425 -0.032059
-0.020369 0.020627 -0.014696 0.056056 0.006467 0.048153
0.047117 -0.070208 -0.012750 0.007849 0.010510 -0.018532
0.001203 0.019637 0.009174 -0.053881 0.059029 -0.020990
0.032561 -0.011506 0.025307 -0.105217 0.112739 -0.003861
0.249847 -0.163366 -0.013784 0.000888 -0.000773 0.000394
-0.075295 0.173074 0.168855 -0.008691 -0.008434 -0.005703
-0.005952 -0.075664 -0.134870 -0.053989 0.068221 -0.022694
0.159372 -0.015338 0.209769 0.072136 0.012514 -0.016337
0.027579 0.042332 0.038251 -0.041414 -0.063895 -0.020495
-0.081540 0.036727 -0.052030 -0.081436 -0.018535 -0.000754
0.079009 -0.014158 0.013632 -0.003992 -0.029452 0.045380
-0.118544 -0.153187 0.064546 0.011820 -0.005409 -0.010200
0.047047 0.017586 0.137504 0.003418 0.003952 -0.004573
-0.038005 0.032308 -0.050126 -0.025844 -0.011343 -0.045661
0.021297 -0.023466 0.071984 0.056700 -0.011200 0.055472
0.211497 0.210056 0.010880 0.003068 -0.008009 -0.026732
0.063001 -0.106745 -0.062670 -0.017744 0.018137 0.025019
0.009787 0.000305 -0.042991 -0.001907 0.032339 -0.023756
-0.098465 -0.103903 -0.220409 0.014446 0.049994 -0.007746
0.021206 0.151579 0.090246 0.009018 -0.000297 -0.007298
-0.048139 -0.093036 -0.081740 -0.076481 0.047133 -0.052164
0.002137 0.079249 -0.046653 0.021541 0.104564 0.036723
-0.026923 -0.026394 -0.004283 -0.003781 0.009572 -0.021245
-0.035707 -0.033180 0.037013 -0.042875 -0.035618 -0.041411
-0.088501 -0.033470 -0.049650 0.020980 0.023740 -0.045563
-0.076812 -0.015414 0.026765 -0.046049 0.027213 -0.025438
-0.096190 -0.010096 -0.001133 -0.016054 -0.076846 -0.057170
-0.041613 0.030377 0.033766 0.039234 -0.088647 -0.055792
0.083684 -0.040307 0.064139 0.020132 -0.015393 -0.011367
-0.133291 -0.035194 -0.028934 -0.027995 0.043732 -0.058294
-0.071483 0.085015 -0.092233 0.006697 0.033042 -0.004288
-0.027644 -0.068869 -0.223976 0.039496 -0.104675 0.061011
