0.032500 -0.000219 0.062459 0.119531 -0.050984 0.110186
0.026166 0.061633 0.152460 -0.094362 -0.001157 -0.077035
0.182947 -0.075787 0.116443 0.127313 0.083320 0.050768
-0.073809 -0.053369 0.072671 0.030740 -0.034442 -0.011852
0.051036 -0.147112 -0.085973 0.089912 -0.043684 -0.053288
-0.053800 0.015191 -0.004139 0.035881 -0.026897 0.028061
-0.034938 -0.046205 -0.058328 0.042766 -0.042894 -0.037144
0.062221 0.024723 0.075771 -0.041003 0.124832 -0.082195
0.027868 0.047496 0.036940 -0.049219 -0.059085 0.035034
0.028275 -0.015431 0.063573 -0.007739 0.016771 0.025049
-0.014119 -0.010374 -0.018912 0.068048 -0.056343 -0.017211
-0.019298 0.056575 -0.018304 -0.007289 -0.009014 -0.011323
-0.092635 0.000548 -0.023416 0.033199 0.008667 -0.044122
0.052260 -0.091658 0.052330 -0.017486 -0.015547 -0.002826
-0.015739 -0.040972 -0.028626 -0.039308 0.073078 -0.119821
0.161220 -0.074993 0.144800 -0.076859 -0.021449 0.010171
0.003741 -0.016768 0.043166 -0.005150 0.056632 -0.048576
0.036496 0.092172 -0.112161 0.007782 -0.105602 -0.002241
-0.046841 -0.036590 -0.060953 -0.002245 -0.041440 0.028609
0.011621 0.045491 -0.041123 -0.005308 -0.005411 -0.004777
0.001067 -0.147268 -0.114685 -0.037453 -0.019626 -0.033080
0.109179 0.062147 -0.072111 0.000429 0.088823 0.046744
0.010426 -0.014452 -0.002022 -0.008367 0.013668 0.048902
-0.047677 -0.049502 0.046592 0.059707 0.083609 -0.064037
-0.023805 -0.000150 -0.007666 -0.078838 0.098544 -0.009606
-0.121936 0.031748 0.033491 0.077569 -0.115368 0.064661
-0.061844 0.017652 -0.102609 -0.012709 0.012599 -0.004139
0.043254 0.188682 0.028645 0.001924 0.005286 0.002189
-0.194322 -0.148644 0.051436 -0.044914 -0.039728 0.062366
0.034544 -0.020405 -0.027436 -0.004085 -0.010443 0.035573
0.042522 -0.002043 -0.058966 -0.061042 -0.022670 0.058791
0.015394 0.012199 0.022797 -0.005160 0.024143 0.008024
-0.212844 0.112322 0.008004 0.012205 -0.069189 0.096977
0.045008 -0.054776 -0.035099 0.000182 -0.094815 -0.034284
-0.032810 -0.030482 0.040976 -0.074153 -0.011252 0.060984
0.055383 -0.026006 0.083061 -0.043273 0.012781 -0.053452
0.182107 0.077812 0.006741 0.007898 0.003686 0.011979
-0.208728 0.133268 0.154638 0.072985 0.055715 -0.041300
0.071501 -0.001629 -0.010937 0.130831 0.003896 0.095676
0.083710 0.012194 -0.056357 0.089707 0.036973 0.078788
