0.010147 0.043415 0.021907 -0.016276 -0.013430 0.032219
0.032704 -0.106363 -0.018946 0.014837 -0.107088 -0.109382
0.048314 0.021390 -0.038420 -0.027769 -0.025028 -0.019697
0.048359 0.032625 -0.033525 -0.073374 0.098760 -0.059572
0.008608 0.041706 0.050462 0.056015 -0.015377 -0.047415
-0.002695 -0.000573 0.011130 -0.048699 -0.058048 -0.090682
0.001375 -0.047621 0.074625 -0.031385 0.002292 -0.024929
0.111238 -0.063629 -0.139685 -0.027761 -0.030506 -0.053590
-0.099772 -0.149489 -0.033260 -0.006455 -0.097414 -0.046268
-0.124148 -0.105614 0.044060 0.084123 0.083216 0.008350
-0.028751 -0.033972 0.039046 0.017375 0.056782 0.063250
0.036433 0.084431 -0.015183 -0.013669 0.004444 -0.006498
-0.010417 -0.174055 -0.179974 -0.027714 0.032848 0.034301
-0.041664 0.032522 0.030740 0.005336 0.085082 0.029632
0.043296 0.066940 -0.018718 0.087711 0.060285 0.066562
-0.160332 0.170407 -0.055145 0.008795 0.014457 0.031160
-0.039057 -0.138584 0.150832 0.014144 -0.025994 0.012681
0.097171 -0.061311 0.109728 0.030557 0.023089 0.016096
0.050323 0.022065 -0.037381 -0.032025 0.078964 0.012299
-0.066482 0.014038 0.043773 -0.023167 -0.002123 0.030725
-0.026878 0.030915 0.025420 -0.094073 -0.022929 0.073441
0.003430 -0.199480 -0.155988 -0.012638 -0.019958 -0.011326
0.179277 0.024312 -0.041638 0.018794 -0.041305 0.010952
-0.079831 -0.057925 0.103882 0.038319 0.035655 -0.002478
0.032484 0.005387 0.052062 0.018196 -0.002205 0.028978
-0.152354 -0.088104 0.092559 0.006316 -0.007172 -0.002822
-0.070820 0.082356 0.060262 0.067149 -0.009669 -0.023676
0.019253 -0.091347 0.086462 -0.001623 -0.004222 -0.006303
-0.020807 -0.009098 0.047814 0.012436 0.042937 0.007844
-0.052317 0.226667 -0.024712 0.009657 0.012328 -0.008742
-0.095819 -0.036060 -0.149105 -0.014791 -0.004574 0.006454
0.011046 0.008597 0.003291 -0.009737 -0.038593 -0.056075
-0.222858 0.082017 0.144541 0.008713 0.079915 0.013927
0.183796 -0.090168 0.086133 0.054258 -0.023927 0.051353
0.086274 -0.023316 0.016594 -0.001792 0.002275 0.000233
0.164610 0.021624 -0.076899 0.013187 0.013153 -0.005623
0.063705 0.011089 -0.055461 -0.004688 -0.018664 0.016164
-0.008164 0.046869 0.079655 -0.054873 -0.023672 -0.069614
-0.024329 0.071521 0.088943 0.036148 0.043025 0.008012
0.118965 0.099515 -0.170884 0.008555 -0.085978 -0.092638
