0.014189 -0.040570 0.199262 -0.088380 0.103761 0.042200
-0.066051 0.023551 -0.055506 -0.119849 -0.008302 -0.021919
-0.026323 -0.141316 -0.032999 0.000484 -0.003533 -0.015533
-0.041047 0.135343 -0.011721 0.026724 0.044318 -0.040859
0.009351 0.043923 0.018987 0.022068 -0.021243 -0.005241
0.022570 -0.001925 -0.040939 0.004702 -0.017752 0.016015
0.034853 -0.034865 -0.028310 -0.029723 0.031279 -0.053373
0.140676 -0.138909 0.155869 0.000710 -0.002047 0.001209
-0.012145 0.061872 -0.110423 0.059026 0.075001 -0.062948
-0.101618 -0.072221 -0.069887 0.052711 0.006331 -0.119810
-0.026896 0.009548 -0.024109 0.012546 0.033065 0.057988
-0.011512 0.030514 -0.005935 0.052004 -0.056285 -0.014342
0.009603 -0.000034 -0.050174 -0.022999 0.027508 -0.041097
-0.046090 -0.065211 -0.081963 -0.053918 -0.037845 0.053037
-0.113041 0.009786 -0.086426 -0.060969 0.066390 0.098636
-0.038747 0.004194 0.021254 -0.019273 -0.102613 -0.103356
0.109231 0.153135 -0.212448 0.025597 -0.119930 0.088912
-0.055181 0.163854 -0.174260 -0.027683 0.012240 -0.038443
0.108127 -0.241832 0.130997 -0.023137 -0.034039 0.041529
0.014215 0.001370 0.000138 0.009513 0.058548 -0.075440
-0.121418 0.189476 -0.146720 -0.067980 0.075699 -0.052170
0.097027 -0.096991 -0.085079 -0.033925 0.082644 -0.130551
-0.048241 0.078389 -0.073061 -0.053515 -0.015262 -0.069972
0.217816 0.079330 0.192112 -0.002300 0.030886 -0.033907
-0.211720 -0.105471 -0.143753 0.048312 -0.048206 0.025898
0.044508 -0.071875 0.012633 0.031948 -0.038882 -0.030515
0.009118 0.072361 -0.038258 0.035661 0.023346 -0.017018
0.118870 -0.016477 0.004743 0.086315 0.077453 -0.032025
-0.144738 0.199999 0.054500 0.008340 -0.012820 -0.003780
0.189284 -0.084731 -0.078313 -0.004219 0.003251 -0.003941
0.123934 0.144098 0.028070 -0.083891 -0.005381 -0.006194
0.240336 -0.213843 -0.086242 -0.006503 -0.012910 -0.019404
0.029407 0.037894 0.040832 0.006056 -0.002963 -0.000023
-0.048918 0.224650 0.079926 0.088604 0.072488 0.150302
-0.001129 -0.055177 -0.015859 0.034587 -0.026922 -0.065256
0.000197 -0.053645 0.068068 0.022358 -0.028276 0.032280
0.180123 0.048855 -0.094500 0.023851 -0.040577 -0.012757
0.115430 -0.172586 0.180083 -0.005745 0.005259 0.007266
-0.013087 -0.041915 0.001063 0.033110 -0.034553 -0.014544
-0.075897 0.089218 0.086142 -0.032191 0.031745 0.039208
