-0.009106 -0.002596 0.002365 -0.012507 0.009455 0.012599
0.051713 -0.127330 -0.035008 0.052110 -0.084915 -0.006011
-0.110276 -0.061465 -0.153806 -0.025245 -0.034589 0.024894
-0.135773 -0.181588 -0.182487 0.011510 0.019079 0.016561
-0.003729 -0.048134 -0.053982 -0.024689 0.062080 -0.063563
0.176254 -0.180915 0.175894 -0.005436 -0.000822 -0.003107
0.006653 -0.014061 0.074350 0.091630 -0.085209 0.093802
-0.133920 0.082165 0.114474 -0.026587 0.018057 0.118927
0.178899 -0.209421 0.010627 -0.026384 -0.020725 0.031067
-0.005761 -0.033647 0.030972 -0.000976 0.000521 0.002572
-0.003938 0.015126 -0.012042 0.000673 0.009693 -0.006204
-0.097956 0.083044 0.028222 0.031347 0.009141 -0.053221
0.014919 0.011105 0.020837 -0.006569 0.024438 -0.039065
-0.146566 0.044927 0.147680 0.100735 -0.084117 0.066096
-0.095300 -0.131415 0.206943 0.013500 -0.084700 0.096939
-0.191778 -0.166326 -0.193764 -0.006774 -0.004297 -0.008097
0.035278 0.034580 -0.125142 -0.056236 0.028693 -0.026507
0.066387 0.031082 0.036725 0.009635 0.007751 0.008601
-0.152269 -0.142242 -0.127855 0.025167 0.037341 -0.077020
-0.050350 -0.109030 0.062157 -0.003651 -0.056059 0.097232
-0.003324 -0.009657 0.021277 0.018887 0.001101 -0.044790
0.022234 0.021758 -0.094592 -0.068703 -0.067576 0.054175
-0.019996 -0.057325 -0.041626 0.042827 -0.059787 -0.061390
0.228558 -0.150043 0.126166 0.008017 0.002738 -0.007300
0.056538 0.053730 0.067357 -0.016086 0.094058 0.075195
0.099368 0.062140 -0.006206 -0.002540 -0.039432 -0.028867
-0.011503 -0.042837 0.023606 -0.046530 -0.089138 -0.095569
-0.057152 0.039523 -0.056946 0.006821 0.001728 0.003398
0.135957 0.006689 0.150803 -0.037834 0.015931 0.046348
0.184333 0.076293 -0.020077 0.031230 -0.004409 -0.023970
0.097664 -0.124342 0.148332 0.090791 -0.051004 -0.031921
0.049823 0.008380 -0.006460 0.002740 -0.015926 -0.001800
0.063147 0.224590 0.060197 -0.008089 -0.018656 0.000041
-0.062386 -0.026368 -0.121081 0.064830 -0.131042 0.042736
-0.006747 -0.229780 0.056806 0.028120 -0.087038 0.095123
0.020048 0.145948 -0.046798 0.100791 0.049411 -0.052993
-0.011382 -0.000773 -0.079718 0.026344 0.056734 -0.017493
-0.032363 -0.037655 -0.038466 -0.055510 0.003026 -0.103749
0.021535 0.072234 0.037408 0.018353 0.002043 -0.010534
0.111031 -0.017527 0.040503 0.006713 -0.043075 -0.010119
