-0.128916 0.051314 -0.176469 0.005154 0.004701 0.001237
0.091401 0.072784 -0.042042 -0.072367 -0.086645 0.059831
0.036366 -0.165007 0.153518 -0.117894 -0.083359 -0.101627
0.002591 -0.010671 -0.011083 -0.025724 0.044580 0.053091
0.037167 -0.017383 -0.005418 0.014815 -0.086453 0.121018
-0.002481 -0.001619 0.020716 0.017081 0.022164 -0.030417
0.188627 -0.055660 0.184946 -0.021394 0.038909 0.078416
0.019948 0.030760 -0.004830 -0.003980 0.000372 -0.001817
0.155354 -0.091609 0.069603 -0.025999 -0.008485 -0.056178
0.050727 0.009037 -0.097933 0.000170 0.000115 0.000132
0.014457 0.149139 -0.125992 -0.096622 0.004837 -0.145667
0.035742 0.018662 -0.062429 0.065037 0.020608 -0.049074
0.088613 0.066853 -0.177689 0.033081 -0.074105 -0.003560
-0.214112 0.099142 0.049605 0.046173 0.012341 0.031357
0.032580 -0.010427 0.010612 0.034780 0.015840 -0.026693
0.013739 -0.120759 -0.160660 -0.006123 0.028378 -0.082397
-0.077705 -0.045986 0.138552 -0.042049 0.047608 0.005706
-0.049368 0.034529 0.045225 0.048954 0.007208 0.061473
-0.015001 -0.063198 0.058302 0.124555 -0.061231 0.065308
0.099628 -0.043729 -0.230968 0.007766 0.011409 0.010432
0.026827 0.020923 -0.077526 0.026506 0.004514 0.000801
-0.034984 0.046206 0.000490 -0.079505 -0.100090 -0.036992
-0.064226 -0.149531 -0.148290 -0.096246 0.039551 -0.000966
-0.056820 0.005709 0.078231 -0.000760 -0.015388 -0.021525
0.022415 -0.001298 -0.005503 0.053351 0.009301 -0.007210
0.000757 0.000145 -0.001159 0.004194 0.002268 -0.004428
0.017183 0.009087 0.016466 -0.009161 0.010789 0.061684
-0.054083 -0.193964 -0.146855 0.000626 0.000270 0.029071
-0.067839 0.063660 0.071772 -0.050869 -0.087544 -0.060114
-0.163821 -0.062917 0.005422 0.097636 -0.086711 -0.114037
0.244072 -0.001740 0.096339 0.001169 -0.007845 -0.008454
0.189507 0.087019 -0.057501 -0.003028 0.002032 0.005337
0.110844 -0.162778 -0.074058 0.001573 -0.007800 0.001590
-0.037385 -0.073657 -0.006806 0.103375 0.007380 0.102265
0.057736 -0.100478 0.171284 -0.095241 -0.083593 -0.123515
0.012680 0.029841 0.035959 -0.002634 0.012973 0.088742
0.001371 -0.007318 -0.032316 -0.010371 0.012249 -0.009687
0.091848 0.151898 0.079328 -0.012234 0.015132 0.010424
-0.055293 -0.147878 -0.055935 0.030145 0.046449 -0.048219
0.062127 -0.031763 0.046155 -0.092233 -0.089702 0.098388
