0.085972 0.071683 0.080498 0.000963 -0.046032 0.071940
0.071455 -0.056772 0.140911 0.003479 -0.007137 0.000395
-0.242813 0.113926 -0.120739 0.111945 -0.126566 0.102036
0.167561 0.048318 0.164574 0.010523 -0.029559 0.013990
0.058536 -0.100784 0.013899 -0.002933 0.005646 -0.001880
-0.015549 0.013164 0.031406 -0.030355 -0.002064 -0.043125
-0.025211 0.076984 -0.061389 0.130059 -0.121836 -0.015289
0.048091 -0.094385 -0.004604 -0.029531 -0.033703 -0.009108
-0.083076 0.188524 0.125538 0.046978 0.032450 -0.037472
-0.180883 -0.064343 -0.132133 -0.109386 -0.067042 0.063620
-0.003231 -0.042715 -0.032602 0.050650 0.069561 -0.027902
-0.035385 0.002969 -0.023153 -0.017088 -0.043142 -0.056584
0.062388 0.132046 0.232899 -0.047227 -0.008485 -0.073485
-0.073228 -0.026773 0.034322 -0.078707 0.015535 -0.059228
0.001326 0.028710 -0.001920 -0.024100 -0.084616 0.016691
-0.159878 -0.039227 0.248183 0.061247 0.014997 -0.055916
0.151496 -0.117514 -0.174426 0.007064 0.011188 -0.007442
0.074900 0.033552 0.088612 -0.066817 -0.040924 -0.051615
-0.104004 -0.081720 -0.076580 -0.064140 -0.005183 0.131884
-0.139661 0.114130 0.160850 0.046758 -0.011898 0.017328
-0.004448 -0.016568 -0.003190 -0.020319 0.048653 0.009519
0.065759 -0.107532 -0.084452 0.008926 0.007443 0.008972
0.013235 -0.044680 0.069890 0.017473 -0.019034 -0.018741
0.086466 0.014309 -0.077794 -0.023969 0.034262 -0.048352
-0.024193 0.118256 -0.110570 -0.050226 -0.036343 0.021688
-0.043512 0.185842 0.091692 0.089316 -0.023500 -0.052373
0.032249 -0.005756 -0.031462 0.064105 -0.048797 0.046884
-0.063217 0.130519 0.131050 -0.001594 -0.001546 -0.001485
0.058754 0.034539 0.091385 0.036700 0.042478 0.065042
-0.034854 0.019082 -0.015930 -0.020339 0.076985 0.027377
0.000551 0.028673 -0.013846 0.001943 0.011223 0.008422
0.027836 0.004737 0.067581 0.064060 0.038073 0.003787
0.001576 -0.019676 0.012884 -0.090154 -0.094516 -0.124277
-0.176019 -0.032055 -0.066635 -0.021435 0.010011 -0.019377
-0.051355 0.044026 -0.104374 0.003900 -0.001042 0.005557
-0.056897 -0.042235 0.006703 -0.002525 -0.036267 -0.004378
-0.068593 -0.035384 -0.025058 0.006459 -0.009907 0.012925
-0.014276 -0.018451 0.012142 -0.080093 0.091821 0.016385
-0.149234 0.134741 0.175669 0.079554 -0.080580 -0.073327
-0.129136 0.063950 0.088000 -0.072856 -0.044111 -0.010111
