-0.026219 -0.007596 -0.065797 -0.021661 -0.020700 0.016099
0.146968 -0.170498 0.186084 0.003029 -0.002096 -0.010370
0.245140 -0.189724 0.069328 -0.075991 0.030978 0.004292
0.003257 -0.023130 0.017156 -0.126393 0.137592 0.049198
-0.040167 0.013551 -0.036442 0.000831 -0.007476 0.000403
-0.052495 0.207005 0.016245 0.010850 0.050413 -0.011338
0.103799 0.061162 0.074299 0.019203 -0.000120 0.014143
0.006777 -0.027222 -0.014367 -0.018147 0.050317 0.060751
-0.026608 -0.070542 -0.083857 -0.028862 -0.024331 0.017021
0.021107 0.003899 0.064158 -0.002022 -0.006194 0.008124
-0.033271 0.114249 -0.012016 -0.012147 -0.007482 -0.017923
0.066449 0.020884 -0.093082 -0.088177 0.005332 -0.105694
0.032073 -0.018954 0.031784 0.083955 0.068996 0.047920
0.000151 0.019779 -0.005027 -0.008915 0.005068 0.009021
0.021584 0.014112 0.007801 0.000352 0.052761 0.003131
0.137612 0.074073 0.072665 -0.001992 0.002305 -0.004860
-0.065287 0.006852 0.057452 0.036045 -0.012905 0.001490
-0.110201 0.131339 0.076679 -0.140956 -0.080291 -0.081383
-0.010352 -0.055646 -0.082463 0.030151 0.033269 0.021547
-0.036440 0.003289 0.048496 0.083722 -0.044977 -0.055849
-0.078872 -0.194753 -0.152352 0.033217 -0.009687 -0.002504
0.126081 0.036195 0.087971 0.010288 0.010922 -0.041770
-0.082455 -0.014275 0.062480 0.082304 -0.049195 0.118047
-0.055038 -0.064283 -0.020322 -0.023757 -0.031004 -0.004333
-0.003625 -0.048803 0.049222 -0.013151 0.000275 0.006968
-0.047158 0.135251 -0.032326 -0.033082 0.036592 -0.005442
0.134543 0.137302 0.078013 -0.000073 -0.007067 0.035610
-0.023121 0.194593 0.183755 -0.034416 -0.017053 0.007881
0.005253 -0.015697 0.009811 -0.008255 -0.030779 -0.050923
0.038463 -0.037464 -0.016684 -0.065249 0.061623 0.095150
-0.223037 0.235219 0.075565 -0.012631 0.125193 -0.050208
-0.001107 -0.099511 -0.171570 -0.066956 0.032578 -0.092411
-0.061014 -0.124320 0.204675 0.012981 -0.066260 0.119123
0.103092 0.098350 -0.090671 -0.049302 -0.011334 0.109873
0.028551 0.108546 -0.122098 0.067133 -0.045552 -0.003938
-0.094927 -0.004913 0.001318 -0.057864 0.033213 -0.013131
-0.044144 0.002642 0.046113 0.042504 -0.005744 0.004427
-0.057253 -0.026897 -0.020678 0.007545 -0.016880 0.008940
0.016455 0.036503 -0.052069 -0.058359 -0.077424 0.059317
-0.009097 0.073368 0.017677 -0.012057 0.030130 -0.061309
