-0.064806 0.043327 0.004661 -0.053668 0.038788 0.040210
0.012263 -0.071326 0.123804 0.009601 -0.080815 0.070938
-0.065908 0.101220 0.017577 0.101168 -0.097994 0.001970
0.081668 -0.032095 0.071076 0.077280 0.069060 -0.011724
0.198817 -0.024311 -0.186646 -0.018994 -0.000795 0.016460
0.117533 -0.130513 0.102379 0.001197 0.056676 -0.085898
-0.058289 -0.013423 0.136985 -0.098733 0.035833 0.079693
0.025296 -0.054786 -0.006975 0.036439 -0.059894 0.117278
0.039328 -0.010378 0.169929 0.002670 -0.042648 0.018078
-0.145112 0.105068 0.040995 -0.107376 0.053553 0.027207
-0.027449 0.057047 0.075539 -0.014507 0.060497 0.029367
-0.080978 0.000749 -0.022627 0.027779 0.091538 0.039269
0.011632 -0.008993 0.022726 0.073718 -0.039843 -0.061488
0.083489 0.113375 0.209451 -0.025084 0.026462 -0.008469
0.079951 -0.071844 -0.040130 -0.144368 0.053617 0.057377
-0.061641 -0.025130 0.095723 0.000062 -0.000292 -0.000515
0.067077 -0.043065 -0.038494 -0.002618 -0.002045 0.000069
0.055380 -0.103944 -0.077992 -0.100572 0.048951 0.001123
0.014137 -0.019618 0.058996 -0.058829 -0.038653 0.043548
0.006972 0.028853 -0.147265 0.048637 0.049426 0.001125
0.017974 0.020021 0.018108 0.104650 0.095376 0.103559
-0.014734 0.030216 -0.064703 -0.008692 0.020183 -0.015970
-0.026500 -0.028936 -0.019610 -0.052096 -0.032744 -0.054224
0.066537 0.085861 -0.216226 0.003083 0.029449 -0.033895
-0.046461 0.000398 0.009073 -0.028187 0.009390 -0.013027
-0.066941 0.035682 0.032333 -0.001348 0.003987 -0.001983
-0.059922 0.050313 0.017963 0.074173 -0.043501 -0.072285
-0.115946 0.067081 0.116076 -0.071664 -0.044471 -0.031686
0.046144 -0.045253 0.006484 -0.087623 0.007912 0.043344
-0.154266 0.079756 0.086880 -0.018037 -0.009535 0.055648
0.075485 0.005897 0.046754 -0.083622 0.068202 -0.075294
-0.152966 -0.046207 -0.025443 -0.072459 0.012848 -0.057850
-0.248911 -0.128804 -0.026725 -0.007063 0.003310 0.005550
0.004792 0.122422 -0.069853 0.019185 0.090945 -0.020429
-0.012443 -0.024363 0.009226 0.041838 0.019888 0.034148
-0.043950 -0.035008 -0.230152 -0.004041 0.002121 -0.006644
-0.250081 0.232152 -0.068804 -0.030100 -0.010163 -0.152148
0.186670 -0.063576 0.235275 0.002728 0.047832 0.039613
-0.070754 -0.090878 -0.075180 -0.010991 -0.012731 0.010950
-0.012266 -0.103640 -0.095852 0.075826 0.111387 -0.090286
0.229601 -0.235432 0.184417 -0.115049 -0.062021 0.050833
