0.093714 0.016449 -0.099677 0.063370 -0.107066 -0.116410
-0.052085 0.010377 -0.069859 0.085727 0.104308 -0.070442
0.027703 -0.013121 -0.039415 -0.019682 0.020724 -0.010053
0.109258 0.022860 0.154980 -0.082685 -0.078798 0.036175
0.002483 0.038528 0.054630 0.060392 0.058985 -0.033187
0.100173 -0.095394 -0.172278 0.058051 0.005503 0.016121
-0.005163 0.076299 0.052106 -0.046882 -0.006911 -0.004922
-0.039460 -0.041745 0.081668 0.012271 0.019417 0.002080
0.112306 0.079645 -0.152308 -0.002424 0.015510 -0.080164
-0.233415 0.174906 0.215386 0.032122 -0.035587 0.010130
0.031205 0.017990 -0.013050 -0.038105 0.012893 0.043029
-0.006710 0.062667 -0.002354 -0.111783 0.083165 0.088408
-0.039957 0.029847 -0.046583 0.082323 0.121493 -0.090270
0.048301 -0.078930 -0.031037 0.024025 -0.010493 -0.004984
0.110864 -0.114871 -0.001241 0.050079 -0.088860 -0.019565
-0.135808 0.025459 -0.053973 0.060213 0.007978 -0.033567
0.058414 0.120321 -0.097031 -0.041103 0.030961 -0.027576
0.209671 0.090558 0.198105 -0.042086 0.036490 0.014056
0.003599 -0.028566 -0.036915 0.040797 -0.001512 0.033398
0.210678 -0.148832 -0.163137 -0.010246 0.016854 -0.003976
-0.087176 -0.259413 -0.000078 0.060310 -0.013549 -0.077096
0.000087 0.009346 -0.001822 0.001179 0.007963 0.018638
-0.077167 0.114120 -0.061228 -0.056368 0.008615 0.035607
-0.167084 0.144027 -0.155326 -0.037661 -0.031356 0.022813
-0.044263 -0.056639 0.033991 0.091623 0.097643 0.109028
0.018957 0.061554 0.050626 0.002538 0.014520 -0.011680
-0.131427 0.052318 0.017231 -0.058137 0.088945 -0.080694
0.134311 -0.105410 0.194037 0.073289 0.006991 0.009831
-0.010266 -0.027346 -0.005095 -0.033695 -0.054299 -0.019662
0.092785 0.027730 0.153539 0.071878 -0.099729 -0.062861
0.024716 0.068732 0.024620 -0.044203 0.013918 0.022008
-0.123623 -0.008308 -0.035221 -0.009617 0.098178 0.039544
0.015003 0.015519 0.004933 -0.013491 -0.040379 -0.011043
-0.017402 -0.012771 -0.023404 0.052629 0.019113 -0.102732
-0.111503 -0.065695 0.099398 -0.020995 0.023145 -0.005932
0.022234 0.009728 0.047337 -0.069001 -0.006029 0.042950
-0.026791 0.067745 -0.045536 -0.010456 -0.000099 -0.012435
0.032873 -0.055729 0.088173 0.023190 0.107351 -0.010040
0.063422 0.102128 0.042371 -0.042214 0.014124 -0.052433
-0.040240 0.028205 0.011976 0.011960 -0.026695 0.059977
