-0.123035 0.098229 0.037705 0.060737 0.071031 0.061800
0.011161 -0.013070 -0.008932 -0.002400 0.050550 0.054430
0.012851 -0.002995 0.001645 0.059635 -0.025280 0.026507
0.075539 -0.019059 0.179440 0.051291 0.040916 -0.054041
0.219236 -0.112406 -0.224024 -0.023575 0.117222 0.031538
-0.047262 0.099008 -0.010951 0.005310 -0.016497 0.005071
0.010589 -0.020425 0.020475 -0.003634 0.009035 -0.000804
0.161594 0.010528 -0.164922 0.028961 -0.013483 -0.029303
0.024215 -0.064112 -0.041101 0.009043 -0.017804 0.002614
-0.055569 0.029475 0.115327 -0.024549 0.077520 -0.053470
-0.006036 0.010674 0.000021 -0.031891 0.021855 -0.028817
0.207910 -0.111109 0.217187 0.080618 -0.103766 0.096830
-0.020276 0.033070 0.026816 0.042146 0.054288 -0.026488
0.050586 -0.019068 -0.011361 -0.026915 0.037497 -0.034468
0.022226 -0.071294 -0.122507 0.005895 0.012806 -0.011160
-0.072133 0.007662 0.044747 0.006891 -0.003867 0.007319
-0.183550 -0.102118 -0.001006 -0.000174 0.013432 -0.003436
0.098615 0.006183 0.058901 0.001567 0.000726 -0.001489
0.039433 0.043204 0.019542 -0.076787 0.033352 -0.088836
-0.055343 0.062667 -0.001092 -0.007994 -0.013921 0.026062
-0.033105 0.014774 -0.000801 0.093718 0.090606 -0.095642
0.013887 0.088874 0.161445 -0.014561 -0.014010 0.000361
0.079359 -0.075887 -0.063411 -0.006927 -0.011086 -0.015621
0.049486 -0.019506 0.075418 0.102383 0.108170 0.119885
0.113663 0.000552 -0.129950 0.051398 0.032003 -0.044318
0.122213 0.106373 -0.001441 -0.023007 -0.011006 -0.035664
-0.050123 0.088620 0.068518 -0.003415 -0.000455 -0.000585
0.011437 0.019920 0.022859 0.000573 -0.034704 -0.036031
0.090020 -0.083928 0.008470 -0.031544 0.060560 0.017483
-0.003679 0.084559 -0.017766 0.035559 -0.056662 -0.041774
0.030375 -0.042550 0.049463 -0.017001 -0.000439 0.024592
-0.182607 0.006238 0.192839 -0.003775 -0.008487 -0.027610
-0.007374 -0.118277 -0.126643 0.102310 -0.009438 -0.037347
-0.039931 -0.207335 -0.161867 -0.060166 0.043170 0.097809
0.092153 -0.148815 0.002806 0.018425 0.014945 0.017736
-0.027442 -0.062497 -0.002612 -0.022621 -0.051337 -0.021277
0.042741 0.110064 0.120369 0.062236 0.083739 -0.005189
0.049350 -0.088930 -0.034189 -0.004260 -0.001478 -0.007439
-0.071349 -0.063258 0.171545 0.055124 -0.022556 0.047625
-0.042180 0.037135 0.135831 0.049329 0.005984 -0.006375
