0.026093 -0.054277 -0.032226 -0.064904 0.036160 0.078321
-0.141133 -0.041654 -0.121804 -0.044357 0.056703 -0.073046
-0.008573 -0.091127 0.061308 -0.015212 0.030773 -0.004341
-0.086411 -0.053387 0.070484 0.034051 -0.052608 0.024095
0.146445 0.022160 -0.094507 -0.007929 -0.000184 0.012988
-0.198447 0.157871 0.004403 0.002636 0.007070 0.000307
-0.005044 -0.003159 -0.007252 -0.019322 0.046358 -0.000705
0.032590 -0.038886 -0.003831 -0.103133 -0.082084 0.080243
0.098140 -0.033339 0.080226 0.036769 -0.035448 0.056843
0.018755 -0.063289 0.008577 0.010710 0.009563 0.000721
-0.018308 -0.142352 -0.103147 0.056595 -0.026160 -0.118987
0.205891 0.145006 0.231621 -0.012544 0.011145 -0.034140
0.066678 0.016909 -0.022544 0.003469 0.008324 0.003323
0.073883 -0.081910 0.121484 0.064080 -0.013682 -0.006484
0.131975 0.121204 0.098177 -0.002664 0.011317 -0.011141
-0.093260 -0.097160 -0.087346 0.057227 0.046778 0.113478
-0.037460 0.039423 -0.021917 -0.012167 -0.040849 0.086488
-0.001986 -0.050499 0.047067 -0.069927 0.002777 -0.057710
-0.044045 0.001740 0.044039 0.006642 0.006007 -0.004694
-0.012377 0.006748 0.014859 -0.006443 -0.000323 -0.088475
0.199410 -0.238444 -0.109032 0.060630 0.031398 -0.010357
-0.154701 -0.152621 -0.123099 0.049792 0.030598 0.024874
0.006168 0.014634 0.001242 0.040184 -0.033708 -0.077138
0.017978 -0.022425 -0.205402 0.002865 -0.000253 0.003762
0.051538 0.020578 -0.044450 -0.015641 0.002080 0.015764
0.056466 0.167143 0.148739 0.000628 -0.004703 0.002198
0.142889 0.139715 0.129792 0.047511 -0.018199 -0.003593
-0.020972 0.027229 0.035058 0.064120 0.068332 0.041109
-0.128384 0.050198 -0.091935 0.016351 0.080230 0.114599
0.114095 0.080325 0.105534 -0.083395 0.068679 0.064276
0.118288 0.126409 -0.136744 0.022989 0.020592 0.015987
-0.047147 -0.047463 0.044351 0.060953 0.006859 0.069155
-0.105287 0.135235 0.079093 -0.019345 0.052134 0.084227
0.054160 -0.027149 0.010143 0.002506 0.032089 0.025485
-0.121952 -0.120082 -0.138567 0.001271 -0.001091 -0.002871
0.030012 -0.014194 0.004045 0.023384 0.034437 -0.054362
0.058850 0.038940 0.022904 -0.000603 -0.000265 -0.009654
-0.083567 0.090730 0.144954 0.082115 0.102429 -0.035462
-0.139051 -0.032451 -0.115091 0.036173 0.077148 -0.003288
-0.007204 0.006202 -0.027084 0.044994 0.083894 -0.005801
