0.045225 -0.010132 0.046118 -0.087636 0.027331 0.067333
0.188120 -0.074252 0.003377 0.071245 0.084817 -0.070019
-0.174506 -0.069942 0.088529 0.046841 -0.065707 0.036118
-0.063474 0.178715 0.117532 -0.121253 0.003736 0.118503
0.153497 0.187878 0.015957 0.039769 0.025020 0.005559
-0.008996 -0.045707 0.215513 0.067036 -0.006220 0.094714
0.165310 -0.183384 0.067338 0.028793 0.048494 -0.023655
-0.039547 0.121897 -0.083017 0.015960 0.025827 0.018316
-0.191115 0.054407 -0.168013 -0.056655 0.035732 -0.046225
0.157149 0.167710 -0.125951 -0.097837 0.084617 -0.124971
-0.034129 -0.025746 -0.187591 0.098525 -0.014369 -0.034842
-0.059688 0.073384 0.058014 -0.087538 -0.042819 0.023411
-0.068443 0.073298 -0.042011 -0.040877 0.064618 0.025064
0.005780 -0.002472 0.013028 0.086609 -0.085352 -0.055678
-0.076363 0.122441 -0.024623 0.003509 -0.036568 -0.090406
0.070562 -0.039744 -0.012791 -0.009500 -0.020301 0.022072
0.108754 -0.138948 0.034130 0.030256 -0.053455 -0.039953
0.069900 -0.006969 -0.116339 0.101695 0.106937 0.023755
-0.084085 0.060707 -0.123200 -0.027795 0.023616 0.019005
-0.154590 0.173903 -0.066888 -0.061557 0.022299 0.107101
-0.025650 -0.011091 0.003350 0.088785 -0.092550 0.038652
-0.007727 -0.009357 -0.011153 -0.002857 0.019152 -0.020924
0.124929 0.122335 -0.100870 -0.061259 0.104985 0.077558
0.038936 0.056581 -0.023249 0.014628 0.038433 -0.033023
0.022717 -0.058198 0.047596 0.109532 -0.121109 0.058434
-0.035099 -0.057622 -0.041095 0.070542 0.097080 0.079395
-0.232018 0.211779 -0.215615 0.082991 0.118403 -0.089874
-0.052529 0.018752 0.035322 0.116682 -0.052700 0.040471
-0.018224 0.018816 -0.004265 -0.071302 -0.077421 0.056164
-0.159233 0.102347 0.114759 -0.010734 0.003484 0.008128
-0.056154 -0.052957 -0.007073 0.092847 -0.074968 0.006542
-0.098534 -0.095724 0.019671 0.056298 -0.078331 -0.016944
0.004972 0.023840 -0.039234 -0.037012 -0.042040 -0.022295
-0.080385 -0.170101 0.095464 -0.023655 0.064480 0.005625
-0.212796 0.045723 0.182940 -0.011885 0.000111 0.013786
0.025855 0.038181 0.055363 0.099927 0.008127 0.085182
0.000451 -0.020194 0.000502 0.000209 0.001822 -0.002541
-0.152709 -0.120146 0.098791 0.081352 -0.038349 -0.054336
0.043969 0.028504 -0.056261 -0.002639 0.001572 0.003253
-0.127580 0.152894 0.011206 0.021037 0.021294 -0.015695
