0.037683 -0.095767 -0.015930 0.067190 0.002132 -0.013777
-0.135718 -0.133979 0.021468 -0.042428 -0.078499 -0.099237
-0.183356 0.050016 -0.173033 0.023026 -0.004892 -0.030554
-0.044392 -0.013238 -0.060881 0.088328 0.005938 -0.065304
0.126045 0.127875 -0.081519 -0.050318 -0.067064 -0.063052
0.040269 0.098341 0.061086 0.107077 0.077128 0.013118
-0.032741 -0.230535 0.177724 -0.122025 -0.020854 -0.104847
-0.041824 -0.008831 0.002958 0.032576 -0.024816 -0.020976
-0.025980 -0.028853 -0.068178 -0.024720 0.034851 0.042639
0.009654 -0.019895 0.152755 0.002172 -0.001484 -0.001047
-0.044677 0.104888 0.006424 -0.007420 -0.080347 0.100365
-0.025690 -0.013599 -0.006489 -0.052753 0.070933 -0.066417
0.000381 -0.006063 0.010921 0.000277 0.016339 -0.043855
0.025649 0.004896 0.011281 0.000240 -0.000406 0.000080
0.033430 0.011669 0.024955 -0.026710 0.080363 0.130490
0.045955 0.082003 -0.079957 0.014160 -0.001754 -0.027850
0.018748 -0.002483 -0.009840 0.033816 -0.042806 0.037541
-0.012511 0.019509 0.029685 -0.023229 0.036660 0.041358
-0.121730 0.080590 0.102855 0.072918 -0.006135 0.059892
0.036925 0.002489 0.162582 -0.124902 0.130125 -0.040935
0.002432 -0.020459 -0.006057 0.044123 -0.020577 -0.041399
0.048717 0.038012 -0.008192 -0.023609 0.032195 -0.029069
0.043600 0.037199 -0.111886 -0.026304 0.063284 0.011018
0.049022 0.120371 0.022562 -0.091825 -0.111269 -0.057143
-0.005011 0.042054 -0.047964 0.076348 -0.056820 0.046822
-0.066378 -0.065732 0.125656 0.009836 -0.006471 -0.006985
-0.245347 0.025158 -0.245720 -0.031410 0.003578 -0.005679
-0.007460 0.084555 -0.053049 0.000015 0.000345 0.000337
0.017996 0.000059 -0.009452 -0.039530 0.008677 0.029653
0.031262 0.063050 -0.000241 0.005079 0.028898 -0.060755
0.120421 -0.089093 0.060061 0.096152 -0.016072 -0.018694
0.056378 0.049314 -0.000036 -0.088895 -0.071652 0.002909
0.016945 -0.046569 -0.046583 -0.012119 -0.046524 0.049249
-0.003395 -0.006845 0.040553 -0.011703 0.051815 0.124111
0.160333 0.149717 -0.101137 -0.015503 -0.019624 -0.007168
-0.078561 -0.093869 0.036218 -0.005240 -0.024356 -0.012719
-0.118730 -0.131535 -0.066591 0.000140 0.003007 0.007288
-0.148155 -0.069153 -0.110470 0.049426 0.010251 -0.005376
-0.033161 0.061453 -0.012181 0.020866 -0.002975 -0.009936
