-0.011026 0.013168 0.016313 -0.002954 0.057565 -0.004135
0.018686 0.042410 0.003438 0.000138 0.027896 -0.043682
0.008991 -0.005645 -0.067547 -0.026196 0.055066 0.059735
-0.014677 0.061041 -0.045454 0.073991 -0.014271 0.021091
-0.074748 -0.117529 0.007182 -0.039075 -0.011052 -0.035844
-0.171546 -0.093941 0.169000 0.005521 -0.000663 0.002693
0.016877 0.021710 0.006978 0.042124 0.014207 0.008495
-0.109758 -0.060101 -0.104563 -0.001410 -0.049812 0.006740
-0.064598 0.035575 -0.028974 -0.007265 -0.028129 0.028989
0.075410 -0.056250 -0.065853 -0.006739 -0.031078 -0.054823
0.111081 -0.097182 0.095728 -0.072948 0.031571 -0.034187
0.023655 -0.080067 0.076512 -0.007786 -0.010217 0.015366
-0.039082 -0.059193 -0.111986 -0.022082 0.054131 0.071167
-0.043507 0.011452 -0.050523 -0.100852 0.092894 -0.022806
0.066897 -0.040228 0.057132 0.085511 0.040477 -0.090205
-0.061650 0.087076 -0.006878 0.029329 0.053238 -0.050356
0.070793 -0.097992 -0.165675 0.089078 -0.085267 -0.035928
0.010806 -0.054157 -0.052599 0.014903 0.015919 0.007427
-0.170470 -0.056509 -0.118459 -0.025930 -0.037488 -0.039514
0.018805 0.017402 0.005729 -0.014300 0.032472 0.017603
0.197024 0.116762 -0.228430 -0.026362 0.092956 0.066704
-0.001788 -0.002901 -0.010852 -0.033884 -0.031737 -0.000834
0.008672 -0.009504 -0.014560 0.028342 -0.000537 0.052124
-0.000349 -0.019920 0.024797 0.057975 -0.015819 0.040532
0.016560 0.024772 -0.004635 0.003576 0.010659 0.011280
0.051005 -0.006282 -0.129229 -0.011258 -0.021447 0.020886
0.048553 -0.074962 -0.038740 -0.008496 0.006262 -0.007936
-0.075623 -0.164743 0.006057 0.036174 0.022215 -0.015520
0.021636 -0.009818 0.097129 0.062228 -0.039663 0.023932
0.006569 -0.024955 -0.074727 0.022184 0.008615 0.014903
-0.056711 -0.013576 -0.056042 -0.000027 -0.001062 0.001913
-0.044292 -0.008880 -0.011855 0.003993 0.003640 0.006885
-0.022791 0.021815 0.031664 -0.053805 -0.022858 -0.003764
-0.137234 0.088159 -0.093393 0.007966 -0.006584 -0.005412
-0.007957 0.071538 0.009806 -0.003248 -0.012900 -0.012169
-0.109439 0.105515 -0.004856 0.022005 0.002776 -0.023143
-0.099629 -0.105075 0.170619 -0.027184 -0.000086 -0.050914
0.001846 0.060408 0.071880 -0.043612 0.030803 -0.008000
-0.042237 0.009237 -0.070392 0.044311 -0.031713 -0.024696
0.048584 -0.030765 0.038644 -0.001315 -0.016504 0.018180
0.008892 0.021649 -0.024727 0.094560 0.112239 -0.077100
