0.132306 0.189644 -0.017161 0.005581 -0.011219 0.014547
-0.087664 0.098107 -0.022531 0.074470 0.030043 0.074890
-0.101008 0.128928 0.116884 0.038324 -0.022419 -0.050673
0.018154 -0.008512 -0.025939 0.015858 0.081041 -0.013995
0.093484 0.062120 0.060718 0.000277 0.002227 0.001120
0.089290 -0.073283 0.029236 0.070965 0.013223 0.007362
-0.144497 0.097041 -0.165562 -0.014792 -0.011005 -0.041075
-0.221414 -0.218994 0.136620 0.062341 0.066497 0.031707
0.019868 0.000434 0.030365 0.002983 -0.043080 -0.124568
-0.074919 -0.060114 -0.133346 -0.012261 -0.052973 -0.057980
-0.038563 -0.097164 0.004155 -0.002756 -0.002927 0.003032
0.104874 -0.110345 0.065640 -0.023490 0.021720 -0.028351
-0.142011 -0.079105 0.037335 -0.021510 -0.016862 0.002410
0.029081 0.138602 -0.000063 0.033351 -0.021670 0.015628
-0.008653 -0.009396 0.000666 -0.024689 -0.040810 -0.014600
-0.119507 -0.124962 -0.068192 0.011526 -0.056219 -0.046695
0.002193 -0.057654 -0.048732 0.034916 0.021387 -0.002254
0.053434 0.069159 -0.023442 0.002366 0.015599 0.024782
-0.160327 -0.071546 0.075423 -0.001505 -0.000359 -0.001894
0.053423 -0.051029 -0.144975 -0.098645 -0.031623 -0.013569
-0.048205 -0.035846 0.092320 0.052139 0.009283 -0.011420
-0.040497 0.049015 0.011329 -0.002187 0.071822 -0.037160
-0.032863 -0.174742 0.193583 -0.036265 -0.021914 -0.104092
-0.045342 0.159991 -0.131530 -0.002920 -0.076282 -0.047057
-0.150528 -0.123210 -0.079216 -0.071219 0.077550 -0.081253
-0.060459 -0.026808 0.158332 0.032015 0.010379 -0.022090
-0.029919 0.016192 0.027296 0.107152 -0.028197 -0.108596
0.001366 -0.132373 0.006789 -0.023940 0.058746 -0.114385
0.043194 0.080558 -0.055343 -0.004441 0.025057 -0.025376
-0.066805 -0.091839 -0.188286 0.009999 -0.037582 -0.071704
0.066931 -0.144077 -0.091552 0.057593 -0.047752 -0.003224
-0.001106 0.082866 0.095575 0.038196 -0.076723 0.066222
-0.096225 0.114736 0.118505 -0.084576 0.103994 0.047083
0.208260 0.022445 0.207051 -0.029533 -0.104784 0.014903
0.111275 -0.164339 -0.120714 0.002573 -0.003606 -0.000858
0.000979 -0.036890 -0.017140 -0.146575 -0.149300 -0.013293
0.190726 0.110138 0.206016 0.083566 -0.010396 0.037622
0.002003 -0.133195 0.172886 -0.048338 -0.032442 -0.009162
0.011478 0.026219 -0.065967 -0.048947 0.054889 0.056253
