0.008188 0.005332 -0.019722 0.087404 -0.084114 -0.033111
-0.093034 -0.042860 0.068564 0.032893 -0.034530 0.005568
0.110688 0.188156 -0.050632 -0.008566 -0.003800 -0.002105
-0.097824 -0.134403 -0.062102 0.007781 -0.051369 0.064173
-0.006725 -0.159479 0.097435 0.045904 -0.074251 -0.092024
-0.098323 0.095493 0.068425 -0.018321 0.080397 -0.099098
0.032488 -0.009688 -0.056176 -0.033038 -0.083187 -0.092757
0.121164 -0.078817 0.124051 0.101095 -0.044531 0.092612
-0.019333 0.103477 -0.023062 0.063148 0.047482 -0.096482
-0.165553 0.160939 -0.022559 -0.013155 0.078435 0.017782
0.088875 -0.154198 0.153221 -0.018337 0.052265 0.009188
0.050052 0.046017 -0.110048 -0.077189 0.001100 -0.055113
-0.099702 -0.002151 -0.115310 0.030467 0.043965 0.133934
-0.008611 -0.000981 0.000700 0.002680 0.000421 0.009193
0.032932 -0.026227 -0.046746 -0.034503 0.052439 0.028369
0.095873 0.051756 0.024758 -0.034052 -0.024296 0.011120
-0.044632 -0.121942 -0.015854 0.002965 -0.004510 -0.011590
0.098689 -0.093053 0.067231 0.090319 0.075468 0.096028
-0.048936 0.019136 0.045434 -0.093427 -0.024596 -0.041195
0.008846 -0.002984 0.077248 -0.059421 0.073999 0.050312
-0.033099 0.020127 0.095080 -0.028561 -0.013830 0.023361
0.036842 -0.129499 -0.179406 0.131244 0.091187 -0.042625
0.094677 -0.178836 0.155103 -0.006447 -0.008922 -0.025590
-0.195461 -0.242681 0.214289 0.004566 0.000585 -0.002243
-0.057050 -0.123868 0.131323 0.002059 0.002788 0.000879
-0.075855 0.039002 -0.041506 0.001359 -0.002855 0.015133
-0.001176 0.135797 0.152395 -0.005152 -0.016552 0.015934
-0.073489 0.026942 0.064598 0.009116 -0.004587 0.054188
0.064130 -0.210541 0.203310 0.078797 0.021530 -0.063157
0.074970 -0.179147 0.155738 0.006142 0.002138 0.004708
-0.007013 -0.098437 0.020187 0.025188 0.113668 0.031819
-0.058715 -0.043329 -0.040640 -0.000246 0.000338 0.000025
-0.026749 0.001700 -0.009083 0.013684 0.082514 -0.042581
0.053617 0.104086 0.156814 -0.016593 0.041282 0.002175
-0.012482 0.030313 -0.009095 0.100959 0.051144 -0.047827
-0.158461 -0.108210 -0.008059 -0.001126 -0.011242 0.026349
0.001512 0.169729 0.090281 0.015056 -0.011446 -0.034428
0.125970 0.031862 0.047243 0.055318 -0.032847 0.015702
-0.008195 -0.038066 0.019558 0.042991 0.014154 -0.006961
-0.186827 0.027768 0.003904 0.044352 0.045115 -0.005074
