-0.018651 -0.017920 -0.003878 -0.040244 0.049457 -0.019449
0.170827 -0.129435 -0.017673 -0.006523 -0.030118 0.008056
0.114497 -0.178991 0.190122 -0.008996 -0.017759 0.011929
0.009943 0.006229 0.000015 0.016199 -0.032215 0.046412
0.050132 -0.024069 0.007303 -0.013545 0.086767 -0.049934
0.184133 -0.137939 0.016581 -0.008700 -0.004476 -0.005474
0.105295 0.013110 -0.088157 0.060251 0.058494 -0.015674
0.008011 -0.009264 -0.037312 -0.144414 0.087536 0.047919
0.001591 0.003042 0.052397 0.079203 0.022446 0.052001
-0.001376 -0.021032 0.025383 -0.004915 0.091825 -0.017077
0.037489 -0.049558 0.106462 0.043780 -0.106379 -0.014539
0.057213 0.055941 0.061231 0.005662 0.040425 0.025346
-0.102074 0.235265 0.156389 0.017116 0.001078 -0.003489
-0.117456 0.083571 -0.098093 0.001207 -0.001086 0.008644
0.033321 -0.043386 0.037029 0.005939 -0.013937 0.013645
-0.093750 0.050277 -0.045726 0.016032 -0.091889 -0.000219
0.061393 -0.001646 0.053932 -0.053557 0.000506 0.020776
-0.022339 0.027325 0.031895 -0.013774 0.010106 -0.006440
0.002929 -0.011975 0.006196 -0.003366 -0.004305 0.014741
-0.077394 -0.006495 0.068928 -0.045748 -0.064965 -0.066695
0.095487 -0.005747 -0.097820 0.055358 -0.037894 0.019187
0.035194 0.147081 0.083887 0.034535 0.001460 0.086428
0.001950 0.031231 0.008282 0.036268 -0.084938 -0.069253
-0.023523 -0.071374 -0.046167 -0.051612 -0.040439 -0.012806
-0.046294 -0.063576 0.104940 -0.030444 -0.069197 0.030311
-0.048645 0.002914 0.003199 0.022569 -0.017006 0.045697
-0.126816 -0.031150 0.092193 -0.027101 0.012090 -0.041239
-0.021850 0.010342 -0.001693 0.026565 0.039422 0.009910
-0.060948 -0.096510 -0.012203 0.118781 0.051905 -0.046487
-0.073170 0.053933 -0.154835 0.091823 0.031712 0.029570
0.106272 0.135630 0.011406 0.015567 0.078270 -0.067657
-0.091461 -0.129755 0.064692 -0.047864 -0.063132 -0.073110
0.014523 0.035461 -0.022703 0.064767 -0.054748 0.020694
0.048986 -0.035140 -0.065333 0.052508 0.035026 0.003703
0.005935 -0.020783 0.032511 0.072050 -0.031987 0.070756
-0.132427 0.161789 -0.181964 0.050432 -0.047187 0.020647
0.026104 0.068143 -0.030507 0.019816 0.016855 0.044586
-0.049013 0.019556 -0.045599 0.072126 -0.018524 0.013177
-0.028670 -0.024545 -0.028668 -0.007664 -0.020703 -0.001484
0.046687 -0.037986 0.038837 0.042343 -0.049100 0.064522
