-0.007025 -0.075701 -0.076632 -0.008953 -0.035112 -0.084560
0.028431 0.042398 -0.042032 -0.021278 0.009277 0.013496
0.020769 0.037418 -0.091102 -0.022574 0.089123 -0.085263
-0.013258 -0.022271 0.008136 -0.015100 -0.052739 0.054993
0.113726 0.042180 -0.019242 0.018941 0.000461 -0.047657
0.008794 -0.024244 -0.019207 -0.014737 0.014316 0.007422
0.028781 0.079467 -0.002718 -0.021076 0.006600 0.029722
-0.041447 0.013500 -0.140625 -0.066842 0.115586 0.020765
0.048657 -0.049154 -0.027071 0.002429 0.062211 -0.070283
-0.049321 0.017548 -0.025868 0.057844 -0.038287 -0.076255
0.011187 -0.093447 0.079127 -0.008363 -0.012007 0.029440
-0.056400 -0.064493 -0.073155 0.017926 -0.094252 -0.109284
0.127339 0.068900 -0.102544 -0.043025 -0.097423 0.000043
-0.040850 0.126957 0.050772 -0.000091 -0.004057 0.000744
0.114948 -0.018743 -0.012233 -0.016109 -0.015616 -0.061166
0.024489 -0.001355 -0.027976 0.042729 -0.010494 0.013741
-0.023843 0.077658 0.043428 0.005667 0.024563 0.050227
-0.025882 -0.124628 0.093474 -0.014169 -0.023294 -0.004072
-0.038162 -0.036903 0.159649 -0.109332 0.039154 -0.051021
0.022376 0.012698 0.013890 0.051721 0.063928 0.016198
0.004217 0.016981 -0.117099 -0.020386 -0.018205 0.047227
0.060064 0.083672 0.091738 -0.010431 0.033791 -0.052365
-0.077778 0.008876 -0.009779 -0.022285 0.051724 0.086939
-0.085547 0.031823 0.081501 -0.000427 0.001190 -0.002544
0.010478 -0.054467 0.095842 -0.057436 0.129959 -0.055531
-0.096628 0.071658 0.001525 -0.017621 0.032071 0.039107
0.078618 0.086896 -0.209979 -0.031356 -0.050196 -0.084373
0.027998 -0.000080 -0.092194 0.012243 -0.004321 -0.010058
0.120447 0.017921 -0.055230 -0.040032 -0.014514 0.015986
-0.009372 0.148722 -0.078741 -0.062664 0.034769 -0.063679
-0.103169 -0.059047 -0.046113 0.066438 -0.047129 0.056033
0.059239 -0.026099 0.064749 -0.004129 0.015867 -0.002475
-0.144659 0.022578 0.140849 -0.003759 -0.001203 0.002899
-0.016085 0.121692 0.047350 0.006959 0.011095 0.000897
-0.207372 -0.124638 0.172469 0.059782 0.097494 -0.053539
-0.017319 0.098667 -0.100758 -0.037579 0.049861 -0.029165
-0.083965 0.119417 0.144215 0.016396 0.021188 -0.005962
-0.145320 0.051752 -0.157127 -0.043985 0.103851 0.054309
-0.016956 0.010516 -0.011625 -0.062547 -0.061238 -0.011490
