-0.074470 -0.165675 0.068116 -0.040653 -0.036334 -0.023603
-0.015013 0.003556 0.004907 -0.087913 0.083302 0.026465
-0.014472 0.052617 -0.068108 0.108739 -0.017475 0.076373
0.026030 0.006542 -0.065278 -0.039735 0.039066 -0.002964
-0.005611 0.085592 0.191854 -0.062777 0.037429 0.134428
0.011667 0.011560 0.026649 -0.018630 -0.028897 0.036378
0.034798 -0.054568 -0.009324 -0.011403 -0.024352 0.048502
0.071103 -0.087552 -0.131957 -0.032016 -0.082510 0.077845
0.101570 0.103713 0.024334 -0.019752 -0.015142 0.011029
0.032928 0.031408 -0.037191 0.040715 0.005861 -0.076016
-0.121676 -0.165888 -0.074568 0.081316 -0.024592 0.090327
-0.041943 0.082220 0.074927 -0.084767 -0.109355 0.044082
-0.025639 0.042753 -0.049108 -0.064602 -0.036690 -0.025325
0.184239 -0.130475 0.171824 -0.038151 0.031790 0.005451
0.175236 0.150672 -0.119923 0.040365 0.029491 -0.017478
-0.069392 0.068742 -0.002163 0.025553 -0.008468 -0.045541
-0.004112 0.045830 -0.010519 -0.015622 -0.001660 -0.044094
0.041748 -0.214235 0.006873 -0.063337 -0.044002 -0.066096
-0.009298 0.091061 -0.128583 0.071077 -0.008238 -0.096855
0.033841 -0.023932 -0.014044 -0.051809 -0.016315 0.000055
0.011822 0.039163 -0.024021 0.022817 0.030640 0.008642
0.113482 -0.068158 0.157129 -0.066666 0.093452 0.008640
-0.000795 -0.070999 -0.002796 0.000076 0.002195 -0.009602
-0.014631 -0.023668 -0.013349 -0.001739 -0.010489 -0.023460
0.089779 -0.164632 -0.002304 0.013700 -0.009808 0.026456
-0.022106 -0.046729 -0.053045 0.100519 -0.005104 -0.072347
-0.210925 -0.172522 -0.059978 0.045626 0.067157 0.025372
0.042248 -0.004929 0.020307 -0.082370 0.063110 -0.070819
0.108075 0.101018 0.015303 0.022726 -0.077257 0.085098
-0.076683 0.105982 0.016981 0.071075 0.068138 0.016512
0.119811 -0.109759 -0.091314 0.006829 -0.063587 0.028222
0.067073 0.154637 0.059727 0.019564 0.053461 -0.093790
0.141345 -0.107054 0.134992 0.002747 0.008246 0.010666
0.085626 -0.130097 0.097905 0.039543 -0.023539 0.038102
-0.081257 0.118862 0.125251 -0.069784 0.085976 0.073720
-0.020877 0.238248 -0.197091 -0.024516 -0.057288 0.064507
0.021882 0.029500 0.052172 0.002298 0.004426 0.008954
0.049317 -0.038375 0.117326 0.003818 0.003997 -0.020853
0.145208 -0.084680 -0.171460 0.012150 -0.048820 -0.034837
0.154701 -0.113745 0.082290 -0.010942 0.006505 0.007144
