-0.111796 -0.078609 -0.000734 0.015172 -0.010372 0.079796
-0.129886 -0.138969 -0.004432 0.027215 0.031135 -0.007704
-0.175916 -0.132736 0.032158 0.020043 -0.048372 -0.006838
-0.026941 0.124770 0.186181 -0.002224 -0.026594 -0.006302
0.124752 -0.087361 0.022818 0.032885 0.064557 0.003019
-0.066036 0.048190 -0.182272 -0.038281 -0.057884 -0.080112
0.200186 0.161427 -0.052404 -0.008904 -0.016974 -0.021985
-0.038333 0.074230 0.049163 0.007129 -0.025532 -0.001104
0.194933 -0.118655 -0.141115 0.049866 -0.034269 0.040094
-0.094641 -0.015870 0.000537 -0.003874 -0.004306 0.004485
0.127460 -0.081064 -0.140167 -0.032460 0.055178 0.054389
0.008623 0.036174 0.056489 0.023706 -0.046560 0.024466
-0.010340 -0.020530 -0.024395 0.014264 0.014492 0.008517
0.210937 -0.055255 -0.039845 0.079781 0.016746 0.036328
0.087876 -0.085758 -0.147910 -0.037614 -0.038216 0.103405
-0.102197 -0.005621 0.033099 -0.001817 0.010178 -0.009681
0.043657 -0.041614 0.006767 0.009774 -0.039076 0.007711
0.004280 0.058117 -0.057371 0.008585 -0.004701 0.024191
0.123241 -0.037782 0.071888 0.058124 0.067798 -0.103205
-0.103548 -0.044691 -0.069261 -0.008020 0.052464 0.067559
-0.081805 -0.130909 0.038802 -0.007932 0.000165 0.000001
0.097535 0.075188 -0.062386 -0.013404 0.030425 0.026836
-0.014090 -0.037628 -0.061641 -0.015518 0.002278 -0.008744
-0.103527 0.062885 -0.102247 0.008333 -0.000095 0.003082
-0.012356 0.002359 0.016770 -0.011064 0.067309 -0.069082
-0.004212 0.121582 -0.080450 0.012948 0.030658 -0.011346
0.173723 -0.004845 0.147547 0.029400 -0.074449 -0.059134
0.025991 0.048813 -0.161673 -0.021213 0.016146 0.022081
-0.032286 -0.002120 -0.028449 -0.007874 -0.006709 -0.043405
0.145356 -0.083302 -0.089581 0.056290 0.051675 -0.011003
-0.016130 0.007344 0.018336 -0.060072 0.049567 -0.062957
0.007888 -0.027335 0.016898 0.056720 -0.069844 0.030161
0.003150 0.014948 -0.000021 -0.049697 0.008655 0.069918
0.228347 0.211778 -0.155864 0.046756 -0.042623 -0.004599
0.159507 -0.070747 -0.204592 0.007784 -0.013257 -0.006581
0.207698 -0.119652 0.035373 0.102883 -0.124476 -0.110473
0.233590 -0.122158 0.182713 -0.109534 0.005176 -0.015919
0.024710 0.000762 0.040025 0.009498 -0.021329 -0.019443
-0.116262 -0.108504 -0.215119 -0.052698 0.033484 0.121277
0.123733 -0.063208 0.117511 -0.080506 0.063731 0.064771
