0.137568 0.044822 -0.047415 -0.060341 0.076246 0.065601
-0.017941 -0.093517 -0.036726 -0.030504 -0.010228 0.016411
-0.039988 0.117449 0.058162 -0.009493 -0.024051 0.000292
-0.004357 0.051842 0.083954 -0.026172 -0.038195 0.038760
-0.027788 -0.078621 0.017148 -0.061910 -0.016435 0.031617
-0.220760 0.197882 0.057400 -0.018159 -0.094679 0.058376
0.124813 -0.048456 -0.058793 -0.011952 0.064749 0.072636
-0.067589 0.003847 0.101040 0.026744 -0.015956 -0.008423
0.020179 -0.066442 -0.083409 0.000446 0.007523 -0.027583
0.039181 0.002478 0.026387 -0.035832 0.008138 0.077625
-0.047607 -0.008583 0.009079 -0.092976 -0.073193 -0.000483
0.167960 -0.055388 -0.054081 0.042413 0.043907 -0.003969
0.059626 -0.044651 0.006707 -0.016835 -0.007310 -0.012439
0.016982 -0.013223 0.019132 -0.021845 -0.035050 -0.102626
-0.027333 0.008201 -0.033840 -0.028393 -0.043524 -0.030707
-0.036998 -0.112136 -0.027038 0.051565 -0.043160 0.071477
0.053555 0.081889 0.001156 -0.020090 0.007681 -0.016738
-0.011008 -0.045793 -0.006834 -0.066433 -0.014131 -0.047955
-0.164761 0.107072 0.146541 0.020732 -0.007021 -0.005647
-0.002025 0.046470 0.115125 0.046974 0.028349 -0.016444
-0.011731 -0.009429 0.052476 -0.017823 0.017811 0.010333
-0.159257 0.047795 -0.148693 -0.000878 -0.000295 -0.000413
-0.184159 -0.202951 0.207865 -0.017022 -0.012408 0.003538
0.023236 -0.011655 -0.124510 -0.129886 -0.089950 -0.055078
-0.060341 -0.011158 -0.054941 0.022436 -0.040322 0.038600
-0.072652 -0.028439 -0.033737 0.010755 0.000945 0.006475
0.069737 0.137989 0.020787 0.026567 -0.011844 0.027293
0.224379 0.143889 0.002942 -0.005309 0.021332 -0.000097
-0.083801 0.093738 0.027325 0.042211 0.007904 0.004522
-0.053578 -0.074912 0.012899 -0.085009 -0.042197 -0.037994
-0.047607 0.098850 0.073920 0.016547 -0.002693 -0.005723
-0.097236 0.029009 -0.052501 0.006483 -0.007401 -0.021960
0.156192 0.084842 -0.150080 -0.001651 -0.001722 0.008265
0.066670 0.139042 -0.115852 0.041529 0.073680 0.110632
0.077582 -0.085258 0.062937 0.019192 -0.002355 0.006164
-0.036526 0.056819 0.038038 -0.004880 0.030039 0.005198
0.052539 -0.004441 0.055608 -0.099236 -0.004518 -0.041886
-0.046053 -0.205301 -0.148286 -0.046328 0.053985 0.032878
-0.232290 0.069523 0.023302 0.097175 -0.101191 0.047895
-0.140519 -0.122528 -0.112824 0.011922 0.035693 -0.042283
