0.013244 -0.041202 0.037358 -0.068076 -0.008732 0.018383
-0.123422 0.214843 -0.156911 0.010363 0.045565 0.005870
-0.017873 -0.100283 -0.142013 -0.022578 0.088719 -0.017071
-0.018969 0.037067 0.019001 0.047121 -0.109697 -0.051900
-0.020340 -0.177124 -0.122174 -0.069522 0.005008 -0.060030
0.066066 -0.054341 -0.089701 0.009466 -0.005360 -0.008582
-0.059159 -0.036066 -0.047933 0.006428 -0.048068 -0.065251
0.083701 -0.001893 0.149288 0.047189 0.017068 0.009395
-0.171015 -0.093276 0.061713 0.009578 -0.007041 0.001023
0.034625 -0.023191 0.022590 0.087929 -0.039789 0.036391
-0.142914 -0.157127 0.141871 0.068372 -0.019778 0.056992
-0.013715 -0.164823 -0.008712 -0.018287 -0.015417 0.020900
0.060765 0.015763 -0.013817 -0.022632 -0.040323 -0.028145
-0.035745 -0.117597 0.112240 0.014513 -0.062035 -0.088656
0.002666 -0.083337 0.009347 -0.095131 0.120808 0.007107
0.063911 0.008755 -0.016910 0.034510 -0.072471 -0.008602
-0.128579 -0.004123 -0.043757 -0.046793 -0.009665 0.053267
-0.002317 -0.111159 0.068276 0.070350 -0.039674 -0.060142
-0.107590 -0.056152 -0.079890 -0.014886 -0.010269 0.006369
-0.127770 0.003616 -0.112935 -0.090786 0.078463 -0.047467
-0.067893 0.016531 0.065922 0.077551 -0.022459 -0.015078
-0.113821 0.127521 0.070975 0.002992 0.003372 0.004218
0.123399 0.015464 0.131154 0.020843 -0.030305 0.019505
-0.161281 0.052145 -0.153802 -0.066210 0.067080 0.090959
0.053279 -0.048346 -0.025836 -0.007643 0.032244 0.018863
0.107023 0.118295 -0.031686 0.046129 0.077625 0.031213
-0.027517 0.026122 -0.021175 -0.000350 0.000036 0.000116
-0.120885 -0.193316 0.255455 -0.062531 0.035262 -0.040915
0.004361 0.014376 -0.042754 0.073481 0.108896 0.016594
0.094898 -0.193033 -0.059097 0.104114 0.008784 0.063364
-0.025646 0.098763 -0.015636 0.043074 -0.064768 -0.062252
0.031430 0.167347 0.077058 -0.000177 0.000342 -0.000179
0.019495 -0.008178 0.014834 -0.027354 0.086421 0.125226
-0.019876 -0.009290 0.027401 0.044615 0.029638 0.052857
0.021728 0.000091 -0.002407 0.014314 -0.095033 -0.102442
-0.017010 -0.027452 0.024964 -0.112034 -0.105084 0.091681
-0.037922 -0.061565 0.039676 -0.009285 -0.083025 0.024695
0.018908 -0.017980 0.092569 -0.002079 -0.040497 -0.063277
0.135365 0.053900 -0.104801 0.029974 0.000458 -0.043554
-0.095601 0.200666 0.047642 -0.081753 -0.036662 0.100415
