-0.161215 -0.078791 0.071407 0.016036 -0.020010 -0.054847
0.112892 -0.020635 -0.001469 0.019784 0.106164 -0.131634
-0.024609 0.119209 0.090337 -0.000842 -0.001293 -0.001067
-0.036119 -0.012086 0.044193 0.003327 -0.004950 0.009406
0.146203 -0.027707 -0.000655 -0.012635 0.024993 0.026213
-0.064436 0.044953 0.011453 -0.012722 0.011815 0.007656
-0.033214 0.052610 0.030991 -0.003436 0.014872 0.007350
0.147498 0.125377 -0.007287 -0.057824 0.063843 -0.003892
-0.012168 0.188108 -0.145825 -0.044420 0.023666 0.004987
-0.035356 -0.062134 0.102335 -0.003622 -0.002571 -0.000289
-0.070041 -0.014207 0.109981 0.012276 -0.041046 -0.054763
0.007923 0.006142 0.134429 0.011629 -0.018237 0.052016
-0.081513 0.048631 -0.154488 -0.101860 -0.008653 -0.104355
-0.079005 -0.017292 -0.035688 0.032587 0.075918 0.006646
-0.211419 -0.102340 0.050968 0.016518 0.022866 -0.020043
0.045216 0.041653 -0.068333 0.095732 -0.028898 -0.014193
0.005830 0.041384 -0.068687 0.090365 -0.023367 0.077804
0.020313 -0.078460 -0.068394 0.006747 0.014934 0.002183
-0.069364 -0.041863 0.055550 0.051017 -0.001581 0.025931
-0.006837 0.002714 -0.068991 0.015898 0.034248 0.009385
-0.019022 0.005481 0.004924 0.039382 0.013800 0.043430
0.063017 -0.115713 0.070813 0.021764 -0.019500 0.063396
-0.113507 -0.163020 0.078086 -0.040701 -0.013586 0.035568
0.017743 0.008808 0.005574 -0.028080 -0.021008 -0.062948
-0.067710 0.018419 -0.052005 -0.010638 0.005125 -0.057984
-0.099167 0.022159 -0.052832 0.007996 0.002087 -0.006385
-0.110797 -0.115253 0.038959 -0.084103 0.072458 0.005805
-0.090049 0.002196 0.092196 0.038806 0.010142 -0.072117
0.123594 -0.093751 -0.063862 0.038576 -0.107640 -0.038565
-0.050688 0.028914 0.003644 0.004912 -0.003255 -0.006547
0.040670 0.089997 0.086081 -0.001094 0.008346 -0.011857
0.162846 -0.125104 -0.098992 -0.066465 -0.065492 0.082174
0.163243 -0.154629 0.098813 -0.007653 -0.067542 0.047392
-0.039305 -0.026476 -0.001396 -0.007350 0.000301 -0.005518
0.059609 0.036465 0.100855 -0.062401 0.069636 -0.070064
-0.022686 -0.156370 0.227035 0.068697 -0.006593 0.062181
-0.002894 0.097780 -0.036394 0.008207 -0.019702 -0.008866
0.014095 -0.007621 0.016389 0.035855 -0.003302 0.027962
0.153048 0.160577 -0.113259 -0.008596 -0.001813 -0.019299
-0.065653 0.160401 -0.043939 0.022464 -0.002838 0.017858
