0.006534 -0.000615 0.012293 0.001426 -0.002339 0.000474
-0.009536 0.010667 -0.012478 -0.019217 0.077536 -0.059705
-0.001309 0.082911 0.064372 0.037364 0.050688 0.066380
-0.022136 -0.001249 -0.054761 -0.037565 0.033576 -0.020523
0.104100 0.151225 0.077361 0.039814 -0.087374 -0.097103
-0.169054 -0.125062 0.116956 -0.045436 -0.028086 -0.021774
-0.004808 0.020621 0.024750 0.013997 -0.020187 -0.052327
-0.008644 -0.017315 -0.027763 0.001429 -0.025087 0.048469
0.085504 0.114644 -0.038752 -0.018018 -0.009549 -0.015563
-0.114521 -0.075981 -0.006356 0.005587 0.002690 -0.002723
0.039333 -0.028878 -0.055635 0.048397 -0.017254 -0.007293
-0.123995 0.159359 0.064497 0.012554 0.043931 0.046761
-0.093870 -0.071401 -0.098145 0.001214 -0.003255 0.002573
0.028655 -0.080423 -0.000670 0.014485 -0.000298 0.011654
-0.026990 -0.149341 -0.152460 0.056976 -0.031867 -0.019666
-0.067269 -0.036323 0.013489 -0.056324 0.013440 0.046833
-0.019613 -0.001487 -0.004996 -0.001345 0.001079 0.002223
0.188179 -0.093802 0.193322 0.005464 0.071755 0.006535
-0.050839 -0.055253 0.021535 -0.118041 -0.091504 -0.113980
-0.073397 0.064687 -0.069772 0.003619 0.075111 -0.015236
0.123105 0.151374 0.010008 0.121650 -0.023503 0.039087
0.014645 0.063888 0.040623 0.020619 0.011014 -0.000150
-0.179990 -0.006600 -0.186111 0.051894 -0.027412 0.016163
0.041014 -0.009834 -0.000374 0.024718 -0.025161 -0.036646
-0.104221 -0.092239 0.022015 0.025914 -0.031589 -0.047781
0.125982 -0.076752 0.014429 0.021759 -0.063666 0.089005
0.166968 0.165309 -0.036062 -0.014123 -0.023098 0.078085
0.018486 0.007183 0.017964 0.033492 0.021816 -0.056903
0.004352 -0.124314 -0.039928 0.115657 -0.032467 0.088440
0.059742 0.106221 -0.198431 -0.005585 0.017798 0.023715
0.047767 -0.055089 0.035981 -0.099096 -0.085530 -0.120413
0.167593 0.041859 -0.032058 0.089877 0.105409 -0.052994
0.077143 -0.041584 -0.103780 -0.041373 0.013829 0.046042
-0.172647 0.114382 0.185793 0.002582 -0.001724 -0.006226
0.004606 -0.110297 -0.111778 0.024258 -0.017470 -0.029340
-0.031717 0.075824 -0.093603 -0.040486 0.016737 0.034456
0.023312 -0.047272 0.070368 0.036031 -0.060260 -0.038947
-0.028697 -0.022823 -0.096055 -0.062451 -0.071496 -0.122359
-0.156389 0.011800 0.028232 0.023388 -0.024659 -0.111151
