-0.152868 0.021443 0.143419 -0.023199 -0.014110 -0.060730
0.201450 -0.126893 -0.168474 0.130708 -0.097051 0.068749
-0.123130 0.077458 0.139206 0.004018 0.003526 0.002338
-0.025605 -0.002166 0.004508 0.008680 -0.024717 0.022395
-0.027195 0.019517 0.027495 0.021495 -0.019442 0.020327
0.006840 0.043381 0.028324 0.001539 -0.004259 0.001871
0.000239 -0.165194 -0.042482 0.029261 0.042575 0.038004
0.107479 0.004221 0.056279 -0.007402 -0.006575 -0.016222
-0.076615 0.143946 -0.171066 -0.011003 0.066811 -0.001061
0.026570 0.079383 -0.020612 -0.022149 -0.049114 -0.048441
-0.096425 0.021682 -0.040407 -0.032390 0.051998 0.016012
0.075291 -0.071979 0.010939 0.009307 -0.062081 -0.001068
-0.061349 -0.025412 0.057004 0.016713 -0.081995 0.011553
-0.192069 -0.050715 -0.235566 0.053446 0.003881 -0.032027
-0.034113 -0.215655 -0.171818 -0.010481 -0.026240 0.073382
0.016771 -0.025526 -0.020905 0.073568 0.081146 -0.085155
-0.019781 0.088184 -0.073188 -0.000990 -0.016913 0.019514
-0.020378 -0.061992 0.077531 -0.090315 0.003144 0.090381
0.020745 0.058214 0.003698 -0.005508 0.001847 -0.003889
-0.052495 -0.020025 -0.031876 0.003948 0.016076 0.015900
0.227528 0.225534 0.088570 -0.027933 0.080428 0.019708
0.214367 -0.149534 -0.158533 0.052754 0.075965 0.027762
0.145941 0.029955 0.072980 0.027781 0.000429 -0.005941
0.089320 0.039500 0.111885 -0.005447 0.004227 -0.001731
0.139263 -0.055164 -0.165728 0.088241 0.033206 -0.085599
-0.161248 0.070756 0.025743 0.024841 -0.014312 0.018471
-0.083541 -0.071024 0.084077 0.006464 -0.071383 0.007670
0.084672 0.073123 0.051409 0.016006 -0.007719 0.012979
0.152460 -0.056195 0.032235 -0.011343 -0.000199 -0.012556
0.080508 0.217585 -0.212543 0.023709 0.022422 0.051201
0.027961 0.047994 0.006908 0.007221 -0.002727 -0.003511
0.031788 0.041151 0.016307 -0.055876 0.028349 0.081112
-0.142149 -0.102222 0.170477 0.000027 0.000042 -0.000024
-0.054830 0.015000 0.092263 0.020416 -0.025264 -0.009522
0.171202 0.133291 0.137644 0.084704 0.004274 0.065584
-0.051256 0.050034 0.014824 0.003877 0.022660 -0.004750
0.109041 -0.096512 0.019641 0.000637 -0.102087 -0.045815
0.039524 -0.210283 -0.190879 -0.018517 -0.052166 -0.060162
0.142699 -0.186661 0.094648 0.014951 0.041610 -0.031197
-0.058201 -0.008578 0.086672 0.067499 -0.037291 -0.025989
