0.111402 0.080072 -0.029805 -0.104841 -0.067144 -0.023968
0.020443 0.022895 -0.067733 -0.023728 -0.023473 0.000465
0.202024 -0.198160 0.084754 -0.008301 0.049762 -0.012395
0.068568 -0.002415 -0.081200 0.002456 0.002257 0.002750
-0.102208 0.080300 -0.006912 -0.008041 0.007763 -0.040734
-0.078650 -0.063431 0.019631 0.038206 0.026534 0.013252
0.058222 -0.067163 0.009224 -0.028629 0.106527 -0.101663
-0.103084 -0.096820 -0.070771 0.062021 0.106139 0.044997
0.049269 -0.013042 0.008045 0.083017 -0.059828 0.091402
0.026811 0.009291 0.026373 0.041291 -0.023791 0.049138
-0.035719 0.018655 0.053861 -0.052038 -0.091135 0.098413
-0.127859 0.071736 -0.030712 0.027754 0.051487 0.027323
0.028698 -0.011785 0.012226 0.014706 0.033425 0.036271
-0.096367 -0.034217 -0.058441 -0.058677 0.054126 0.009399
-0.077428 0.026649 0.093754 0.028195 -0.060730 -0.045397
-0.085022 0.112761 0.012943 -0.072131 -0.123172 0.104451
-0.079084 -0.023355 0.053807 0.016521 -0.090515 -0.082489
-0.054575 -0.010171 0.060441 -0.014375 0.060091 -0.027094
-0.077643 0.148937 -0.049823 0.001142 0.000726 -0.000764
-0.025277 -0.106112 0.139297 -0.078324 0.031469 0.068365
-0.214041 -0.159773 -0.216888 -0.006529 -0.082086 0.025436
0.017582 -0.080030 0.120765 -0.039385 -0.049927 0.011342
0.096157 0.145796 0.025310 0.003239 -0.004046 0.001454
0.114500 -0.075208 -0.047290 -0.000001 -0.057061 0.078477
0.120277 0.057793 -0.088226 -0.023715 0.125316 -0.106938
-0.000734 0.011026 0.004373 0.005025 -0.022523 0.017838
0.180702 -0.075359 -0.177787 -0.038206 0.006168 -0.019690
0.116121 0.014601 -0.167331 0.023434 -0.015046 0.000783
-0.006272 -0.099059 0.065445 -0.075136 -0.060328 0.049939
0.028413 0.008035 0.030800 0.098146 0.087275 -0.089722
-0.031960 -0.009666 0.009203 -0.005548 0.011647 0.006940
-0.010210 0.181619 0.175491 0.093607 0.121310 -0.030633
-0.026099 -0.095323 0.021772 -0.013509 0.003430 -0.031786
0.126972 0.023844 -0.072712 -0.022658 0.084929 -0.013215
0.044516 -0.151914 0.134930 -0.050134 -0.045462 -0.019968
0.032898 0.237879 0.208452 -0.003743 -0.017277 0.015409
0.077236 -0.049113 -0.069351 -0.123291 -0.070812 -0.099014
0.010911 0.157212 -0.023286 -0.040345 0.021750 -0.050266
0.040288 -0.005596 0.021589 -0.020585 -0.035887 -0.001537
-0.031581 0.001792 0.049654 0.024674 0.010667 0.016838
