-0.045743 0.158543 0.145450 0.111193 -0.105185 0.086054
0.115588 0.050966 0.062700 -0.110263 -0.110842 -0.075828
-0.032585 -0.009876 -0.007135 -0.096348 -0.040720 -0.015928
-0.049822 0.008424 0.042957 -0.005481 -0.009163 -0.001230
-0.019255 0.019856 0.017990 -0.029078 -0.135083 -0.003643
-0.038582 0.077274 -0.135941 0.000272 -0.000354 0.000161
-0.006928 -0.003704 -0.002253 -0.081135 0.023061 -0.048970
-0.113623 -0.010672 0.109246 -0.000857 -0.031826 0.025342
0.114994 0.050402 -0.119708 0.008925 0.001810 0.002939
0.055474 -0.055229 0.017846 -0.136890 0.124308 0.135056
0.172370 -0.048817 -0.009661 0.014379 -0.022338 0.012875
-0.033766 -0.136956 0.141012 -0.036182 0.035162 -0.062990
0.057550 0.045987 -0.036311 -0.061733 -0.076958 -0.100026
0.140332 -0.063684 0.057479 0.031415 0.033953 0.039122
-0.081823 -0.043637 0.013656 0.017566 -0.005814 0.056530
0.004890 0.010402 0.038367 0.102929 0.091543 0.099143
-0.077988 0.026532 0.026866 -0.075515 0.048586 0.034809
0.111816 0.149967 0.194188 0.045559 -0.059603 -0.075238
0.058428 0.045142 -0.040631 -0.008971 -0.013829 -0.009432
0.051873 -0.056641 0.019947 -0.013614 0.067619 -0.070959
0.034929 0.100352 0.150808 -0.013959 0.006792 0.010359
0.163141 -0.053735 -0.147345 0.018585 -0.046324 0.095066
-0.219035 0.219342 -0.207017 -0.042091 0.068483 0.010406
-0.172772 -0.005461 0.004916 -0.011677 -0.022653 -0.007108
-0.010937 -0.043746 0.061052 -0.094848 0.038958 0.087656
0.083266 0.051049 -0.017530 -0.093768 0.019430 -0.020794
-0.179924 -0.062732 0.205503 -0.028456 -0.002516 -0.040919
0.043482 0.174727 0.098374 -0.006269 0.034945 0.037263
0.088533 0.070227 0.051935 0.092669 0.046631 -0.137308
0.004164 0.018244 -0.101277 0.026076 -0.024981 0.005862
0.200396 -0.190461 -0.174223 0.020022 0.016154 -0.016964
0.050977 0.065297 0.164741 -0.046911 0.035823 -0.040957
0.208649 -0.229445 -0.179337 0.015811 -0.004963 0.007598
-0.144080 0.130585 -0.089412 -0.052864 0.083059 0.028524
-0.105122 -0.065712 -0.011053 -0.002088 -0.014191 -0.006603
0.059920 -0.102544 0.066174 0.081897 -0.005499 -0.032414
0.156267 -0.043896 -0.002753 -0.002558 -0.020520 0.013526
0.035728 -0.029183 -0.031590 0.024433 0.015998 0.025778
-0.177451 0.007055 -0.147399 0.067539 0.011274 -0.089388
-0.013179 -0.122470 -0.083063 -0.022005 0.003842 0.018829
