-0.174411 0.099967 0.138377 0.116723 -0.119942 -0.134168
-0.117821 0.007204 0.158279 -0.027316 0.030701 0.010135
0.042884 -0.038884 0.008417 0.032405 0.028609 0.027908
0.165764 -0.099772 0.115693 -0.076627 -0.027985 -0.011926
-0.035624 0.066886 0.053653 0.103456 -0.034161 -0.128093
-0.091484 0.198317 0.042301 0.028504 0.026258 0.067480
-0.025932 0.122447 0.054448 -0.042517 0.044816 -0.137902
-0.025671 -0.042095 0.094087 0.011921 -0.025549 0.012878
-0.131968 -0.190322 -0.068211 -0.000826 -0.000662 -0.000306
-0.073975 0.040755 0.008334 0.001295 -0.026788 0.070598
0.053700 -0.165857 0.110723 0.062098 -0.040615 0.034267
0.170496 -0.025786 0.197851 0.049108 -0.034160 -0.009448
0.038237 -0.050211 -0.008130 0.025175 0.002688 -0.053228
-0.089431 0.038240 0.135322 -0.042080 0.085434 -0.003553
-0.089036 0.106690 -0.062925 0.139249 0.087173 -0.042532
-0.105182 -0.006168 0.045580 0.030360 0.101784 -0.100190
0.197753 0.053813 0.039718 0.009349 0.001410 -0.001780
-0.147654 -0.141220 0.088969 -0.106032 -0.080155 0.057952
-0.177812 -0.118732 0.076564 -0.030871 -0.020682 -0.019135
-0.181332 0.090669 0.062089 0.006093 0.005871 -0.018130
0.105742 0.073735 -0.112173 0.000395 0.083467 -0.030026
0.095956 0.223423 0.080564 0.018171 -0.089369 0.007452
0.056845 -0.082062 0.024568 0.024103 0.004931 -0.031949
0.046137 -0.013680 0.022059 0.001065 -0.016831 -0.025949
0.034976 0.015541 0.051620 0.025523 0.019565 -0.020411
0.020557 -0.063767 -0.008190 0.005795 0.002103 -0.008259
-0.059189 0.075688 -0.066319 0.020825 -0.024566 -0.011861
-0.042585 0.029864 0.004623 0.008546 0.000514 -0.033565
-0.011997 -0.025636 0.001509 -0.000890 0.023918 0.006934
0.077633 0.001371 -0.059246 0.011617 -0.013407 0.016910
-0.072023 -0.042492 -0.038388 -0.006474 0.021118 -0.058833
0.125033 -0.074121 -0.015870 0.064118 0.010381 -0.022832
-0.023745 -0.046656 0.086857 0.052634 0.036540 0.004950
-0.004623 -0.054713 -0.013504 0.005558 0.034204 -0.069573
0.208763 -0.052690 -0.237649 -0.010798 -0.034923 0.045045
-0.094703 -0.014063 0.060228 0.002497 -0.003225 0.005857
0.012658 0.052172 -0.090851 0.031609 -0.051251 -0.025582
0.035562 0.037083 -0.077432 0.009845 -0.005208 0.003422
0.018121 0.162938 0.048616 0.002842 -0.013939 0.035719
-0.005064 0.026132 0.039887 0.003578 0.002686 -0.000372
-0.021874 0.185603 -0.079728 -0.082216 -0.023604 -0.085393
