0.051755 0.043017 0.065899 0.028141 -0.031976 -0.052814
-0.119756 -0.073315 0.222294 0.138872 -0.069340 0.069539
-0.008397 -0.013316 -0.008484 -0.020383 0.055491 -0.060216
0.108697 0.028644 0.032212 0.027158 0.001641 -0.016607
-0.052798 0.026494 0.095664 0.019137 0.015246 0.032867
-0.012851 -0.062474 0.136606 0.003372 0.014647 -0.027964
0.034605 -0.013065 -0.072150 0.118715 -0.102091 -0.076794
-0.028278 0.034658 0.017714 -0.049239 0.041033 -0.045820
0.006338 0.019349 0.002226 -0.006350 0.006725 0.023296
0.078103 0.066979 0.083124 -0.069151 0.029041 -0.084982
-0.009313 0.014154 0.013965 -0.029636 -0.017539 -0.027723
-0.018635 -0.007529 0.069921 -0.002389 -0.072009 0.044482
0.000030 0.057722 -0.057078 -0.109515 -0.036055 0.034497
-0.004843 -0.056881 0.134412 -0.048896 0.037801 0.055828
0.081939 -0.036177 -0.129904 -0.080877 0.109248 -0.128399
0.015198 0.020092 -0.028894 0.001069 -0.012950 0.000623
0.028688 0.084154 0.012302 -0.000221 0.000409 0.000118
-0.056366 0.038115 -0.028340 -0.016219 -0.047647 0.047384
-0.011617 0.013349 0.030230 -0.034138 -0.134873 0.067590
0.010620 0.014580 -0.015379 0.004041 0.015190 -0.031066
-0.116584 -0.066753 0.087472 -0.003451 -0.034307 0.011186
0.056263 -0.061546 -0.018361 0.037940 0.052629 0.001409
-0.096471 -0.076443 -0.090133 0.056474 0.053582 0.026899
-0.038198 -0.074442 0.077975 0.012567 -0.011822 0.003311
-0.029989 0.006806 0.028908 0.038846 -0.001216 0.038281
0.003304 0.024229 -0.178522 -0.092764 -0.056066 -0.075908
0.107929 0.157256 -0.034574 0.102788 -0.026731 -0.036361
0.027706 0.067337 0.072692 -0.042880 0.085220 0.058362
0.063778 0.108456 0.042440 -0.050776 -0.098135 -0.074571
0.141505 -0.182789 0.166147 -0.064393 -0.051337 -0.127364
0.023258 -0.028502 0.005106 0.011544 -0.015307 0.001953
0.019173 -0.022652 -0.005816 0.016436 -0.023063 -0.020853
0.113518 0.073600 -0.033116 0.010602 -0.007559 0.010805
0.030079 0.051709 -0.101656 -0.072283 0.033355 -0.045122
-0.055799 0.011347 -0.025383 -0.003714 0.001057 0.008559
0.048111 -0.019145 -0.016021 0.000063 0.019377 0.001561
0.134127 0.197847 -0.046781 0.114805 0.052194 -0.066810
-0.002341 -0.035723 -0.041343 0.010213 0.059185 -0.008021
-0.094787 -0.012944 -0.009745 0.004575 0.030119 -0.022054
0.190846 0.153847 0.052605 -0.015498 0.081836 -0.058936
0.027698 -0.020272 0.023068 0.030117 -0.085683 0.127130
