0.232578 -0.146232 0.002093 -0.013018 -0.044686 0.036057
-0.039213 0.022744 0.009470 0.001482 0.002992 -0.003247
-0.021737 -0.027381 -0.007125 -0.068961 0.061252 0.025967
-0.029162 -0.031464 -0.067244 0.029489 -0.010491 0.042133
-0.104738 0.136439 -0.080851 0.025102 -0.019764 -0.027172
0.100796 0.016866 -0.033800 0.009417 -0.001569 -0.016938
0.072067 0.165878 0.068642 -0.081386 0.053850 0.062951
0.019276 0.144337 0.014714 0.124825 -0.054784 -0.065126
0.025923 0.114991 -0.085379 -0.028079 -0.029551 0.040988
0.051042 -0.033751 -0.003609 -0.026928 -0.025607 0.042662
-0.151123 0.172302 -0.210026 0.087827 -0.080197 -0.010324
-0.014482 0.005648 -0.012510 0.031083 0.016405 -0.058481
0.005948 0.050825 -0.048957 -0.031608 -0.029382 0.012497
-0.137443 -0.164488 0.202272 -0.050389 -0.097973 0.101402
0.057018 -0.169743 -0.204320 0.043431 -0.021364 0.011079
0.127282 0.157715 -0.103921 -0.029204 -0.086722 -0.106942
0.035190 -0.034134 0.081546 0.020711 -0.033181 -0.025806
-0.070009 0.085445 0.124919 0.021483 -0.017799 -0.008583
0.094198 -0.026612 0.020342 -0.001917 -0.113115 -0.094570
0.033722 -0.045058 -0.036410 -0.058832 -0.012363 -0.024573
-0.254743 0.183939 -0.120998 0.025867 0.023499 0.047220
0.224804 -0.051319 -0.096670 -0.110398 -0.058664 0.101111
0.047017 -0.008983 -0.062605 0.024673 -0.041498 0.050876
0.024110 -0.104513 -0.162431 -0.015643 0.022303 -0.019447
-0.069775 0.038382 0.009307 0.034377 -0.001876 -0.055113
-0.020671 0.018205 -0.015965 0.020939 -0.014614 0.000738
-0.123954 0.055156 -0.054690 -0.014336 -0.010578 -0.013646
-0.034455 0.083579 0.086912 0.005518 -0.001481 0.009281
-0.236108 0.206886 0.215725 0.048166 -0.013070 0.058931
-0.106792 -0.147650 -0.115606 -0.048104 -0.106401 -0.095117
-0.029954 -0.005073 0.031096 -0.008175 -0.009371 0.001756
0.010155 0.008249 -0.033239 -0.009288 -0.109476 0.063775
0.211314 0.189127 0.106966 0.064134 0.079362 0.001180
0.048307 -0.123500 0.016162 -0.005451 0.025319 -0.039046
-0.111905 0.144129 -0.139264 -0.001792 0.032701 0.038702
0.109727 0.121379 -0.062413 0.008625 -0.005235 0.032324
-0.088068 0.034818 -0.075750 0.018218 -0.005509 0.072169
-0.154952 -0.101180 0.118723 0.119480 -0.095195 0.112249
-0.161001 -0.102804 -0.104175 -0.032923 0.019011 0.134712
0.084931 0.046302 0.068496 -0.035939 0.037800 -0.013256
