-0.186012 0.133983 -0.175253 0.003160 0.069874 -0.034987
-0.051192 -0.063433 0.120407 0.034659 -0.003499 0.069899
-0.045782 -0.028112 -0.055653 -0.116428 0.056814 -0.099295
-0.061577 0.083329 0.198147 -0.025738 -0.022997 -0.029131
0.182426 -0.056009 -0.112143 -0.057115 -0.113709 -0.097018
0.027147 0.081163 0.109605 -0.009605 0.053440 -0.018624
0.023217 -0.000609 -0.028027 -0.069848 -0.031659 -0.085355
-0.115536 0.116380 -0.162531 -0.006050 0.079423 -0.084782
-0.155573 -0.135215 -0.057052 0.042962 0.052981 0.056023
0.008516 0.012660 0.014078 -0.077210 0.016007 0.072478
0.012342 0.006036 -0.006997 -0.126678 0.112715 -0.011897
-0.076512 -0.063595 -0.003767 -0.118928 -0.035127 0.006340
0.028128 -0.011564 -0.004870 -0.022790 -0.022858 -0.005303
-0.002129 -0.035373 -0.037377 0.016112 0.023333 -0.049795
0.066751 -0.167744 -0.014205 0.000222 0.037460 0.109657
-0.039081 0.035919 -0.020699 0.019995 0.027814 0.013049
-0.111410 -0.064189 -0.052700 -0.008049 -0.044145 -0.036764
0.071680 0.038441 -0.052254 0.010076 -0.005443 0.030287
0.203057 0.023001 0.141446 -0.032377 0.043606 0.031110
-0.072320 -0.161268 -0.183417 0.025317 0.040516 -0.028137
-0.058544 0.108251 0.110422 0.067243 -0.122535 -0.065171
0.070736 0.065648 -0.155941 -0.009149 0.034626 -0.009992
-0.026870 0.011051 -0.079504 -0.032496 -0.039201 0.000094
-0.222277 -0.185366 0.075765 0.006289 0.028943 -0.027591
-0.019190 -0.026706 0.094110 0.023720 0.006493 -0.018856
-0.168195 -0.155526 -0.057521 0.040251 -0.054333 -0.050665
0.041150 0.010724 -0.057600 0.004833 -0.005276 -0.000322
0.040078 -0.032891 0.044192 -0.013859 0.025060 0.039307
0.083645 0.059917 0.189272 0.101014 0.016982 -0.069536
0.025476 -0.068320 0.027531 -0.039649 -0.049550 -0.019161
0.158338 -0.067758 0.119536 -0.003096 0.003431 -0.006102
0.206704 -0.060177 0.000358 0.000439 0.014624 -0.019853
-0.021052 0.143705 0.068061 -0.012696 0.053952 -0.034371
0.037436 -0.047288 -0.021437 -0.007980 0.008286 -0.011126
-0.049283 0.014276 -0.025467 0.034820 0.032077 0.002615
0.020930 0.037600 -0.019078 0.005270 -0.016462 0.007863
0.006683 -0.041843 -0.006546 -0.013103 -0.004624 0.014492
0.033180 0.146384 0.082898 0.010485 0.027767 0.025659
0.041835 0.081675 0.123077 0.127457 0.022752 -0.089088
