-0.015567 0.017382 0.011035 -0.044244 -0.066618 -0.032421
0.056043 0.012865 -0.056426 -0.024259 0.011153 -0.032988
0.007273 -0.047394 0.048683 -0.066319 0.017125 -0.047617
-0.208448 -0.050081 -0.192440 -0.022404 0.039092 0.017240
-0.087789 0.038006 -0.099365 -0.027814 -0.076460 0.090728
0.071668 -0.080426 -0.025746 -0.006710 0.000946 0.006627
-0.158197 0.157433 -0.002930 -0.005700 -0.009539 0.017534
0.110482 -0.054084 -0.067894 -0.090115 -0.032284 -0.075387
0.088106 0.052117 0.012507 -0.083742 0.102781 -0.088380
-0.134769 -0.004445 -0.075933 0.015928 -0.014058 0.017897
0.087674 0.048762 0.017169 -0.109209 -0.027709 0.100055
-0.240221 0.242355 0.028247 -0.057753 -0.002674 0.016270
-0.199329 -0.032875 0.165266 0.054379 -0.011166 -0.070325
0.005970 -0.035808 -0.028399 -0.001238 0.023635 -0.021656
0.183196 -0.038109 0.025689 0.014786 -0.060384 0.078355
-0.213353 0.036438 0.163042 0.017433 -0.083779 0.123179
0.016422 0.032834 0.010385 0.059706 -0.087036 0.038376
0.071191 -0.048408 -0.007706 -0.002424 0.003159 -0.002743
-0.001853 -0.038463 -0.014358 0.051185 0.028918 -0.010640
-0.150532 0.032719 -0.129637 0.011644 -0.004658 -0.000877
0.026110 -0.159279 0.196605 0.034582 0.050758 0.067007
0.066674 0.081575 0.059190 -0.072423 0.020794 0.050172
-0.037740 -0.032811 0.022077 -0.035120 0.026741 0.001178
-0.153798 0.141997 0.089371 -0.000424 -0.000613 -0.044853
-0.106752 0.044355 0.068288 -0.041086 0.044347 0.063688
0.091411 -0.127089 -0.036152 -0.026829 0.110885 -0.086839
-0.007293 -0.029636 0.009085 0.088462 0.059215 0.032049
-0.071828 0.041865 0.049102 -0.004350 -0.007440 0.030471
0.024076 -0.106843 0.046707 -0.008520 -0.039434 0.040138
-0.008384 -0.132750 0.175923 -0.027890 -0.019094 0.046128
-0.106432 0.082141 -0.031309 0.038566 0.058618 0.109300
0.127284 0.134785 0.036033 -0.022069 0.063799 -0.051720
-0.034707 0.111196 0.120512 0.005217 -0.057651 -0.065008
-0.082469 -0.076834 0.096975 0.002439 -0.000423 0.011119
-0.044189 -0.225334 -0.142478 -0.107585 0.040333 -0.007867
-0.055079 -0.193828 -0.076083 0.011246 -0.008718 0.009133
0.013695 -0.027954 -0.007587 -0.000740 -0.109243 -0.109655
0.047567 0.185727 -0.091650 -0.001341 -0.007408 -0.001658
0.136062 -0.037078 0.106395 0.017434 0.022609 0.001778
0.040250 -0.036269 0.042556 0.019142 0.050067 -0.011360
