0.040555 0.114650 -0.059526 0.109756 0.141976 0.026787
0.060104 -0.076982 0.118949 0.004941 -0.056806 0.075608
0.027508 0.007231 0.017175 -0.067480 -0.031398 -0.097244
0.065625 -0.111229 -0.001644 -0.121545 0.071194 0.013075
0.058492 -0.049510 0.210344 0.092560 0.075144 0.050027
-0.045604 -0.105612 -0.056299 0.050995 -0.030454 0.059007
-0.183029 0.162511 -0.088530 0.058050 0.045849 0.005269
-0.130098 -0.019989 -0.124595 0.008085 0.003496 -0.041712
-0.047411 0.046271 -0.068143 0.016111 -0.048346 0.030980
0.061847 0.095636 -0.000294 -0.073591 -0.043887 -0.063228
0.116001 -0.146337 0.203721 0.056440 -0.056542 0.037151
0.136199 0.033317 0.127764 0.014211 0.018085 0.005536
-0.042073 -0.004651 0.008417 0.009247 0.013206 0.003576
-0.113617 0.063611 -0.049818 0.043058 -0.088570 -0.035211
-0.072484 -0.159005 0.081930 0.009269 0.017908 -0.048733
-0.072578 -0.021167 0.044310 -0.132311 -0.033577 0.051166
0.056988 0.017106 -0.028219 0.076066 -0.076714 0.044643
-0.104509 0.134859 0.044579 -0.117263 -0.114170 -0.093657
0.171945 0.076920 0.164546 -0.000497 0.001366 -0.004834
-0.095786 0.095563 -0.054615 0.015543 0.019306 0.002967
-0.039047 0.000873 -0.027355 0.002324 -0.001229 -0.001144
0.025063 0.112906 -0.075704 -0.012658 0.013007 -0.095546
0.051907 -0.135015 0.026377 -0.057599 0.030721 0.024631
0.118603 0.097075 0.123289 0.037795 -0.017998 0.017193
0.035562 -0.005435 0.017153 -0.040097 0.049794 -0.006333
-0.067802 0.137732 0.081245 0.033043 0.023318 0.042269
-0.104534 0.123492 -0.002119 0.012373 -0.000203 0.024037
-0.006558 -0.040375 -0.038923 -0.060882 0.096501 0.103108
0.004658 -0.045435 -0.086572 0.085424 -0.037880 -0.048853
-0.088047 -0.034015 0.129077 0.001946 0.006056 0.010938
0.030038 -0.024464 -0.001568 0.010314 0.021708 -0.006868
-0.050839 -0.094233 -0.030975 -0.035219 0.035569 0.033316
-0.071418 0.115049 -0.102079 -0.071819 0.012553 -0.104123
0.019413 -0.071206 -0.039382 -0.020624 -0.031586 0.072214
0.035206 -0.021956 -0.002689 -0.033971 -0.022724 -0.035769
0.132926 0.047638 -0.070844 0.030134 -0.082050 0.042282
-0.083936 -0.049024 -0.043778 -0.061061 -0.055860 -0.045860
0.014822 -0.007569 0.028712 0.001558 0.008625 0.008679
-0.029198 -0.016640 0.019374 -0.002318 -0.025706 -0.009080
