-0.015759 0.005481 -0.007784 -0.041737 -0.028599 -0.072925
0.012495 0.210693 -0.220201 0.034546 0.070930 -0.019637
-0.062033 0.098449 -0.086877 -0.003778 0.009854 0.012950
-0.017653 0.071607 -0.089416 0.009594 -0.002349 -0.010979
0.247033 0.051664 -0.074390 -0.007951 -0.052160 -0.011166
-0.033878 -0.058764 -0.032561 0.006891 -0.029723 0.009598
0.038044 -0.072496 -0.020042 -0.005727 -0.002817 0.006716
0.047760 -0.085211 0.095216 -0.022189 -0.035707 -0.024733
0.078359 0.043823 0.076928 -0.016300 0.069450 -0.044315
0.052045 0.047056 0.043502 0.006757 -0.019709 -0.019415
-0.069512 0.058931 -0.080085 0.021563 -0.025411 0.080703
0.012595 -0.062095 -0.004024 0.101251 0.003882 0.094014
-0.006063 -0.029695 0.071735 0.009382 -0.044172 -0.057015
-0.016658 0.001257 0.035172 0.021386 -0.080011 -0.023912
-0.062716 0.030401 0.001329 -0.038217 0.060285 -0.013690
-0.091594 0.101097 0.092646 0.042714 -0.007788 -0.057014
0.129020 -0.007600 0.147035 0.003616 0.047828 0.057645
0.006785 -0.010982 -0.000136 -0.016621 -0.019213 0.033244
0.077603 -0.128167 -0.064341 0.051519 -0.017778 0.030266
0.094651 0.155428 0.100998 -0.031028 0.097915 -0.135985
0.097101 0.042257 0.128805 -0.034421 0.084528 0.019572
-0.013026 0.059085 -0.099223 0.014332 -0.053384 -0.000402
0.014059 0.055150 0.148182 0.012696 -0.014298 0.019365
-0.076522 0.032043 -0.181790 -0.069334 0.007351 -0.108912
0.006023 0.145931 0.041932 -0.004766 0.028263 0.042989
-0.045354 0.005335 0.081620 0.011138 0.001070 0.006762
0.108176 -0.083383 -0.052747 -0.012397 0.017519 0.000148
-0.088286 0.124615 0.008230 0.036539 0.055120 0.064535
-0.037842 -0.055115 -0.082405 0.027669 0.020186 -0.041969
-0.028549 -0.015745 -0.104211 -0.081974 0.059082 -0.007389
-0.084757 -0.117147 0.089656 -0.023875 0.027198 -0.005244
-0.098395 0.027859 0.143825 -0.113546 0.020554 -0.012281
0.029562 -0.002949 0.039127 0.032278 -0.033426 -0.063056
0.086178 -0.159707 0.081041 0.067261 0.106324 0.111154
-0.056989 0.179054 0.060063 -0.052724 0.006295 -0.029216
0.033653 -0.032667 0.000393 0.011103 -0.001548 0.018918
-0.045153 0.037801 0.023465 0.014023 -0.025145 0.026740
0.095117 0.113108 0.143578 0.038408 -0.002330 -0.026799
-0.045796 -0.141644 0.065088 -0.004955 0.000894 -0.002566
-0.066555 0.059376 -0.060893 -0.028834 0.019934 0.024226
