0.009389 -0.019044 0.022608 -0.008437 0.002377 0.069261
-0.018305 0.016671 0.086093 0.046960 -0.051876 0.034150
-0.088376 0.011446 0.058807 -0.063070 0.074083 -0.016115
0.005544 -0.003800 0.012983 0.008738 0.003962 0.007928
0.065349 0.021667 0.061202 -0.068460 -0.055066 -0.023909
0.087960 -0.060649 0.049254 -0.008816 -0.000522 -0.015085
0.055155 0.006364 0.106535 -0.054680 0.070113 -0.045934
0.033924 -0.075584 -0.026366 0.000074 -0.032148 -0.040493
-0.016830 0.004203 -0.002039 0.047278 -0.010513 0.027725
0.031850 -0.049678 0.022538 0.009189 0.028599 0.003045
0.046096 -0.129895 -0.184774 0.015620 -0.003958 0.001602
-0.000626 0.008795 -0.009811 0.022159 -0.020851 0.041225
-0.006580 0.074255 0.088251 -0.003981 -0.004341 -0.000989
0.057903 0.033559 -0.110957 -0.017704 -0.003780 -0.019026
-0.034096 -0.023930 -0.037558 -0.108755 0.000305 -0.043398
-0.024936 0.010979 -0.012722 -0.029229 -0.016125 0.105739
0.079874 -0.197633 -0.097897 -0.033115 0.117903 0.052468
-0.047638 0.095465 0.079011 0.005174 0.005895 0.005277
-0.168481 -0.081134 -0.063843 -0.023385 -0.011339 -0.034828
-0.083052 0.025274 -0.052151 -0.016639 -0.039622 0.035949
0.005790 0.090239 0.122344 -0.015689 -0.008569 0.003394
0.073770 -0.069713 0.111768 0.062407 0.067146 -0.010870
-0.075995 0.070776 -0.022650 -0.021884 -0.060585 -0.026759
0.104436 0.002613 0.095618 0.057657 0.062791 0.003272
-0.017099 0.066254 -0.080876 -0.095125 0.092646 -0.080850
-0.001161 -0.016738 0.009799 0.089185 0.010261 0.126062
0.117711 0.005557 -0.225702 0.034222 -0.058380 -0.029338
-0.026002 0.061688 0.089986 0.054224 -0.003840 0.041712
0.172847 -0.073330 0.059343 0.005396 0.000429 0.003563
-0.197529 0.109987 -0.073508 -0.031679 -0.025352 0.025016
0.027443 0.028249 -0.043893 -0.074904 0.076146 0.066614
-0.019849 -0.071643 0.092330 -0.117594 -0.000241 0.012231
-0.008203 -0.069547 -0.034052 -0.098840 -0.072481 0.094552
0.013027 -0.020334 0.018873 0.011323 -0.049731 0.071319
0.023297 -0.005737 0.009320 0.018051 -0.019511 0.004235
0.068210 -0.037213 0.068396 -0.004511 -0.005325 0.002873
0.025574 0.033728 -0.000674 -0.013554 0.044065 -0.077263
-0.081974 -0.153728 -0.115849 -0.018874 0.003965 0.022961
-0.051794 0.051517 0.016748 -0.044101 0.056015 -0.025750
-0.022546 0.003908 0.008960 -0.002361 0.002635 -0.004632
