0.006399 0.017487 -0.010893 -0.050933 0.069022 -0.044051
0.035443 -0.005546 -0.031306 -0.043273 0.042296 0.094546
-0.076878 0.102288 0.148543 -0.067866 0.052302 -0.083904
0.072926 0.013483 -0.002467 0.119788 -0.001545 0.083577
0.088893 0.114832 -0.010528 -0.025450 0.012916 0.029367
-0.005681 -0.012261 0.008574 0.039292 0.048471 0.049307
-0.100719 0.040854 -0.098105 -0.019973 -0.088768 0.007560
0.176335 -0.177185 -0.111616 -0.055220 -0.079708 0.046542
-0.027064 -0.049307 -0.031159 0.095250 0.033081 -0.119639
-0.131861 -0.039707 -0.162244 0.000153 0.006318 0.001543
-0.188699 -0.188005 0.155869 -0.051954 -0.004551 -0.037716
0.011725 0.043754 0.005939 0.002130 -0.012771 -0.024877
-0.070713 -0.030822 -0.202597 0.025304 -0.019352 -0.085790
0.047892 0.034125 -0.022624 0.096551 -0.030407 -0.089797
0.031054 0.076578 -0.055212 0.011034 0.026417 -0.015644
-0.122926 -0.134355 -0.198058 -0.107499 -0.036131 0.143001
0.233851 0.004171 -0.031800 0.081592 0.031878 -0.023025
0.013997 -0.116776 0.119299 0.003926 0.000181 0.000552
-0.183086 0.147260 -0.119536 0.000720 -0.001158 -0.001248
0.089782 -0.000454 -0.199744 -0.050050 -0.036160 0.019679
0.215822 0.153548 0.067972 -0.000635 0.028584 0.079786
0.106670 -0.214561 0.058510 0.002274 0.015081 -0.005151
0.036734 0.062429 -0.093029 -0.079523 0.046988 0.095353
-0.002502 0.137269 -0.131444 0.074549 0.012934 -0.017602
-0.018707 0.026676 0.006184 -0.116434 0.100389 0.093716
-0.022277 -0.059330 0.017508 0.014184 -0.005871 0.028868
0.025087 0.146246 -0.037372 -0.028918 0.031039 -0.043561
0.088468 0.107856 0.070014 0.101337 -0.057199 -0.044417
-0.141190 0.079241 -0.033386 0.003186 -0.010166 0.008187
-0.103835 -0.055406 -0.041555 -0.004174 -0.002266 0.000241
-0.022682 -0.009424 0.096484 -0.018859 -0.014535 -0.000520
0.105217 0.074899 0.109248 0.019110 0.046021 0.047108
0.200976 -0.160525 -0.044735 0.051934 -0.051634 -0.063105
-0.069639 -0.046933 0.039135 -0.053013 -0.113560 -0.109145
0.129678 0.054484 -0.036272 0.032750 -0.038295 0.000898
-0.054953 -0.079378 0.028606 0.016640 0.021851 0.008675
-0.159561 0.158966 -0.009417 -0.019442 -0.025439 0.051121
0.006167 -0.030689 -0.025042 -0.039129 0.053429 0.049647
0.021332 0.012199 0.032292 -0.065140 0.001999 0.051940
0.075475 -0.077540 0.105229 -0.092440 0.073337 0.063335
0.014332 -0.200065 0.136614 -0.004835 0.006491 0.006709
