0.035235 -0.042534 0.037765 0.005002 -0.010817 0.013867
0.039639 0.083845 -0.017082 -0.046988 0.045770 -0.030521
-0.099089 0.093622 0.152269 -0.032170 0.006901 -0.032486
0.040720 0.069756 0.144033 0.020863 -0.006965 0.030204
0.008286 -0.022424 0.023969 -0.002607 -0.006538 0.002369
-0.040178 0.062519 0.011934 0.052634 0.073361 0.003404
0.097439 0.032510 0.179816 0.028636 -0.029779 -0.011201
0.102715 0.131503 -0.091220 -0.079316 -0.074289 -0.077358
0.038532 0.149638 0.152872 -0.067835 0.041045 -0.070920
-0.059980 0.139693 -0.168002 -0.005169 -0.006106 -0.005700
0.167952 -0.087493 -0.150793 0.020203 -0.022068 0.003288
0.094634 -0.001522 -0.044146 0.006814 0.013750 -0.011374
0.103505 0.140424 0.023469 0.101733 0.062793 0.003170
-0.124469 -0.077814 -0.095588 -0.015747 0.011048 0.002319
0.057329 -0.151057 -0.086396 0.046119 -0.104823 -0.051335
-0.239624 -0.002450 0.225316 -0.018197 -0.068967 -0.065694
0.029502 0.009480 0.042445 0.011281 -0.039340 0.025214
-0.148739 -0.051938 0.181636 0.095855 -0.009700 -0.022105
-0.076909 -0.089737 -0.030229 -0.000919 -0.005510 0.014391
-0.212971 -0.050159 0.157753 -0.029983 -0.031731 -0.022887
-0.001370 0.031161 0.016224 -0.007581 -0.038389 -0.016767
-0.159178 -0.116367 0.027106 -0.047480 0.126586 -0.052422
0.087082 -0.072924 0.065509 0.000818 -0.000458 -0.000990
-0.091542 -0.129532 0.028220 -0.070308 0.035966 0.072887
0.176082 0.038320 0.150498 -0.006772 -0.029984 0.055626
0.009652 -0.017972 0.030916 0.002200 -0.007207 0.016491
0.031695 -0.034255 0.029995 0.017774 0.015861 -0.019121
0.005414 -0.079555 0.064759 0.006303 -0.011024 0.004879
-0.212078 0.072766 -0.177364 -0.021622 -0.004793 0.015118
-0.039455 0.093512 0.074208 -0.004858 -0.111658 -0.100635
0.085635 -0.041651 0.034605 -0.009296 -0.017621 -0.025007
0.047828 -0.099050 -0.062051 -0.115352 -0.067631 -0.085409
0.129051 0.043752 -0.040988 0.007869 0.005751 -0.015579
-0.055918 0.084573 0.150103 -0.009931 -0.012017 0.000813
0.177042 0.134660 0.066925 0.032807 -0.026336 0.083805
-0.058791 0.043318 -0.032847 0.030339 -0.052230 0.008427
0.053452 -0.065423 0.030614 0.006683 -0.000814 0.003870
-0.001697 0.043108 0.006502 -0.002499 0.019262 -0.026546
0.024395 -0.046125 0.014922 0.003953 0.026376 0.015993
-0.124047 -0.115386 -0.125229 -0.008764 0.004011 0.001929
-0.097190 -0.056169 0.034776 -0.013401 0.030456 0.033403
