0.027540 -0.152414 0.022446 -0.014402 0.039966 0.047575
-0.057480 -0.104742 0.086772 -0.006813 0.061412 -0.063518
0.001597 -0.036344 -0.008398 -0.043823 0.004389 -0.027535
-0.021259 -0.015985 -0.019467 0.019606 -0.006920 -0.006018
0.033474 -0.000404 -0.037427 -0.000005 -0.000001 0.000001
0.061815 -0.109004 -0.066408 0.014283 -0.012965 -0.005902
0.018787 -0.021589 -0.000349 -0.044191 -0.007379 -0.018846
-0.123365 -0.101936 -0.004682 0.009283 0.000447 0.010046
0.030032 -0.045456 -0.051233 0.028439 -0.046467 0.012669
-0.028972 0.016364 0.041085 -0.023096 -0.003220 0.001621
0.072668 -0.021818 -0.188401 0.003098 -0.000599 -0.003842
0.026284 -0.021664 0.020220 0.017136 -0.024163 0.008304
0.020936 -0.214693 -0.199867 -0.077658 -0.062675 0.020986
0.177062 -0.061104 -0.073247 0.025893 -0.021768 0.016337
0.009361 -0.201569 -0.005227 0.013907 -0.021734 0.030238
0.116421 0.072462 -0.172979 -0.055015 -0.025678 0.023871
0.067549 0.136311 0.142422 0.019385 -0.007981 0.037408
-0.020781 -0.017596 -0.035020 -0.037467 -0.089926 -0.085606
0.090286 0.154968 -0.143709 0.009637 -0.048386 0.046245
0.093541 0.064372 0.014542 -0.029944 0.006545 -0.010479
0.093150 -0.016129 -0.028371 0.011947 0.008650 -0.000492
-0.062268 0.074411 0.047474 0.003872 -0.030436 -0.036909
0.157696 -0.098955 -0.024254 0.094157 -0.042531 0.113111
0.028511 -0.129196 -0.129676 -0.115981 0.025025 -0.046802
-0.027758 -0.039763 0.060595 0.086572 -0.007178 0.010101
0.054721 -0.032322 -0.061013 0.057782 -0.016975 -0.078707
-0.189628 -0.013622 -0.164296 0.101172 0.042442 -0.005489
-0.132956 0.082870 -0.092660 -0.026433 0.012028 0.029589
-0.072724 -0.024485 0.138672 -0.076435 -0.032437 0.042930
0.125801 0.036422 0.156928 -0.079393 0.131493 0.118437
-0.003638 -0.004565 -0.002133 -0.018706 0.061009 -0.049356
-0.001863 -0.021093 0.040570 0.008777 -0.061976 0.040490
0.124944 0.245930 -0.238588 0.060335 -0.043869 -0.039205
-0.151407 -0.087571 0.003424 0.059229 0.075795 -0.082697
0.034473 0.105959 -0.164295 0.001324 -0.092257 0.032040
-0.087871 0.085817 -0.020553 -0.067736 0.059688 -0.039164
-0.019307 -0.021115 0.023118 0.030947 -0.013926 -0.020482
-0.010713 0.162887 -0.226864 -0.032316 0.079443 0.045358
-0.004293 0.020613 -0.060476 -0.000064 -0.000643 -0.000236
0.056791 -0.200889 -0.243766 0.071640 0.026154 0.049204
0.005607 0.142086 0.000896 0.064106 0.007096 -0.065552
