0.034675 -0.011626 0.033181 -0.007189 0.004478 0.005598
-0.083024 0.097024 0.031423 -0.017355 0.036948 -0.032650
-0.084295 -0.094300 -0.076030 -0.104284 0.042171 -0.052177
0.040560 0.012449 0.014185 0.017673 0.013025 -0.002241
-0.023459 -0.073498 0.062954 -0.033351 -0.056104 -0.005760
-0.049102 -0.013228 -0.008026 0.011348 -0.048280 -0.026486
0.218432 0.101295 -0.018811 0.009950 0.003536 0.027540
0.160737 0.158091 -0.017582 -0.029934 0.003864 -0.040902
0.110056 -0.064516 -0.116366 -0.019204 -0.039794 -0.012657
0.128534 -0.007705 -0.016561 0.069189 0.093208 -0.035230
-0.113978 -0.074725 -0.090328 0.003651 0.003364 -0.000578
0.001858 -0.121853 0.070595 -0.004922 -0.011800 -0.004386
0.016202 -0.008556 -0.049846 -0.020830 0.018604 -0.020723
-0.036433 -0.018465 0.023832 -0.074719 0.054245 0.080212
0.042166 0.024840 -0.024959 0.052611 0.006714 0.029571
-0.082558 0.033718 -0.165569 -0.045520 0.040423 -0.049766
0.077326 0.097620 0.051792 -0.021489 -0.013027 0.011775
0.059815 -0.051764 -0.019858 0.037761 0.030447 0.069440
0.052745 -0.053094 -0.029191 0.098304 -0.051808 -0.143216
0.186432 -0.186694 0.081058 0.036406 -0.040972 0.006997
0.038093 0.065767 -0.146556 -0.050616 -0.057801 -0.066933
0.152016 0.192971 -0.191264 0.005788 -0.005083 0.006556
-0.040918 0.024267 0.027068 -0.096776 -0.083932 0.126133
0.040622 0.010428 -0.025055 -0.005323 -0.012463 -0.007743
0.110556 0.037763 -0.115929 -0.030147 0.005719 -0.012953
-0.167468 -0.204618 0.054189 0.019280 0.027496 -0.013316
0.026229 -0.021025 0.083624 0.080070 0.001378 -0.005966
0.020160 0.016840 -0.039860 -0.092246 0.009638 0.001048
0.034712 0.021295 0.004862 -0.007974 -0.002274 -0.005203
0.098481 0.071129 -0.012782 -0.037582 -0.022274 -0.001828
-0.057411 0.068220 -0.039339 -0.094637 -0.074067 -0.064510
0.097785 -0.018263 -0.028341 -0.073519 0.021495 -0.039320
0.013452 0.027629 -0.070408 0.000489 -0.002850 -0.000799
0.124827 0.052563 0.120667 0.067480 -0.019135 0.118292
-0.015366 0.002573 -0.106082 -0.120470 -0.116246 0.005816
-0.178212 -0.102366 0.039563 -0.016255 -0.045492 -0.068766
0.070727 0.002449 0.064225 -0.014195 0.124235 0.018956
-0.123894 -0.002289 0.030871 -0.075385 0.108298 -0.050598
-0.131322 0.092175 0.024541 0.000899 -0.005635 -0.001955
-0.029189 -0.047118 0.078119 -0.009450 -0.030824 -0.008286
