-0.017797 -0.019119 -0.022088 -0.008354 0.008133 -0.010726
0.031475 -0.040327 -0.029227 0.014088 0.047535 0.006531
0.155780 0.058315 0.056568 -0.070174 -0.096583 -0.119802
-0.035338 0.036423 -0.055172 0.056056 -0.001198 -0.001149
0.057413 -0.202259 -0.206255 -0.069221 -0.105906 -0.013560
0.028292 0.029434 0.033757 0.010119 0.021414 0.024820
-0.010571 -0.003450 -0.013774 -0.000653 -0.008041 0.005666
-0.025686 -0.000345 -0.008712 -0.016250 0.003910 -0.007794
0.046218 0.062952 0.062899 -0.024996 -0.014344 -0.007873
-0.070793 0.004186 -0.081261 -0.091572 -0.075838 -0.018357
0.017984 -0.092898 -0.018909 0.013352 0.036371 0.022516
-0.007485 0.017909 0.041136 0.081961 -0.007169 0.027460
-0.012344 -0.064238 0.121002 -0.006168 -0.011482 0.013521
-0.045628 -0.038578 -0.118936 0.040644 0.084524 0.049155
0.008590 0.010235 0.009939 -0.051878 -0.076420 0.084145
0.016086 -0.077335 0.103054 -0.095305 -0.031738 -0.063928
0.064158 0.058799 0.040773 0.049212 0.082023 -0.018966
0.009867 0.032104 -0.015535 0.002696 -0.000863 -0.008081
-0.100682 -0.002111 -0.076262 0.134710 0.074223 -0.033846
0.102099 -0.112253 -0.050588 -0.063251 -0.047742 -0.018300
0.008446 0.013721 0.030987 0.131282 -0.064724 0.018672
0.192641 0.040130 0.186583 0.062761 -0.000439 0.050146
0.008307 -0.080238 0.002357 -0.005303 0.000206 0.001233
0.020283 0.002730 -0.006075 0.055180 0.076630 -0.062327
-0.082431 0.053385 0.052514 -0.019278 -0.045907 0.062637
0.080385 -0.059302 0.040607 0.096549 0.083744 0.032318
0.163922 -0.117129 -0.073350 -0.015913 0.011108 -0.037491
0.092324 -0.093067 0.029221 -0.004088 -0.045426 -0.054989
-0.034198 -0.049569 -0.136270 -0.015190 0.004593 0.011207
0.046515 0.004884 -0.116834 -0.015413 -0.060618 -0.022669
-0.009272 0.004694 0.010677 0.014356 0.031626 0.018770
-0.015615 -0.001806 0.014405 -0.036413 0.089882 0.055810
-0.104816 -0.082011 0.072989 0.000834 0.010619 -0.008978
-0.011834 -0.014129 -0.018264 0.009264 0.007295 -0.000905
0.049564 0.018022 0.003237 0.057414 0.046404 0.018448
0.022639 0.021374 -0.043295 0.022837 -0.051195 0.058719
0.006638 -0.153620 -0.123663 0.007847 -0.069401 0.038239
0.096420 0.019188 -0.122521 -0.004113 0.000819 0.000729
-0.039748 0.050970 -0.060681 0.013293 0.080323 0.083904
-0.069925 0.086538 -0.090514 0.000257 -0.000216 -0.000041
