-0.016613 0.023380 -0.033950 -0.055066 -0.003219 0.031900
-0.145421 -0.143818 0.030219 0.038949 0.007405 0.034321
0.020193 -0.176787 0.198338 -0.052147 0.077074 0.006236
-0.000202 -0.112981 0.005054 0.067780 0.023258 -0.015635
-0.036654 0.023558 0.030912 0.019014 0.040766 0.044482
-0.066021 0.013569 0.138485 -0.070397 0.012073 -0.061109
-0.079335 -0.027198 -0.017994 0.071446 0.094651 -0.085883
-0.071436 0.008794 0.003968 -0.004078 0.045886 0.047074
-0.165914 0.042137 0.196055 -0.004208 0.004683 -0.000831
0.117300 -0.119626 0.201869 -0.080528 0.031439 0.050651
-0.035619 -0.026346 0.022856 0.032526 -0.037628 -0.041565
0.203610 0.244239 0.220344 -0.029445 0.032002 -0.059551
-0.070095 0.029129 -0.079931 -0.000318 -0.035297 0.048616
0.003802 0.142640 0.084773 0.014284 -0.045172 0.016644
-0.016597 -0.007736 -0.015166 0.027172 0.005207 -0.014746
0.072181 -0.019451 -0.112013 0.003195 -0.037857 -0.024586
-0.025295 0.025978 0.007329 -0.012656 -0.040266 0.053196
0.059234 -0.000838 0.019858 0.011389 0.043235 -0.014154
-0.026844 0.010574 0.003175 -0.008106 0.015162 -0.017421
0.119448 0.058266 -0.079248 -0.007711 -0.022510 0.019026
-0.093140 -0.099731 -0.038067 0.117130 -0.123649 -0.054530
0.007932 0.057728 -0.006029 -0.088491 -0.046155 0.084385
0.088794 0.115418 -0.173959 0.046199 -0.001088 0.041318
-0.145567 0.066679 0.082023 0.032001 0.054313 -0.069191
-0.012072 0.004063 -0.025385 0.027014 -0.078681 -0.055524
0.002083 0.040508 0.001564 -0.046346 -0.012863 -0.124660
-0.026927 0.070608 -0.046628 0.003228 0.015235 -0.036208
0.107279 -0.124131 -0.082362 0.023881 0.075724 -0.020476
-0.141331 -0.153109 0.125506 -0.021710 -0.026948 -0.025233
-0.032022 -0.101645 0.026838 -0.058276 -0.072565 -0.037637
-0.146194 0.009980 0.091776 0.002704 0.001068 0.004470
-0.011338 0.027564 0.011005 0.098280 -0.035849 -0.037485
-0.070241 0.017228 0.056428 0.001095 -0.008179 0.005163
-0.053584 0.021846 0.029488 -0.008083 -0.035792 -0.034253
0.005498 0.016620 -0.061215 -0.080634 0.029303 0.087100
0.151416 0.087041 0.024645 0.024661 -0.009941 -0.015888
0.045976 -0.203770 -0.072142 -0.059698 -0.094925 -0.026496
-0.001214 0.006634 -0.015310 -0.030342 0.017725 -0.031677
0.009136 -0.026721 0.062672 -0.089205 0.100339 -0.108483
-0.209342 0.025494 0.165231 0.027928 0.061018 0.104305
