-0.091865 0.066704 -0.253969 -0.016043 0.029601 0.028196
-0.059962 -0.043493 -0.021685 0.014053 0.033834 -0.030521
-0.035576 -0.133401 -0.117238 -0.016164 -0.000574 -0.022187
0.013512 -0.043325 0.007288 0.049235 0.027385 0.057666
0.137103 -0.170006 0.101805 -0.035392 -0.041523 0.016742
-0.054375 0.062169 0.055740 -0.020760 0.018155 0.003272
0.035474 -0.004015 0.035276 0.034132 -0.054118 0.049191
0.031109 0.066173 0.048381 -0.038354 -0.036685 -0.030997
0.009244 0.034964 -0.042830 0.001752 -0.001336 0.002673
0.130108 0.073454 -0.041368 0.007919 -0.013022 0.023848
0.000620 0.014848 0.065067 -0.008810 -0.003881 0.015050
0.001166 -0.017469 -0.034410 0.045526 0.021554 -0.006597
0.019639 -0.023909 0.028485 -0.008151 -0.000555 -0.011642
-0.071850 -0.121900 0.157669 0.038010 -0.011918 0.007771
-0.106662 -0.096396 0.067914 -0.005453 0.006523 0.015876
0.074466 0.054125 -0.018806 -0.026059 0.067807 -0.086545
-0.002456 -0.027965 -0.011095 0.015887 0.021638 0.016551
-0.205612 0.253624 0.003953 0.097322 -0.120230 -0.033378
-0.000327 0.027680 0.015317 0.007695 0.006775 -0.011876
-0.058145 -0.068385 -0.172248 -0.041871 -0.000328 0.002181
-0.029604 -0.020244 -0.005444 -0.019118 -0.066037 0.021899
-0.003119 0.051063 -0.149297 0.084090 0.021835 0.051794
-0.037008 -0.024657 0.013494 -0.108473 -0.143045 -0.097693
0.113919 -0.142000 -0.076015 0.002897 -0.053484 0.065522
-0.013749 -0.024358 0.001960 0.013086 0.037140 -0.013715
-0.076467 -0.115782 0.032496 0.003362 -0.001761 -0.001856
-0.054233 0.167513 0.125751 0.016157 0.001043 -0.012747
-0.037339 -0.078705 0.108960 -0.100479 0.073869 -0.041721
0.011068 -0.027555 0.025735 0.026064 -0.031099 0.014332
-0.000097 0.015832 0.004289 0.114901 0.110771 -0.102109
0.174159 0.072105 -0.073772 -0.031343 0.031397 -0.010969
-0.012628 0.044316 -0.046857 0.001430 0.000337 -0.007587
-0.116961 -0.076682 0.189797 0.014031 -0.017035 0.029078
0.022140 0.032294 -0.075482 -0.057440 0.052609 -0.005972
-0.185064 -0.106763 -0.099277 -0.012162 0.040396 0.024825
0.113561 0.027000 0.130745 0.065223 0.079247 0.058395
-0.051910 -0.010047 -0.047725 0.051242 -0.024067 -0.009098
0.082019 -0.111657 0.070449 -0.035532 -0.015216 0.079415
0.053933 -0.149321 -0.033770 -0.006137 -0.004856 -0.000471
0.031097 0.126928 -0.124869 0.073367 0.064368 0.029112
-0.115914 0.163179 -0.147859 0.004410 -0.038000 -0.018524
