0.008941 -0.019026 -0.001056 0.006357 -0.029561 -0.037440
-0.064569 0.065949 0.027016 0.069403 0.025875 -0.017350
0.035789 0.029197 -0.040411 0.003392 -0.001015 -0.015330
-0.116575 -0.118559 0.094243 -0.003994 -0.030078 0.027931
-0.000808 0.014507 -0.012052 -0.002924 0.019678 -0.057202
0.084158 0.160832 0.161700 -0.000476 0.037638 0.026142
-0.163085 -0.169217 -0.041026 -0.053783 0.049973 -0.033751
0.010064 -0.023749 -0.107838 0.107149 -0.116998 -0.060437
-0.017015 0.010226 0.020663 -0.132802 0.085552 -0.114421
-0.010422 0.032368 0.092860 0.048127 0.098131 -0.028952
-0.094841 -0.237523 -0.185173 -0.000513 -0.000835 -0.002150
-0.139847 0.147060 -0.070678 0.006487 0.016422 -0.015902
0.036425 -0.095690 0.115105 0.134643 0.000607 -0.031247
0.176152 0.111999 -0.030024 0.043362 0.137606 -0.043885
0.002154 -0.013574 -0.003062 0.026713 -0.020717 0.009990
-0.023461 -0.054001 -0.023193 0.032706 -0.018377 0.029153
0.220405 0.111433 -0.159777 0.039973 -0.003873 -0.014290
-0.049708 -0.018637 -0.010293 -0.024896 0.024941 -0.021648
0.025319 0.019093 0.044797 0.041891 0.097971 -0.060717
-0.010268 -0.026633 0.011796 0.004836 -0.001999 0.000449
0.058280 -0.059725 -0.012184 0.014124 0.058586 0.053039
-0.066930 -0.066912 0.069678 -0.087930 0.034432 0.057855
0.126670 0.128512 0.038436 0.086053 -0.112969 -0.013421
-0.016888 0.018176 0.028404 -0.003867 0.015200 -0.089265
0.005615 0.044624 0.005343 0.034899 -0.040113 0.101775
0.021839 0.106453 0.119958 -0.125703 -0.079441 0.106939
-0.152552 0.186697 -0.048467 -0.003730 0.044353 -0.038903
0.075805 -0.066501 -0.129171 0.004176 0.008602 -0.000773
0.007831 -0.000157 0.004188 -0.010361 0.041818 -0.039324
0.030273 0.005096 0.016497 -0.059043 0.030551 0.013699
-0.082567 0.039872 0.024479 0.010132 0.067091 -0.096729
-0.097799 0.028221 0.080830 0.027318 0.014138 0.040863
-0.032184 -0.012524 -0.041082 -0.099513 0.086596 0.061850
-0.000072 -0.011503 0.041919 0.003624 0.001583 0.002897
-0.033774 0.168626 -0.186902 -0.023668 0.006752 0.017490
-0.096922 0.110417 0.190268 -0.011408 0.015232 0.001310
0.026101 0.020386 0.004479 0.036230 0.038948 -0.035236
0.000396 -0.018776 -0.005046 0.059897 -0.050228 -0.111758
-0.170663 0.219303 -0.220447 -0.020155 -0.010107 -0.055895
-0.213673 -0.037696 0.164344 -0.133950 -0.062277 0.081956
