-0.064436 -0.002732 -0.009730 -0.094851 -0.054482 -0.005227
0.018124 -0.028891 -0.008406 -0.001615 -0.011773 0.006546
-0.176420 -0.081915 0.089236 0.070890 -0.117503 -0.013009
0.150756 0.152272 0.032809 -0.058337 -0.010966 0.004627
-0.020607 0.081441 0.004792 0.065576 0.053686 0.043047
-0.002455 0.004828 -0.082255 0.017445 -0.093852 -0.033118
-0.013593 -0.041780 -0.004342 0.039252 0.003802 -0.010777
-0.085275 0.013461 -0.000152 -0.025850 0.033725 0.047879
0.038568 -0.067984 -0.000726 -0.008049 0.039628 0.094651
-0.039127 -0.083820 0.109477 0.076079 0.049061 0.069624
-0.107362 0.077043 -0.026947 0.044223 0.036872 -0.106118
-0.115957 -0.201178 -0.196543 -0.019940 -0.045755 0.031193
-0.045970 0.085988 0.026432 -0.008891 -0.024648 0.021336
-0.046027 0.053151 0.051626 -0.027359 -0.056905 -0.027528
0.071960 0.169503 0.115333 0.038299 -0.054587 -0.135682
0.014105 0.068678 -0.056620 0.013999 0.019388 0.045393
-0.029395 -0.118266 -0.039937 -0.096925 -0.019656 -0.031326
-0.107747 0.092550 -0.053784 -0.040784 -0.003986 0.095901
0.075602 0.225074 0.082872 -0.000582 0.006076 0.000667
0.012985 0.243831 -0.242904 -0.043082 -0.012033 0.034183
0.240911 -0.225508 0.257831 0.076449 -0.060806 -0.020669
0.012143 -0.093733 -0.052163 -0.051810 -0.041152 -0.013791
-0.119401 0.139434 0.199762 0.000892 -0.000046 0.000908
0.083547 0.101027 0.133205 -0.005210 0.001502 -0.005742
-0.158171 0.075454 0.014691 -0.024947 0.070312 0.008233
0.049729 0.023283 0.002301 -0.038213 -0.050752 -0.014665
0.028271 -0.017182 -0.032369 -0.009321 -0.023199 0.014109
-0.032865 0.032908 0.000966 0.000988 -0.022590 0.104667
-0.019012 0.008088 -0.000760 -0.031007 0.010173 0.024134
-0.066308 0.097941 0.064918 0.005233 0.011302 -0.006818
0.029285 -0.005632 -0.021381 -0.120186 0.114552 -0.126383
-0.198431 0.027416 -0.164396 -0.062894 0.120807 -0.052012
0.022406 -0.034049 -0.026732 -0.018868 -0.051669 0.021451
0.033832 0.057003 -0.030682 -0.058992 0.057569 0.143633
-0.034597 -0.084235 -0.048061 -0.059736 0.049255 -0.016022
0.006708 -0.046420 -0.008965 -0.133098 0.056187 -0.084940
-0.038531 0.005346 0.181199 0.017487 -0.006574 -0.018489
-0.151068 0.062254 0.066806 -0.011585 0.004411 -0.013524
0.036034 -0.037200 0.075396 0.045670 0.028867 -0.072165
