0.052894 -0.153751 0.095432 -0.048348 -0.033289 -0.009061
-0.002425 0.051938 -0.110699 0.000170 0.001273 0.085558
0.059112 0.033010 -0.001047 -0.068623 -0.112588 -0.024581
0.076587 0.014108 0.014580 0.102016 0.026786 0.040135
0.067809 -0.047091 0.045360 -0.014762 -0.023488 0.028701
0.003148 0.177305 0.052186 -0.025048 0.052736 0.091301
-0.140139 0.014792 0.047574 0.065626 -0.037898 0.007396
0.042415 0.047711 -0.197951 0.033508 0.046425 -0.022487
0.030925 0.113174 0.083026 0.029729 -0.019717 0.001751
0.098788 -0.095661 -0.068132 -0.037211 -0.101211 0.086064
-0.072018 -0.003879 -0.112264 -0.135430 0.036327 -0.100968
0.055751 -0.157260 -0.075990 0.044257 -0.056519 0.056249
-0.120137 -0.015050 0.053437 0.076734 0.015861 0.043909
0.033555 0.110346 -0.003043 -0.015409 0.000578 0.033695
-0.037536 0.015021 0.009757 0.024474 0.102832 -0.032999
-0.013937 0.005544 0.007345 0.080615 0.026453 0.064842
-0.190767 -0.114307 -0.202780 0.031646 -0.019971 0.076718
-0.071196 0.168523 0.072374 -0.002323 0.009843 -0.004523
0.008373 -0.044466 0.019845 -0.016511 0.077165 -0.081891
0.111749 0.024657 0.072123 -0.007525 -0.019397 -0.007356
0.122865 -0.068448 -0.158210 0.031748 -0.043692 -0.003652
0.031995 -0.022002 -0.028524 -0.059907 -0.039489 -0.004504
-0.168708 -0.069382 -0.106579 -0.006695 0.085524 -0.124305
0.034519 -0.037508 0.106468 0.055398 0.052946 0.015775
-0.000051 0.120412 -0.030680 -0.082778 -0.009073 0.059521
0.067491 -0.011273 -0.037039 -0.061128 -0.069797 -0.070194
-0.063967 0.049872 0.047936 0.046839 -0.096704 -0.142983
0.210858 -0.134363 -0.096731 -0.038953 0.013327 0.028668
-0.132356 0.132500 0.068440 -0.013186 0.038277 -0.130227
-0.201504 0.094182 -0.051487 -0.004357 -0.000324 0.011820
0.038520 0.062817 -0.158969 -0.128055 0.075804 -0.104461
0.176263 -0.116881 -0.198958 -0.093792 0.029541 -0.055797
-0.015120 -0.048146 -0.010479 -0.032793 0.055071 -0.045727
-0.073264 0.011426 0.003913 0.079373 -0.062758 -0.021984
-0.023351 -0.056445 0.054586 -0.002601 -0.035857 0.034796
-0.164369 0.131737 0.218723 0.018845 -0.011095 0.012055
0.002564 -0.003457 0.005726 0.061349 -0.098455 0.036565
0.019291 0.097092 0.006959 0.002235 -0.027401 -0.023924
0.088228 0.076431 0.137935 -0.029559 -0.008902 -0.044301
0.034315 -0.037146 0.040315 -0.079640 0.000038 0.018349
