0.051670 -0.021706 -0.024576 0.011745 0.020814 0.020586
-0.119552 -0.089373 -0.028598 0.035072 -0.073302 0.046966
-0.103844 -0.115822 0.115935 0.000271 0.000464 0.001015
0.065002 -0.034289 0.018703 0.049595 0.030010 -0.060294
-0.012442 0.046958 0.032742 -0.003516 -0.005637 -0.007971
0.069738 -0.076128 0.004092 -0.061757 -0.067289 0.021522
0.033589 0.045062 0.115232 0.030420 0.027518 0.006397
-0.031253 0.015810 0.051800 0.024141 0.068852 -0.067090
0.081306 -0.074035 0.087640 0.018596 0.015301 0.009322
0.119234 -0.150045 -0.025701 0.032866 -0.042143 0.078491
-0.036331 -0.187758 -0.091973 -0.040106 0.005073 -0.057530
0.033647 0.004343 -0.056723 0.018398 0.099756 0.091802
0.036676 -0.039344 0.019929 -0.000520 -0.001448 -0.000827
-0.034635 -0.040093 -0.084293 0.019416 -0.019552 -0.025647
-0.194258 0.148183 0.125436 -0.029754 -0.104146 0.068642
0.040225 -0.012235 0.030174 -0.113851 -0.126302 0.126662
-0.003982 0.164504 -0.223494 -0.004014 0.055688 0.072685
-0.125279 0.073983 0.083643 0.004296 0.009034 -0.000459
-0.065297 -0.063433 -0.165531 0.075125 -0.023796 0.006127
-0.006163 0.199830 0.137915 -0.084251 -0.089253 -0.110846
0.051997 -0.119546 0.027372 -0.009678 -0.005997 -0.001071
0.044127 0.000958 0.032004 0.021887 -0.032635 0.035737
0.001754 0.002781 0.132541 0.006530 0.028313 0.005846
-0.073676 -0.048300 0.027091 0.017131 -0.018814 -0.007888
0.043162 -0.028720 -0.022902 -0.002406 -0.015690 0.002946
0.049263 0.086681 -0.164625 -0.002139 -0.041876 0.014778
-0.035471 -0.023809 -0.005138 0.008020 0.007525 -0.004960
0.067429 -0.218680 -0.186046 -0.029248 -0.126255 0.068453
0.143175 -0.096591 -0.193497 -0.044662 -0.050749 0.057538
-0.088332 0.017526 0.112358 -0.021831 -0.015091 -0.008682
-0.108717 -0.122624 -0.012820 -0.042825 -0.094470 0.002737
0.024747 -0.015057 -0.029000 -0.058506 -0.051159 0.050825
0.033001 -0.029107 0.019440 0.011191 -0.005390 -0.006276
-0.032320 0.061975 -0.063932 -0.003973 0.065154 -0.008199
-0.113985 -0.058807 -0.079434 0.087408 0.021355 -0.044415
0.004180 0.029896 0.035738 0.062906 -0.068880 0.005168
-0.067036 0.140749 -0.113928 0.004976 -0.015387 -0.014262
-0.122549 -0.109018 -0.075900 -0.013736 0.011701 0.014475
0.043048 0.030070 -0.063314 0.000204 -0.004476 -0.002650
-0.013507 -0.009702 0.086693 0.042053 -0.001076 0.096419
