0.024030 -0.012271 -0.000059 0.022221 -0.063500 0.012529
-0.084365 -0.069430 -0.008777 0.083336 -0.007014 0.057885
-0.034812 0.097960 -0.021558 0.118197 0.050804 -0.112738
-0.209962 0.214549 -0.162637 0.037223 0.040440 0.023326
0.121730 -0.014933 0.028879 -0.013239 -0.098533 0.038448
-0.218592 0.202279 -0.002507 -0.005339 0.021419 -0.019803
-0.063937 -0.090990 0.023195 0.021739 -0.002380 -0.000796
-0.113782 0.089347 0.066047 -0.000539 0.003577 -0.006310
0.181206 0.186153 -0.123172 0.031863 -0.088648 0.056744
-0.025080 0.056736 0.059268 -0.004537 0.005718 0.026286
0.207786 -0.087721 0.030517 -0.050057 -0.098404 -0.042404
-0.008369 0.141964 -0.120768 0.064230 -0.060330 0.054146
0.171435 -0.056061 0.094063 -0.015169 0.004674 0.018535
0.162248 -0.214765 0.040063 -0.018646 -0.037238 0.024586
-0.030819 0.021638 0.038490 0.028722 0.016980 -0.001061
-0.080203 -0.170993 -0.128255 0.012968 0.050015 0.039439
0.051372 -0.010686 -0.049094 -0.066701 0.091486 -0.019409
0.170541 0.136602 -0.022554 -0.058577 -0.043165 0.019214
0.020462 0.021826 0.171814 -0.033426 -0.038724 0.031955
0.086167 0.026771 0.003313 0.042097 -0.050304 0.044479
0.055155 -0.126528 0.092858 -0.019299 0.010766 0.035641
0.008302 0.002288 0.011469 -0.043879 -0.028392 0.020207
-0.049429 -0.234271 -0.213320 -0.063154 -0.040771 -0.071978
0.124216 -0.043459 -0.096182 0.006321 0.044418 0.015570
0.243408 -0.175839 0.202144 -0.000336 0.027900 0.017817
0.127030 -0.018109 0.083045 -0.042064 0.046635 -0.021024
0.068750 -0.084516 -0.048080 0.024594 0.009560 0.030552
0.028107 0.067749 -0.147513 -0.006793 -0.007898 -0.008704
-0.113057 0.131583 -0.064710 -0.035353 -0.025361 0.009412
-0.060513 0.027252 -0.031900 0.019532 0.012325 0.054203
-0.054087 -0.054355 0.143057 0.001799 0.001584 0.001343
0.006857 0.017657 -0.006368 -0.000359 0.021583 -0.043098
0.046524 -0.052084 0.038869 -0.000306 0.005409 -0.078338
0.001651 0.001507 0.034362 0.055327 -0.015975 0.052070
0.011175 -0.062051 -0.080471 0.032676 -0.033742 0.018165
0.011726 -0.024210 0.036589 -0.034228 -0.037033 0.025010
-0.114388 -0.092038 0.119450 0.040545 -0.053578 -0.052693
-0.018088 -0.046051 0.033430 0.028651 -0.014610 -0.027024
-0.009325 0.000203 0.021293 -0.057183 0.039700 0.049178
