0.027724 -0.048233 0.117936 0.076156 0.010948 0.063713
-0.006501 0.111243 -0.072801 -0.020180 0.006559 -0.013956
-0.085954 0.048946 -0.002423 0.014835 0.001758 0.058360
-0.045062 0.035979 -0.048390 0.000312 0.010340 0.014559
0.204057 -0.209317 -0.222158 -0.015185 -0.091783 0.005305
0.133698 0.104577 0.134021 0.017323 -0.044902 -0.021677
-0.012026 -0.003960 0.002054 0.064451 -0.089687 0.115974
0.071019 -0.006981 -0.183656 -0.012646 0.012628 -0.014032
-0.058058 0.151595 -0.012185 0.007478 -0.005268 0.052590
0.001365 0.050609 -0.016998 0.003864 0.024978 -0.006061
0.110420 -0.071467 0.020883 0.018758 -0.006803 -0.017996
0.019709 0.101325 -0.005025 0.086618 0.025155 0.035087
-0.133509 -0.044525 -0.015166 0.002035 0.003764 0.003519
-0.045691 -0.029715 -0.065361 0.025154 0.011748 0.005446
0.055189 -0.115815 0.044844 0.033589 0.054826 -0.020270
-0.152307 0.222272 0.000588 -0.110873 0.023263 0.050877
0.016108 -0.121194 -0.039152 -0.037036 -0.034223 -0.037508
0.071149 0.053008 -0.072914 -0.001130 -0.017498 0.010151
0.156127 -0.019992 0.159028 0.047602 -0.058778 -0.063240
0.018181 -0.097985 0.037680 -0.070693 -0.047876 0.018638
0.094778 -0.159652 -0.082178 -0.001043 -0.013804 -0.000665
0.114530 0.014707 -0.082800 -0.019592 -0.062688 -0.043077
-0.017792 0.124215 0.007152 -0.006229 -0.019038 0.011541
-0.071460 -0.086767 0.078250 -0.035580 -0.044982 -0.005026
-0.059958 -0.160833 -0.032619 -0.019085 0.016403 0.016785
0.073150 0.135387 -0.109335 0.010019 -0.033627 0.026970
0.080671 -0.058207 0.030124 -0.107729 0.109168 -0.031746
-0.018976 -0.164572 -0.042600 -0.000825 -0.067380 0.024261
-0.034802 -0.033672 -0.016268 -0.019281 -0.013172 -0.023991
-0.039229 -0.063465 0.036444 -0.004414 0.001581 0.003210
-0.044451 0.211701 0.208270 0.037784 -0.014310 0.039696
-0.011470 -0.021442 -0.001394 -0.044767 0.010548 0.002319
-0.003782 0.026310 -0.009206 -0.002223 0.003066 -0.000282
0.046757 0.009332 0.012366 -0.011033 0.109753 -0.109311
-0.015341 -0.017738 0.001010 -0.024608 -0.015996 0.035316
0.124751 -0.053730 0.055676 -0.043640 0.019804 -0.027374
-0.109596 0.021048 -0.026391 0.020187 0.021018 -0.019656
-0.034536 -0.040965 -0.005665 0.006505 -0.075109 -0.035572
0.087116 0.145061 -0.124316 -0.071410 -0.034645 -0.004050
0.057804 -0.213183 0.065036 -0.031495 -0.030798 -0.021619
