0.038589 0.015395 0.070374 0.018485 0.107895 -0.032032
0.143901 0.162469 -0.024527 0.064603 -0.072896 -0.052823
-0.077686 0.029570 -0.023608 -0.033888 -0.034780 0.004949
0.002665 0.050535 0.052180 0.070175 0.012894 -0.047879
-0.127092 -0.001589 0.124497 -0.020767 -0.069557 -0.052974
-0.018772 -0.018520 -0.018650 0.033201 0.015522 0.007150
-0.214935 0.057132 -0.046655 -0.006931 -0.012417 -0.013012
0.107039 -0.087441 0.045913 -0.117713 -0.043773 -0.112498
0.205627 0.176232 0.135212 0.016250 -0.013720 0.014935
-0.021943 -0.020529 -0.017996 0.003145 0.099485 0.015668
0.024915 0.143544 -0.170984 0.061997 -0.094159 0.050873
0.110497 0.049794 0.134055 0.032696 -0.000990 0.000270
0.023254 -0.023478 0.034069 -0.013529 -0.137050 0.107466
-0.153228 -0.026695 -0.216398 0.000016 0.000015 -0.000008
0.059076 0.001869 -0.046721 0.002843 -0.005073 -0.021779
0.101299 0.087454 0.110610 -0.085718 -0.016774 -0.082683
0.013967 -0.014244 -0.013222 -0.000914 -0.004017 0.004621
-0.039614 -0.069448 0.083989 -0.028864 -0.116164 -0.075851
0.006182 0.002139 0.018597 -0.050376 0.046477 0.028006
-0.100239 -0.128516 0.089071 -0.000128 -0.005571 0.000076
-0.074213 0.029816 0.078206 0.010176 -0.006518 -0.084322
-0.134963 -0.014246 -0.091153 0.000008 -0.000122 -0.001060
-0.038939 0.118929 -0.125373 -0.006753 0.006332 -0.000369
-0.048990 0.121106 -0.118238 0.001171 -0.028305 -0.032976
0.050101 -0.001635 -0.013249 -0.008162 -0.101215 -0.030949
-0.050445 -0.102982 0.043258 -0.125911 -0.049044 0.104238
0.071554 0.034992 0.030537 0.023204 -0.032293 -0.022898
0.045299 -0.032022 0.018238 -0.020085 -0.042341 0.004221
0.128309 0.173384 0.128445 0.040707 -0.029915 -0.041883
0.006967 0.013224 0.096658 0.004551 -0.004962 0.002057
-0.200628 -0.201954 0.046690 0.023734 -0.035175 0.022093
-0.001268 -0.076133 -0.082544 -0.086438 -0.039509 0.108647
-0.036172 0.081922 -0.074319 0.022620 0.069947 0.069059
0.110672 0.179857 -0.226921 -0.013327 -0.006151 0.027086
-0.051626 -0.050111 -0.032944 -0.007083 0.009648 -0.008968
0.006341 -0.024600 0.003825 -0.021243 -0.014914 0.019516
-0.045400 -0.035129 -0.025893 -0.001444 0.000486 0.000704
-0.063538 0.118434 -0.126893 0.098772 -0.100877 0.059756
-0.096947 -0.151957 0.003149 0.017016 -0.049399 -0.051397
-0.011839 0.031209 -0.003487 -0.006636 -0.026239 0.082177
