-0.013790 -0.006563 0.017554 0.048576 0.024741 0.009567
-0.020733 -0.056045 -0.055018 0.112877 -0.126948 0.088530
-0.037959 0.011118 -0.052123 0.050605 -0.077603 0.020129
-0.028336 -0.137895 -0.044140 0.013058 -0.030696 0.015709
-0.079162 -0.202192 0.188263 -0.057301 -0.060837 -0.007372
0.053629 -0.097256 0.197814 0.032617 0.040046 -0.085745
0.197448 0.019768 -0.026690 0.001330 -0.025264 0.009234
0.193555 0.023482 0.026240 -0.021358 -0.023660 -0.095208
-0.004299 0.012808 0.022236 0.063215 -0.072032 -0.014733
0.155349 -0.117306 0.005114 -0.052451 0.044124 0.011673
0.016254 0.027000 0.042930 0.005393 0.037258 0.005882
0.030046 -0.047290 0.016763 0.020255 -0.022164 -0.003389
0.002550 0.007168 -0.219923 -0.068703 0.033134 -0.115201
0.028627 0.013007 -0.032699 -0.043251 0.011095 0.147529
0.026940 0.025283 -0.028990 -0.020485 -0.034214 -0.033220
-0.012861 -0.042034 -0.002022 -0.048179 -0.015909 0.083127
-0.018571 -0.209597 -0.133713 -0.000455 -0.060823 -0.000796
-0.003489 0.046979 0.028447 -0.088638 0.000253 -0.068870
0.178603 0.012369 -0.154794 0.007372 0.007846 -0.005988
0.023064 -0.010018 0.007019 0.030353 -0.034205 -0.041394
0.168444 -0.100372 0.003527 0.055466 0.056702 0.038588
-0.175157 -0.064030 -0.033844 -0.004150 0.000671 0.002526
0.008531 0.039498 0.047561 0.019186 -0.030003 0.019559
0.103430 0.011924 0.097240 -0.020030 0.005437 -0.015532
-0.020468 -0.020987 -0.019488 0.015399 -0.061888 0.054335
-0.147829 -0.067153 -0.041894 -0.000599 -0.000714 0.000801
-0.059344 0.026286 0.036359 0.036726 0.043758 0.032424
-0.029851 -0.047340 -0.004992 -0.007090 -0.003155 0.007912
-0.001490 0.023161 0.064402 -0.125390 0.074031 0.083937
-0.102647 -0.047313 -0.107656 0.005943 0.014218 0.022401
-0.012501 -0.040369 0.047317 -0.004621 -0.010677 -0.012695
-0.228167 0.089867 0.017614 0.018879 -0.030722 0.001580
0.003122 -0.068387 0.097402 -0.008237 -0.034490 0.013026
0.006048 -0.007251 0.036585 -0.029015 0.010076 0.027163
-0.208727 -0.036399 -0.209697 -0.003333 -0.003555 -0.002216
0.119194 -0.102740 0.019139 -0.001036 0.009284 0.022739
-0.185079 0.111702 -0.044474 -0.060421 0.045641 0.060816
0.031682 0.126125 0.037958 -0.062045 0.062048 0.022855
0.055871 0.038708 -0.004233 -0.062375 0.003368 -0.023619
-0.006796 -0.062089 -0.060293 0.107957 -0.052140 -0.029179
