-0.026920 0.188486 -0.099309 -0.018123 0.008871 0.063360
-0.110684 -0.021454 -0.007869 0.020381 0.028281 0.022509
-0.085193 -0.083089 -0.042068 -0.071151 0.073260 -0.060264
0.004946 -0.165359 0.056521 0.023980 -0.085850 -0.060294
-0.224438 0.241691 -0.084857 -0.011627 0.025372 0.098979
-0.078657 -0.048593 0.123962 -0.002033 0.001398 0.003365
-0.026710 0.007863 0.013649 0.037808 0.011078 0.007992
-0.099007 -0.024160 -0.096852 -0.022669 0.015663 0.000352
-0.019048 0.031907 0.040077 0.017254 -0.004438 0.000216
0.026773 -0.033181 0.027275 0.079483 -0.084291 0.039873
0.073833 -0.013205 0.014328 -0.049254 -0.040706 -0.030950
0.068770 -0.044268 -0.050603 0.016897 -0.000078 0.019871
0.215267 0.008626 -0.116240 0.063787 -0.020522 0.015561
-0.155913 -0.196247 -0.197000 -0.000713 -0.078811 0.073451
-0.222681 -0.114374 0.048395 -0.005814 -0.005926 0.001838
-0.108354 0.148807 0.050839 0.029158 -0.035503 0.043615
-0.046089 0.183221 0.082467 0.026549 0.011581 0.049292
0.042119 -0.067488 0.010894 -0.039925 -0.023140 -0.074109
0.018498 -0.010319 0.013124 -0.002279 -0.011285 -0.007140
-0.033843 -0.191048 -0.022942 -0.065938 -0.065515 -0.005410
0.062409 0.177802 -0.089438 0.000741 -0.047234 0.028525
0.158601 0.216632 0.017591 -0.035015 -0.146403 -0.076359
0.025832 -0.066478 -0.022155 0.022671 -0.028372 -0.026738
-0.080976 0.043886 0.060614 -0.004092 -0.004280 -0.008175
-0.025012 -0.109388 0.006253 -0.009136 -0.002923 0.035175
0.018394 -0.033157 -0.025076 0.000634 -0.000999 -0.000620
-0.023565 -0.081339 -0.063936 -0.065942 0.036979 0.026747
0.109547 -0.091545 -0.093559 0.023819 0.009435 0.018537
-0.228507 0.060706 0.019635 0.074995 -0.003084 0.021635
-0.018419 -0.057400 -0.052495 0.014914 -0.022034 0.041364
-0.023464 -0.107016 0.042309 -0.020250 0.000382 -0.003462
-0.039480 -0.010590 -0.024191 0.070397 -0.132957 -0.055497
-0.188066 -0.133117 0.165376 0.083101 -0.027699 0.058031
0.014746 -0.056957 -0.046809 -0.033425 -0.083185 -0.060989
-0.206720 0.067554 0.193389 0.005417 -0.035127 0.040921
-0.231509 -0.232080 0.148819 -0.046141 -0.022228 -0.060679
0.045170 -0.013250 -0.051761 -0.112047 0.085116 0.050241
-0.077048 0.063505 0.024505 -0.050638 0.096129 -0.012540
-0.143573 -0.088618 -0.149718 -0.025155 0.044280 -0.031633
0.114194 0.115668 -0.160581 0.114941 0.015478 0.077469
