-0.045241 -0.064133 0.059284 -0.140971 0.114170 -0.050537
-0.103210 -0.044413 0.097551 0.008112 0.008860 -0.004099
-0.022402 -0.021299 0.004574 -0.023630 -0.028999 0.023962
0.004068 0.130814 -0.136264 0.062653 0.024747 -0.024727
-0.008769 -0.172833 0.205641 0.046830 0.050407 -0.004083
-0.023903 0.031023 -0.039593 0.036935 -0.002615 -0.027325
0.028710 -0.021071 -0.005536 0.008141 0.070526 0.045996
-0.030847 -0.003946 0.060739 0.008255 -0.026059 -0.046278
-0.108069 0.037957 0.074672 0.007714 -0.049524 -0.011248
0.100339 -0.082068 0.008453 0.083197 -0.064778 -0.027855
-0.134420 -0.119517 -0.101765 -0.016132 -0.004131 -0.001628
0.110480 0.208486 -0.109468 -0.047039 -0.065658 0.089364
0.153272 -0.056901 -0.011558 0.012755 -0.039049 -0.008294
-0.079415 -0.032665 -0.019780 0.005675 -0.002990 0.004775
-0.009980 0.059424 0.042973 0.018865 -0.096345 0.022853
0.082368 0.031700 0.000785 0.066718 0.057356 -0.058499
-0.032865 0.097851 -0.132673 -0.043342 -0.032151 0.028276
-0.102074 -0.116773 -0.052661 -0.013206 -0.022984 -0.019928
-0.058771 -0.116239 0.094174 0.012961 -0.011680 -0.000736
0.147450 -0.099089 -0.166545 -0.007041 0.008775 0.001189
-0.014867 0.076735 0.017020 0.085704 -0.052088 -0.047274
-0.142695 -0.031855 0.182450 -0.026366 0.068830 -0.011803
0.219276 -0.051525 -0.097179 -0.026762 0.056761 0.019033
-0.061714 -0.020725 0.226958 0.042706 0.069639 -0.059651
-0.147213 -0.161837 -0.010054 0.008305 0.001723 -0.004894
-0.156454 0.167643 -0.046928 0.015736 -0.083856 -0.067031
0.005430 -0.066335 -0.049401 -0.035369 0.032508 -0.042210
0.074222 -0.045481 -0.095729 -0.062987 0.031960 -0.047246
-0.049528 -0.045141 0.038410 0.059655 0.100501 -0.022618
0.057470 0.010424 0.053016 0.003510 -0.008701 0.012375
0.145639 0.063540 0.005261 -0.045555 0.130197 0.119885
0.068509 0.213827 0.115454 0.017360 0.014813 -0.015621
-0.017853 0.073142 -0.008828 0.018198 -0.028539 0.005697
0.006305 -0.008605 0.015630 0.059563 0.064729 -0.037690
0.194591 0.195567 -0.128411 -0.037427 -0.029840 0.072680
-0.062879 -0.070384 0.024427 -0.065526 0.074676 -0.072172
0.096443 -0.048975 -0.027471 -0.043738 0.046789 0.011817
-0.045215 -0.177630 0.117594 -0.063267 -0.016964 -0.088600
0.002245 0.106016 -0.072306 0.018603 0.015720 -0.054327
-0.089537 -0.098164 -0.147624 0.037229 -0.019455 0.044589
