0.017779 0.134810 0.075237 -0.070848 0.038735 -0.092185
-0.135401 -0.131708 -0.141619 -0.133264 -0.138286 -0.087070
0.087721 -0.137280 0.031281 0.012733 0.044087 -0.036808
-0.093222 -0.089813 0.156144 0.070675 -0.118019 -0.113437
-0.061432 0.004272 0.057397 0.011648 -0.004565 -0.016360
-0.026136 -0.014200 -0.011603 0.000327 0.000018 0.002525
0.042773 0.015678 0.025452 0.028316 -0.005804 -0.063756
-0.059201 -0.114496 0.070589 -0.015898 -0.032939 -0.008374
0.023911 0.028486 0.017173 -0.006403 -0.006135 -0.021240
0.038723 0.033978 -0.046007 0.012810 0.013032 -0.003845
-0.035245 0.132587 0.005727 -0.027480 0.015397 0.037773
0.000779 -0.016336 0.019493 0.030107 0.009322 0.009726
-0.017410 0.037860 -0.001156 0.013126 0.007267 -0.018612
0.105624 0.141725 0.141132 -0.039129 0.040623 0.027587
-0.134993 -0.055365 -0.091443 -0.132016 0.017555 -0.087691
0.016190 0.015624 -0.035002 0.107809 -0.005628 -0.062027
-0.176957 -0.054688 -0.020864 -0.020686 0.020190 -0.007053
0.047518 0.018218 0.047645 -0.001974 0.020271 -0.007806
-0.130634 0.143680 0.147665 -0.047988 0.021674 0.013141
0.128802 0.017975 0.220803 -0.068389 0.036918 -0.072533
-0.009893 -0.029383 -0.030864 -0.082578 -0.101784 -0.038007
0.007207 0.008578 0.019892 0.001115 -0.051125 -0.073555
0.062061 0.042546 0.022989 -0.051379 0.030828 0.007598
0.023173 0.062310 -0.029615 -0.080852 -0.068232 0.058099
0.122697 -0.094765 -0.079060 0.001771 0.011135 -0.001303
0.027246 -0.045201 -0.030649 -0.113511 -0.115051 0.077944
0.060758 -0.005956 0.137403 -0.024166 -0.040129 -0.093089
-0.031769 -0.044193 0.004333 0.065484 0.017162 -0.088480
0.060510 0.009967 -0.095686 0.006690 -0.022924 -0.008607
-0.098460 0.056224 0.023528 -0.002578 -0.001479 -0.001137
0.033922 -0.030329 0.043789 -0.089015 -0.074118 -0.099173
-0.005248 0.033243 -0.081808 0.035244 -0.031377 0.041098
-0.005356 -0.010667 -0.032941 0.022137 -0.018528 0.021278
0.044650 0.023775 -0.044884 0.006671 -0.011321 0.082424
0.005176 -0.004718 -0.018911 0.070617 -0.006050 0.099797
0.035753 -0.029012 0.106909 -0.077099 0.097547 0.073238
-0.005634 -0.055645 -0.032036 0.119449 -0.008040 0.124166
0.041931 -0.087346 0.010517 0.015059 -0.011608 0.016625
-0.144400 -0.147837 -0.034689 -0.122162 0.145991 -0.082825
0.164592 -0.095526 -0.116545 0.025985 -0.109559 0.067435
-0.080166 -0.135324 -0.022600 -0.008382 -0.006303 -0.005580
