-0.062920 -0.010301 0.073832 0.066329 0.080605 0.034692
-0.208226 -0.119353 -0.071034 0.004064 0.001980 0.007033
-0.090431 -0.005489 0.151544 0.042072 0.020850 -0.026019
0.045710 -0.189463 0.193629 -0.050868 -0.021022 0.058448
0.116424 0.045525 0.070775 -0.046718 0.028946 0.071330
0.077980 0.170981 -0.200630 0.060618 -0.043394 0.026306
-0.051314 -0.010468 -0.015680 0.081856 -0.113279 0.075443
-0.060254 -0.087007 -0.069290 -0.066329 -0.078764 -0.045068
-0.018682 0.102105 0.079745 -0.003386 -0.003336 0.002201
0.019796 -0.042181 -0.027629 0.047233 0.047755 0.080812
0.023949 -0.230433 -0.011349 -0.011353 -0.015252 -0.011323
0.024586 0.109309 -0.031737 -0.066286 -0.053987 0.048574
0.171918 0.013214 -0.121513 -0.094352 -0.100380 0.082012
0.128374 0.117760 -0.107325 -0.049065 0.008522 -0.066310
-0.080027 0.065963 -0.084885 0.018950 0.033477 -0.039865
0.050663 -0.035551 -0.023125 0.012961 -0.018279 0.023264
-0.037507 0.124651 -0.044183 0.037269 -0.034653 0.017274
-0.005900 0.018360 -0.020761 0.040310 0.055907 0.046744
-0.000391 -0.062722 -0.074948 0.008816 0.002891 0.008774
-0.053344 0.025829 0.199246 -0.091683 -0.020231 -0.004169
-0.024007 -0.007203 0.006588 -0.027014 -0.001734 -0.005590
0.060316 0.093323 -0.128438 -0.030001 -0.038031 -0.106292
-0.038893 0.036787 -0.127528 0.004944 0.002935 0.004088
0.011435 -0.021653 0.014160 -0.096066 -0.109477 0.085716
0.053153 -0.046439 0.053039 -0.022165 0.024116 0.069561
0.166307 0.144445 0.119099 0.000419 0.000288 0.012724
-0.132792 0.065551 0.171186 0.044836 -0.016237 -0.047278
0.028659 0.107582 -0.100776 -0.054598 0.063840 0.004329
0.165259 -0.007799 -0.210952 0.002852 -0.001078 -0.002959
-0.037387 0.127473 -0.050384 0.009888 -0.011206 -0.016111
-0.032245 -0.074478 -0.101230 0.062259 0.010359 -0.010839
0.030438 0.106581 0.020775 0.149364 0.123576 -0.113183
-0.003056 0.002866 -0.037153 -0.047801 -0.026840 -0.040944
-0.059438 0.005645 -0.090166 -0.041184 0.049801 -0.048075
0.026544 0.008168 0.000564 0.002384 0.000812 0.000112
-0.015052 0.198104 0.214060 0.000483 0.000574 0.001024
0.096634 0.098296 -0.095962 -0.118394 -0.003576 0.087479
0.035896 -0.059393 0.037950 0.134598 -0.011730 -0.102946
-0.083271 -0.000641 0.084995 0.021909 -0.050605 0.044441
