-0.040578 -0.095810 0.190029 -0.021129 -0.062817 0.080398
-0.036441 0.205709 0.126881 0.021162 -0.025026 -0.024270
-0.019814 0.040773 -0.164143 0.032933 0.033315 -0.041593
-0.147090 0.126949 0.220315 0.043527 -0.038890 0.024000
0.159493 -0.180914 0.228227 -0.021679 0.011460 0.038794
-0.017774 0.068162 0.005496 -0.064219 0.079988 -0.042403
0.030728 -0.004382 -0.035046 -0.066425 -0.062298 -0.096364
-0.083863 -0.091813 -0.027731 0.013470 0.005158 -0.008470
0.139915 0.102506 0.113659 -0.038059 -0.035199 -0.050310
0.080161 0.042032 0.065414 -0.064904 0.094076 0.028076
0.036150 0.016034 0.029632 -0.005686 -0.003898 -0.004712
-0.025520 0.011710 -0.024353 0.007637 -0.060427 0.021703
0.020876 0.031737 -0.003726 -0.059641 0.067984 -0.062941
-0.019142 -0.030459 0.006915 -0.033681 0.038365 -0.018302
0.075890 -0.187845 -0.018542 0.054195 -0.084099 0.076117
0.071561 -0.174091 -0.035866 -0.030078 0.037157 0.065463
0.055700 -0.215934 0.146868 -0.000739 0.005468 -0.000115
0.056533 -0.123658 -0.038832 0.008685 -0.041421 -0.045088
0.001033 -0.001116 0.043393 0.091852 -0.136107 0.017673
-0.026695 -0.065532 -0.023296 0.006100 -0.043256 0.015027
-0.110409 -0.010832 -0.016193 0.040223 0.053456 0.057212
0.055086 -0.108707 0.044205 0.031360 0.057793 -0.063185
0.067101 0.141972 -0.045528 -0.012270 0.038319 0.024368
0.021073 0.022133 0.022058 -0.030716 0.065617 -0.002370
-0.114023 -0.126408 -0.103916 -0.011948 0.063948 0.061348
-0.006140 0.004245 0.019118 -0.015160 -0.000130 -0.004195
-0.033509 0.018624 -0.033819 0.041963 -0.102285 0.095570
-0.001506 0.023256 0.056768 0.031776 -0.028595 -0.007646
-0.011045 0.016027 -0.008231 0.005871 -0.011865 -0.005052
0.127716 0.038436 0.115190 0.034029 0.035428 -0.025290
0.045694 -0.024148 0.001642 -0.002166 -0.002824 0.004273
0.141572 0.051918 0.177977 0.056026 0.027411 0.000454
-0.027368 -0.083074 0.069459 0.096280 0.026486 0.084433
0.039215 -0.157077 -0.191831 0.130262 0.048328 -0.024927
0.000900 0.015598 -0.027253 -0.003499 0.011179 0.015553
-0.137971 -0.000286 -0.142244 -0.009945 0.028446 -0.025345
-0.093799 -0.082702 0.107043 -0.001983 0.010120 0.000716
0.129258 0.063247 0.125263 0.102863 0.052775 -0.060303
-0.036387 0.060699 -0.064712 0.039511 0.073299 -0.005851
-0.038233 -0.074331 -0.094802 0.044368 0.138458 0.085976
