-0.160890 0.149552 -0.033041 -0.016627 0.018224 -0.003323
0.055350 0.001018 0.028189 0.035343 -0.013815 0.012892
0.061989 0.070540 0.076948 -0.036738 0.070344 -0.031683
-0.184609 0.037646 0.155055 -0.040003 -0.027502 0.007743
-0.120268 -0.136622 -0.041525 -0.009251 0.007178 0.000306
0.099105 0.018584 0.203226 0.002582 0.019382 0.000872
-0.039067 -0.039449 -0.078413 -0.002719 0.001377 0.002883
0.247661 -0.141354 -0.171543 -0.000794 -0.020508 0.042610
0.039410 -0.007373 -0.177346 -0.001507 -0.026714 -0.043481
-0.008184 -0.017073 0.009170 -0.015676 -0.009629 -0.024102
0.056051 0.033834 0.041037 -0.076003 -0.059409 -0.018095
-0.083124 -0.027320 -0.128706 0.026611 -0.007213 0.037188
0.031510 -0.040523 -0.007099 0.083436 -0.037526 -0.000334
0.082123 0.096355 -0.090406 0.031092 0.092239 0.002435
0.040089 -0.037197 0.013990 -0.046564 0.033749 -0.035130
-0.112816 -0.069560 -0.048278 0.038007 -0.026061 -0.025890
-0.038022 -0.195622 -0.071990 0.036997 -0.014831 -0.064152
-0.030407 -0.003804 -0.005074 0.013135 -0.036093 -0.023317
0.035466 0.076702 0.009185 0.089439 0.062737 0.087928
0.201786 -0.034568 0.110284 0.041577 -0.030289 -0.009031
0.087811 -0.023530 0.000901 0.044815 -0.021818 0.073589
0.067260 0.039362 -0.004599 -0.023393 0.051871 -0.025697
-0.040720 -0.012035 -0.019142 -0.015281 -0.084905 0.031327
0.158604 0.029352 -0.132800 0.018848 0.079120 0.103787
0.037824 0.092683 0.071134 -0.001730 0.006344 -0.007255
-0.009738 -0.013213 0.009819 0.008982 0.027209 -0.013071
0.070470 0.011254 0.082335 0.003297 0.002582 -0.002845
-0.018557 0.035857 0.033371 0.028426 0.022150 0.026182
-0.120332 -0.124972 0.016615 0.006355 -0.016044 -0.008032
-0.116765 -0.074345 0.087052 0.028406 0.083038 -0.013519
-0.007417 -0.074112 -0.069210 0.009827 0.011148 0.000332
0.130035 0.010800 -0.124455 -0.066333 0.056879 0.029402
0.064758 0.109924 0.045044 0.089920 -0.006129 0.053667
0.068621 -0.094436 0.015895 -0.048435 -0.031671 -0.019715
-0.069734 -0.051452 -0.151867 0.098486 -0.063314 0.064542
-0.043468 -0.004040 0.045621 0.003836 -0.028287 -0.013483
0.009570 -0.225798 0.076561 -0.060960 -0.056124 0.009737
0.030350 -0.001826 -0.017260 -0.076430 0.042053 0.091291
-0.054881 -0.001810 0.077522 0.075809 -0.073656 0.013099
0.015618 0.015242 0.025863 -0.030598 -0.010723 -0.088495
