0.007150 0.005184 -0.005481 0.045884 0.000173 -0.093751
0.020161 -0.022351 0.025194 0.053230 -0.091739 -0.059640
-0.094978 0.002656 0.109359 -0.005854 -0.018258 -0.019586
0.134059 -0.160947 0.216186 -0.019742 -0.008226 0.058764
-0.012999 0.030391 -0.006933 0.061162 0.123932 0.043168
0.207241 0.126339 -0.017759 0.014299 -0.020717 -0.034625
0.013248 0.016701 -0.015379 -0.125233 -0.128753 0.059515
0.003510 0.013366 -0.002022 -0.051126 -0.032979 0.037303
0.048738 0.060062 -0.061070 -0.025259 0.014060 -0.003336
0.012419 -0.020927 0.014260 0.026120 -0.056080 0.090454
-0.073049 -0.041118 0.032310 -0.081569 -0.094694 0.076137
-0.205184 -0.008214 -0.083364 -0.082956 0.102699 0.063205
0.033453 -0.006267 -0.096088 0.011837 -0.003080 0.005700
-0.011598 0.007327 0.025721 0.004491 -0.008663 0.013314
-0.073714 -0.078499 0.058169 0.078523 0.003819 0.033092
-0.024124 -0.015885 -0.040169 -0.012178 -0.035871 -0.078377
-0.053603 -0.177427 0.034861 -0.055638 -0.122382 -0.039560
0.127374 0.069851 -0.131129 0.006142 0.011780 -0.011952
0.222291 -0.221610 -0.095148 -0.036780 0.030178 -0.014041
0.107414 0.090845 0.105509 -0.000322 0.048984 0.061814
-0.043624 -0.160531 -0.179482 0.012718 0.010153 -0.001738
0.014814 -0.174905 -0.119178 -0.009889 0.048244 -0.114879
0.165406 -0.038966 0.088340 -0.128934 0.085438 -0.136558
-0.049719 0.010018 0.056947 0.075948 0.096891 0.095699
0.011802 0.011450 -0.040060 0.025667 0.010256 0.039592
-0.168894 0.136172 -0.209124 0.004387 0.001068 -0.004631
-0.011269 -0.147408 0.012930 0.032041 0.005001 0.026745
-0.246597 0.083312 0.000428 -0.059377 -0.015542 -0.064449
-0.110538 -0.062593 -0.067177 0.001930 0.046005 0.012886
-0.082532 -0.045848 0.033875 0.090641 0.080122 -0.072435
-0.123661 0.054242 -0.177102 0.051168 0.004801 0.047658
0.206460 -0.131399 0.093223 0.033256 -0.012698 0.116439
-0.141461 -0.141060 -0.030335 -0.104819 0.002771 -0.012050
-0.024962 -0.012260 -0.019060 0.007885 -0.044247 0.117963
-0.048940 -0.135277 0.170669 0.001223 0.040453 0.044206
0.031595 -0.020012 0.040679 0.022003 0.007880 -0.024505
-0.069234 -0.126944 0.049774 -0.050802 -0.049458 -0.053255
-0.071062 0.155311 -0.055570 -0.031579 -0.002491 0.030735
-0.080435 0.083303 0.022175 -0.067774 0.048525 -0.050631
0.074546 -0.023755 -0.195308 0.048820 0.050702 0.029439
