0.071261 -0.088390 -0.052856 -0.009878 0.021557 -0.019136
-0.052446 -0.047653 0.059541 0.010890 -0.038153 0.039414
-0.009062 -0.029460 -0.044521 -0.011874 -0.145236 0.023802
0.190060 -0.100543 -0.072288 -0.087540 -0.100999 -0.021872
0.131804 0.125141 -0.039591 0.035217 0.030316 -0.001790
-0.035934 0.067004 0.143243 -0.013914 -0.003102 -0.004085
0.063099 -0.134701 0.142521 0.099432 0.039934 0.059957
0.119346 -0.098781 0.194868 -0.075778 -0.048795 0.047343
0.057898 0.002252 0.068655 0.083682 -0.042184 -0.050125
-0.099803 -0.087525 -0.114666 0.079223 -0.042242 -0.047796
-0.164492 -0.059927 -0.052558 -0.016293 0.025574 -0.015009
-0.091750 -0.186526 0.127684 -0.025474 -0.001338 -0.005683
0.093853 -0.141801 -0.085172 -0.048250 0.020341 -0.006108
-0.098142 0.035539 0.106899 0.012142 -0.014446 -0.004890
0.148702 0.171422 0.071017 0.082514 0.045160 -0.056649
0.181423 -0.172385 -0.019116 -0.046302 0.045667 -0.032428
0.136927 0.061356 -0.182843 -0.041507 0.039579 0.035137
-0.073404 -0.041862 0.063659 -0.055409 0.088702 -0.101221
-0.033848 -0.119347 -0.046187 0.029935 0.088607 0.060635
-0.064653 -0.037728 0.041490 0.006973 0.008224 0.001891
0.020061 0.033250 -0.047277 0.072163 0.082134 -0.091197
-0.069578 0.070718 -0.068592 -0.106601 -0.003060 -0.060822
-0.105917 -0.044727 0.074245 -0.029744 -0.106740 0.033124
0.097880 0.004576 -0.013220 0.001764 0.005432 0.104842
0.040030 -0.046711 -0.022943 0.133526 0.120340 0.017893
0.233517 -0.234209 -0.051488 -0.075315 0.024032 -0.065033
-0.069253 0.004427 -0.000638 -0.003749 0.003930 -0.001922
0.021541 0.026647 0.088190 -0.045802 -0.034088 0.035989
0.066855 -0.005208 0.063474 0.065443 -0.084369 -0.113685
-0.046245 -0.081669 0.028096 0.001358 -0.000095 0.001181
-0.034161 -0.016659 -0.049306 -0.002090 -0.000643 0.000322
-0.002873 -0.025545 -0.048456 0.043246 0.010063 0.094854
0.151204 0.040565 -0.081297 0.049222 0.029059 0.034883
0.095604 -0.022008 -0.115043 -0.005222 0.010776 -0.005504
0.007659 -0.069869 0.053764 0.021427 0.004687 0.015185
-0.066683 -0.038877 0.047105 0.018017 0.001973 -0.008800
-0.007386 -0.069903 0.006497 0.006010 -0.007146 -0.004767
0.061611 0.131544 -0.000073 -0.047385 0.011084 -0.014517
0.051876 -0.049466 -0.057149 0.007801 0.012019 -0.034052
-0.050765 -0.022776 -0.011604 -0.056747 0.078868 0.008685
