-0.035118 0.202636 -0.090411 0.089520 -0.055267 -0.035477
0.029350 -0.080381 0.009835 -0.062752 -0.039039 -0.056200
0.074834 -0.060935 0.098706 0.001754 -0.015703 0.027787
0.198211 -0.214010 0.190905 0.005196 -0.024073 0.029480
-0.123247 -0.025389 -0.122379 0.004119 0.001723 0.000541
0.075315 -0.056242 -0.043208 0.029481 -0.065118 -0.070242
-0.087483 -0.149718 0.038815 0.095691 0.117486 -0.058176
-0.019431 -0.037403 -0.090842 0.009750 -0.000461 0.006936
0.040808 0.038659 -0.044709 0.032613 0.133081 -0.022707
0.043167 -0.074255 0.064940 0.014776 0.006544 -0.011629
0.070963 0.053489 0.014464 -0.029648 0.024928 0.021963
-0.168867 0.172008 -0.220756 -0.009003 -0.053212 0.012426
-0.196933 0.126334 -0.104876 0.020570 0.020014 -0.021309
0.055755 -0.111069 -0.037219 0.032372 0.004643 0.017281
-0.217689 -0.036905 0.125312 0.041546 0.007997 -0.009427
-0.099410 0.104871 -0.051764 -0.042258 -0.024725 0.072880
0.194470 -0.184161 -0.187546 0.006904 0.021589 -0.029623
-0.046975 0.003210 -0.045409 0.039520 -0.016235 -0.007039
0.025271 -0.013070 -0.000123 0.002616 -0.009806 -0.005695
-0.013413 0.070237 0.041197 0.068246 0.003376 0.069726
-0.061664 0.185727 0.127683 -0.055370 -0.043277 -0.026161
-0.043832 -0.047089 0.051918 -0.036487 0.087048 0.075491
0.228159 -0.210109 -0.182921 -0.038877 -0.026177 0.027042
0.105796 0.102467 0.028035 0.090949 0.092442 0.054171
-0.028996 0.104534 -0.198330 -0.078183 -0.086010 0.069940
0.111653 0.070145 -0.131217 0.064860 0.047408 -0.008207
0.077851 0.157444 0.049052 0.022312 -0.087609 0.116976
0.125277 -0.138557 -0.061686 -0.052072 0.019549 0.031622
0.063163 0.006377 -0.096314 0.027737 -0.015255 -0.029530
0.014973 -0.050558 -0.001294 0.011559 -0.009608 -0.006326
-0.145073 0.077538 -0.027093 0.004063 -0.046045 0.021984
-0.030404 0.115495 -0.167650 -0.020579 -0.046181 -0.043799
-0.043961 -0.253049 -0.069224 -0.033645 -0.110058 0.009215
0.045084 0.114305 -0.088237 -0.032488 -0.011537 -0.070585
-0.010120 0.024700 0.011896 -0.017081 0.011126 0.009024
-0.071687 -0.080703 0.067352 0.042171 -0.025631 0.106719
-0.215502 -0.195083 0.087713 -0.001494 -0.000349 -0.001887
0.037643 0.032908 -0.049442 0.030094 0.034314 0.054106
0.007325 -0.023110 -0.126966 -0.005413 -0.047873 -0.040305
-0.221224 -0.099299 -0.171871 -0.062905 -0.053025 -0.000049
-0.102593 -0.092820 -0.061498 0.046385 0.010138 -0.009357
