-0.135027 -0.035668 0.094124 0.005568 -0.008513 -0.014056
-0.012756 0.035849 -0.017746 0.021474 -0.032102 -0.020089
-0.004783 -0.023353 -0.016574 -0.022999 0.006308 -0.031042
0.136737 0.105380 0.010317 -0.042504 -0.021523 0.074456
0.008436 -0.087062 0.077455 0.020196 -0.039961 -0.056593
-0.011874 -0.033033 -0.063027 0.001213 0.030609 -0.001844
0.021286 0.012277 0.015594 0.088507 0.125922 0.043154
0.022932 -0.150280 0.090720 0.016142 0.027507 -0.018331
0.015542 0.045222 -0.033556 0.022028 0.101866 -0.060681
-0.034915 0.060737 0.024801 0.013462 -0.052847 -0.107932
-0.036470 0.008024 -0.019533 0.004534 0.007044 -0.004530
-0.014687 0.096308 -0.136696 0.031126 0.030591 0.038205
0.046177 0.034341 0.000044 0.063150 0.111728 0.087724
-0.060321 0.030068 -0.097614 -0.054615 -0.028506 0.032004
0.089716 -0.073046 0.026391 -0.067955 0.021521 -0.048457
-0.178316 0.086794 0.122694 0.016544 0.034576 0.028343
0.141178 0.015353 0.111056 0.094517 -0.016092 0.073573
0.020390 0.040104 0.033746 0.025436 -0.025116 -0.053360
-0.168318 0.020281 -0.065586 0.024756 -0.008933 0.019873
-0.110722 0.162308 -0.033188 0.091896 0.002031 -0.102164
0.022912 0.092865 0.099280 0.004307 -0.047077 0.026169
0.107731 -0.035244 -0.179944 -0.066684 0.094835 -0.129748
-0.089637 0.029350 -0.001108 -0.025343 0.014345 0.009216
-0.103550 0.071578 0.148764 0.094841 -0.038592 -0.090195
0.101404 -0.024733 0.023691 0.082014 0.037085 0.077430
-0.053068 0.039268 -0.064473 -0.049486 -0.052155 -0.037773
0.148474 -0.098228 -0.085295 0.001642 0.017149 -0.034632
-0.020197 -0.005831 -0.002332 -0.008261 -0.016483 0.082430
-0.043205 0.066724 0.053794 -0.007130 0.022514 -0.013709
-0.059786 -0.006776 0.022775 -0.032438 -0.059664 0.055492
0.064738 -0.016044 0.041195 -0.034715 0.021176 -0.019105
-0.003675 -0.025159 0.040142 0.078804 0.009785 -0.070226
-0.021835 0.020529 0.024475 0.002867 0.002030 -0.015057
-0.043846 0.063438 0.160144 0.032270 0.112335 0.038134
0.034809 0.045152 0.042396 -0.000091 -0.001175 0.001562
-0.015038 0.008972 -0.019590 -0.049168 0.104316 0.093173
0.119186 -0.059810 0.031908 0.053848 -0.054178 -0.115576
-0.034551 0.059649 0.001966 -0.003428 0.006192 -0.005748
0.104486 -0.051456 -0.111509 -0.134438 -0.015414 0.049541
