-0.049094 0.123094 0.118012 -0.072153 -0.027501 0.063116
0.028260 0.043226 0.002990 0.014018 0.019253 0.007018
-0.080835 -0.015871 0.024292 0.020407 -0.068504 -0.021630
-0.037240 0.083211 0.054833 -0.024753 -0.040321 -0.080489
-0.160527 0.020967 0.020879 -0.000917 0.000032 -0.002992
0.011270 -0.024219 0.035732 -0.009917 -0.011955 -0.006095
-0.035012 0.038076 -0.050066 -0.120086 0.119476 -0.079490
0.032748 -0.033383 -0.050927 0.042490 -0.067951 -0.003149
-0.115481 0.045460 0.017706 -0.006307 -0.053376 0.000039
0.046925 -0.083463 0.032356 -0.095870 0.051081 0.086991
-0.025847 0.017579 0.059009 -0.020380 0.024791 -0.070116
-0.130937 0.059934 -0.100783 0.038612 -0.100295 0.095694
0.044473 -0.031670 0.059253 -0.000582 0.003622 0.013416
-0.057930 0.054578 0.043844 -0.123704 -0.074360 0.020760
-0.115933 -0.119010 0.092144 -0.007033 0.001967 -0.000082
-0.180020 0.089582 -0.113361 -0.000484 -0.000127 -0.000432
-0.181470 0.062827 -0.085079 0.003091 0.056277 0.087969
-0.118132 0.053277 0.082760 -0.047650 0.023350 -0.040915
0.069360 0.083918 0.029701 0.002109 0.002676 -0.004997
-0.014789 -0.008780 0.038638 -0.098564 -0.117556 -0.012951
-0.165304 0.152766 0.098111 0.028262 -0.062626 -0.008312
0.060882 0.049030 -0.131577 -0.013342 0.029721 -0.033111
0.059622 -0.009008 0.001946 -0.056570 -0.003244 -0.078621
-0.093758 0.145915 -0.033717 0.104759 -0.115429 -0.039937
0.000677 -0.071194 0.064006 -0.029171 0.000285 -0.030844
-0.016913 0.011341 0.008033 0.093519 -0.112008 -0.069173
0.008489 -0.053977 -0.025704 -0.057325 -0.117314 -0.118455
-0.001672 -0.018674 -0.008158 0.030495 0.082770 -0.013633
-0.048787 -0.067345 0.150049 -0.011782 0.015854 0.021562
0.195674 -0.095838 0.110512 -0.015500 -0.006036 0.016398
0.005253 0.061240 -0.072961 0.035337 -0.067391 0.002594
-0.055621 -0.022491 0.107826 -0.044195 -0.039482 -0.027992
0.090305 -0.030878 -0.070332 0.007622 -0.003802 0.005194
-0.044893 0.011061 0.020351 -0.004368 -0.000382 0.004293
-0.028240 0.015729 -0.006454 -0.006025 -0.009289 -0.012291
0.132546 -0.067890 -0.100007 -0.058255 0.018024 -0.055294
0.014807 0.004970 0.054407 -0.025231 0.036623 0.030246
0.058624 -0.024184 0.055842 -0.006298 0.000335 -0.003153
0.076345 0.138368 0.050079 0.049553 -0.058977 -0.050261
-0.013541 0.012429 0.002380 0.020609 0.002057 -0.012128
