0.000429 0.083890 0.138019 -0.008784 -0.031528 -0.034212
0.076421 -0.073377 0.011184 -0.075451 -0.010515 -0.057854
0.027144 0.032601 0.029340 -0.095969 -0.134187 0.097749
0.044862 -0.016382 0.090988 0.073622 -0.017638 0.056380
0.075096 -0.193628 0.219342 0.012660 -0.055759 -0.012547
-0.010572 0.138164 0.085593 0.011356 -0.000330 -0.000555
-0.003979 -0.053919 -0.060438 -0.009381 0.034487 -0.035065
-0.118058 0.102554 0.018990 0.002027 -0.030689 0.025066
0.023867 -0.198561 0.134107 -0.002188 -0.006849 -0.007468
-0.041834 0.088647 -0.137522 -0.014190 0.006040 0.069218
0.001125 0.033201 0.019434 -0.027849 -0.076043 -0.142021
-0.191206 0.161761 -0.143073 -0.003816 0.114619 -0.105957
-0.160479 -0.120760 -0.165015 -0.027968 0.092731 0.127625
0.024570 0.050719 0.054115 -0.023899 -0.028433 0.033322
0.017947 -0.013701 0.010779 -0.021392 0.011809 -0.043733
0.027565 -0.088195 -0.000549 0.023154 -0.000498 -0.010791
0.063703 0.206407 0.153474 -0.017307 0.018861 -0.019059
-0.043124 -0.006939 0.097341 -0.007483 -0.009950 0.012758
0.125195 -0.070608 0.136659 0.000318 -0.001968 0.002739
-0.033539 -0.087454 -0.001096 0.050378 -0.060618 0.043602
0.055642 -0.040536 0.002480 0.013925 0.016330 -0.004641
-0.058124 -0.002528 0.070535 -0.011085 -0.001349 0.017915
-0.079571 -0.072242 0.044594 -0.091987 -0.119695 -0.038573
0.115883 -0.018858 -0.056680 0.002063 -0.003782 -0.000196
-0.008301 0.039845 0.116707 0.009938 -0.014112 -0.043199
0.075227 0.027085 0.055416 -0.045745 -0.031646 0.047238
0.011379 -0.001792 -0.025525 -0.036637 0.007252 -0.004437
-0.011976 0.008877 0.008892 0.074387 -0.057936 0.061849
-0.084037 -0.091134 0.093110 -0.001059 0.007560 -0.019879
-0.025031 0.084304 0.036830 -0.012624 -0.046813 0.040027
0.045726 -0.026689 -0.102463 -0.095844 0.069567 -0.088074
0.042378 -0.105038 -0.073936 0.031614 -0.018076 -0.045678
-0.179748 -0.000080 -0.135000 0.002640 -0.018844 0.005224
-0.042918 -0.037629 0.051251 0.082879 -0.009571 -0.053979
0.058867 0.071820 -0.011781 0.046666 0.007034 0.005276
0.122711 -0.064866 0.017069 0.068019 -0.138588 -0.061423
0.022059 -0.076050 0.051864 0.019761 0.002528 -0.025691
0.103807 0.110417 0.102088 -0.089962 0.097965 -0.049741
0.021907 -0.023527 0.027918 -0.002726 0.024438 -0.000826
-0.057705 0.042392 -0.139613 -0.033617 -0.044324 0.002112
