-0.055241 0.191331 -0.003502 0.062241 0.019903 0.038307
-0.067967 0.132583 -0.192918 0.005705 0.008462 0.000767
-0.120517 -0.006260 0.007328 0.078422 0.011764 0.011617
0.240325 -0.178905 0.166055 0.023082 0.054438 -0.076244
-0.088414 0.086760 -0.070298 0.015954 0.098638 -0.128813
0.050836 -0.058673 -0.008880 0.050561 0.053189 0.062427
0.067694 -0.054303 0.004195 0.014347 0.025939 0.040249
0.038866 -0.050952 -0.039450 0.059626 -0.035923 -0.044774
-0.045243 0.216581 -0.165124 -0.023941 0.020575 0.019809
0.030457 -0.040157 0.023659 -0.044943 0.058369 0.038130
-0.035501 -0.035564 -0.160435 0.012835 -0.021171 -0.057126
0.034698 0.034694 0.035841 -0.000888 0.001382 -0.001627
0.031795 -0.014964 0.192255 -0.032923 0.009028 -0.090899
0.032997 0.140600 0.035319 0.022299 0.008069 0.006257
-0.011653 0.003741 0.034177 -0.031521 -0.051149 -0.052856
0.181840 0.003234 -0.188771 0.019963 0.001135 -0.017786
-0.039090 0.030628 -0.001761 0.001997 0.103562 0.111046
0.078247 -0.068434 -0.055056 -0.007670 -0.043763 -0.033433
-0.153294 -0.090988 -0.168733 0.112510 -0.024547 -0.015821
-0.007278 -0.009101 -0.016566 0.010185 -0.081763 -0.097126
-0.012372 -0.049147 0.116218 0.030399 0.024290 -0.027353
0.186479 -0.210385 -0.222563 0.058122 0.129268 -0.022193
-0.070619 0.051834 -0.111018 -0.038043 0.077943 0.002116
0.032845 0.023957 -0.017375 -0.008422 0.079345 -0.071476
0.084820 0.088438 0.108280 0.031078 -0.075497 0.080495
0.006113 -0.004327 0.026672 -0.014199 -0.044434 -0.007103
0.183872 0.179998 -0.134258 -0.058882 0.037604 0.066435
0.206094 -0.116824 -0.066936 -0.039820 0.099746 -0.003475
0.017153 -0.020598 -0.005517 0.002956 -0.009382 0.030485
0.218793 -0.226295 -0.029035 0.003799 0.002662 0.006757
-0.002975 -0.084585 0.037320 -0.061576 -0.057034 0.083647
-0.027650 -0.065579 -0.054562 0.116521 0.056942 0.082137
0.072438 -0.110768 0.110482 -0.017001 -0.015765 0.053058
-0.020133 -0.085898 -0.003384 -0.009698 0.064149 0.082703
-0.159485 0.053587 0.074664 -0.008603 0.027812 0.042000
-0.219752 -0.149304 0.144596 0.000194 0.037175 -0.091026
0.077961 0.032123 -0.036940 -0.043732 -0.049973 -0.023012
-0.152455 0.151402 0.161375 0.004430 0.029664 0.134903
0.032592 0.030521 0.019219 -0.001363 -0.008289 -0.000756
0.049145 0.043843 -0.014275 -0.055223 -0.029447 0.006857
