-0.022840 -0.037135 -0.091510 -0.097476 -0.063727 0.080770
-0.167439 -0.145870 -0.023450 -0.068617 0.047433 -0.085954
0.000255 0.026367 0.052514 -0.092038 0.044823 -0.031803
-0.002312 0.053658 -0.230043 0.086853 -0.071183 0.122941
-0.104965 0.125463 0.023643 0.028406 -0.097496 -0.005463
0.031314 0.022115 -0.057140 0.036647 -0.048076 -0.024561
-0.004367 0.019069 -0.009018 0.011536 -0.013298 0.019205
0.036077 -0.026214 -0.034888 -0.003715 0.000578 -0.000645
-0.051495 -0.105234 -0.045683 0.001327 0.006053 0.003191
-0.069089 -0.092321 -0.148930 0.068802 -0.017364 0.032522
-0.053188 -0.083396 -0.066229 0.050696 -0.095260 0.116105
-0.109059 -0.031674 -0.059746 -0.021709 0.029217 0.033852
-0.053454 -0.012308 -0.154987 0.034576 -0.129574 -0.004390
0.069543 -0.017269 -0.072763 0.045651 -0.052731 0.035507
0.070324 0.144416 0.025821 -0.110558 0.080999 0.080034
0.009534 -0.073044 0.056286 -0.022095 -0.003116 -0.001696
0.081384 0.074625 -0.006371 -0.078450 -0.129989 0.029612
-0.069298 -0.097150 0.054617 0.019898 -0.014433 0.034182
0.125297 0.218242 0.092860 -0.024096 -0.047518 0.046743
-0.093229 -0.008243 0.101044 0.002516 0.022465 -0.026396
0.006708 0.128293 -0.160350 0.045666 0.115464 -0.057723
-0.036615 0.044835 -0.048735 -0.053757 -0.125764 0.020523
0.057026 -0.188283 0.116407 0.002052 -0.004052 -0.006770
0.008231 0.027391 0.051140 0.002704 -0.002719 0.006444
-0.002776 -0.241880 0.238425 -0.136133 -0.096635 -0.075722
0.084001 -0.039139 -0.016456 -0.000070 -0.000076 0.000193
0.011380 -0.038470 -0.008892 0.027970 -0.009237 -0.055779
-0.080257 -0.018549 -0.013761 -0.031363 0.014757 -0.034397
0.005720 0.124550 0.160494 -0.014355 -0.114989 0.047877
0.086214 -0.129148 0.082325 -0.000627 -0.031740 -0.008276
0.149023 -0.148610 0.101743 0.065864 0.105407 0.076571
-0.028328 -0.039208 0.057040 -0.081163 -0.029852 -0.136016
-0.054087 0.020567 0.070564 -0.048017 0.061878 -0.045686
-0.038331 -0.189455 0.009262 -0.017799 0.067691 0.043997
0.034387 -0.120898 0.018908 -0.002254 -0.000515 0.002517
0.109942 0.058372 0.121845 -0.052850 0.017170 0.018413
0.094387 0.132918 0.088580 -0.043104 0.051158 -0.034397
-0.095079 -0.066974 0.067751 -0.086287 0.060623 0.032384
-0.031828 -0.220089 -0.255368 -0.031969 -0.064530 -0.057190
0.006201 -0.234805 -0.062867 0.026182 -0.036879 0.007242
0.127763 -0.025010 -0.139061 -0.027167 0.023340 -0.002108
