-0.001839 0.042058 -0.037552 0.027375 -0.019126 -0.018813
0.030246 0.035924 0.044916 0.025760 -0.049054 0.037312
0.002070 0.039516 -0.006663 -0.023639 -0.002588 -0.044330
0.082337 0.040283 -0.104128 0.062615 0.051926 -0.021209
-0.009940 0.076182 0.005422 0.001089 0.056641 -0.057587
-0.144280 0.140782 0.010440 0.005339 -0.002352 -0.000531
-0.177777 0.148442 -0.026289 0.042196 -0.021083 0.018458
0.064147 0.049836 -0.027013 -0.035569 0.031398 -0.017465
0.033517 -0.082706 0.164327 -0.043399 0.017041 0.045788
0.196027 0.195280 0.047396 -0.009111 -0.100499 0.101472
0.129495 0.101869 -0.078721 -0.002382 0.032308 -0.033863
0.043218 0.027072 0.099621 0.006270 -0.070172 0.099426
-0.019570 -0.021196 -0.027065 0.072424 -0.092397 -0.051602
-0.004506 0.014764 0.020405 0.011627 -0.018685 -0.004589
0.009116 -0.042895 -0.003667 0.005264 0.022973 0.043036
-0.064913 0.005037 0.078368 -0.071735 0.065717 0.049745
0.195065 0.036818 0.107405 0.020982 0.035727 0.050044
0.065734 0.108753 -0.121241 0.118403 -0.111346 0.131967
0.044717 -0.016053 -0.043778 -0.025507 0.044455 -0.056288
-0.058376 -0.023965 -0.037512 -0.010911 0.035674 -0.024363
0.045169 -0.070182 0.009712 -0.048555 -0.040974 0.017347
0.002804 -0.009785 0.022619 0.027644 -0.111442 -0.077018
-0.012179 0.012344 0.028816 0.140899 -0.091588 0.068734
0.044363 -0.057938 0.003425 0.061767 -0.047691 -0.014996
0.050474 0.097098 0.169264 -0.012592 -0.013081 -0.075602
-0.115831 -0.046062 -0.031740 -0.046837 0.058099 0.104415
-0.040534 0.011764 0.035640 -0.005317 -0.100837 0.071719
-0.058628 -0.031150 -0.143039 0.036228 0.062297 0.037599
0.006249 0.012519 -0.032933 -0.041716 0.101070 0.006449
0.098040 0.065033 0.116534 -0.009741 0.008983 -0.005539
0.201265 -0.214409 -0.028245 0.000957 0.003375 0.002486
0.103408 0.032074 -0.062904 0.009715 -0.006814 0.005511
-0.211783 -0.136813 0.193012 0.069211 -0.039475 -0.018782
0.079876 0.046551 -0.016932 0.001989 -0.030392 0.010843
0.224274 0.194682 -0.229935 0.001628 -0.001678 -0.001621
0.222969 -0.121045 0.024350 0.000888 0.003155 0.002073
-0.151835 -0.091667 0.186735 0.105775 0.074124 0.109996
0.116171 0.000446 -0.141928 0.029423 -0.008678 0.063190
-0.040342 0.116174 0.066952 -0.022779 -0.000690 -0.048948
0.063012 0.104953 -0.243185 -0.016646 -0.009105 0.015690
