0.075727 -0.203121 0.018012 0.015122 -0.073059 0.116201
-0.128902 -0.092639 -0.025399 0.078779 -0.034381 -0.000970
0.103907 0.106934 0.086482 -0.020167 0.012809 0.018192
0.035685 -0.068538 -0.078044 0.021265 0.029493 0.003446
-0.042486 0.032089 -0.010336 -0.031472 -0.041360 0.007151
-0.086014 0.137448 -0.151879 0.010203 -0.011547 0.001525
-0.009453 0.005119 0.011333 -0.009622 0.003740 0.003652
-0.063396 0.022630 -0.019408 -0.064919 -0.016694 -0.058095
-0.005854 0.035454 -0.128208 -0.040834 -0.039975 0.039867
0.023171 -0.189676 0.039159 -0.042004 -0.004643 0.111273
-0.110440 -0.133904 0.057035 -0.021074 0.012670 -0.000223
-0.147343 0.119283 0.005635 0.003059 0.028446 -0.032476
0.084098 -0.008831 0.035933 0.025426 0.031084 -0.012576
0.002012 0.020924 -0.012110 0.016395 0.085305 -0.081297
0.014799 -0.128810 0.085216 0.030182 -0.025899 0.016943
0.146695 -0.091765 -0.132668 0.021672 0.008969 -0.026574
0.027945 -0.006792 0.016762 0.122343 0.026100 -0.036808
-0.028282 0.091730 -0.037984 0.032806 0.037477 0.019621
-0.001002 -0.073203 0.074464 -0.000696 0.000183 -0.000383
0.043066 0.125076 0.094339 -0.028532 0.055129 -0.035926
0.035458 -0.017911 -0.017057 -0.060688 -0.026626 0.086836
-0.048707 0.074940 -0.064435 -0.029771 -0.080014 -0.059023
0.165247 -0.075192 -0.096208 -0.010278 0.006990 0.007502
0.004319 -0.059994 -0.167507 0.019128 0.002798 -0.030149
-0.042355 0.096471 0.004447 -0.045631 0.037139 -0.068316
0.144834 0.039535 -0.093114 0.016588 -0.049653 -0.004663
-0.122326 -0.080534 -0.105249 -0.015459 0.024058 0.007789
0.033682 -0.034179 -0.090212 -0.059051 -0.057499 -0.004710
0.020748 -0.028255 -0.013171 0.041218 -0.025091 -0.040929
0.037655 0.028549 0.043038 -0.008905 0.003182 0.007005
0.041495 -0.215732 0.063879 -0.000000 0.000000 -0.000002
-0.112611 -0.126349 0.123405 -0.055431 -0.069902 -0.005636
0.020532 -0.165163 0.254513 -0.069442 -0.033476 0.026448
-0.037511 -0.071717 0.041601 -0.085391 0.073944 0.111216
0.204640 -0.115964 0.167631 0.009563 0.010701 -0.017517
-0.088034 -0.041684 0.115929 0.034155 0.009698 -0.012739
0.090035 0.175451 -0.075482 -0.007335 -0.039926 0.008265
0.144422 0.156424 -0.104422 -0.081559 -0.059022 0.023544
-0.099159 0.008930 0.038620 0.006936 -0.000985 -0.030737
-0.107594 -0.108285 0.101727 -0.056782 -0.075015 0.077908
