-0.129273 0.123244 0.105471 0.009675 0.054384 -0.055972
-0.204658 0.038401 -0.034562 -0.025181 -0.024184 0.022823
-0.006430 -0.017886 0.015026 -0.030680 0.074097 0.032226
-0.029446 0.018225 0.025141 0.000638 -0.000031 -0.000978
0.066269 0.034613 -0.091621 0.002828 -0.004631 0.000056
-0.111828 0.086076 0.036081 0.004969 -0.027416 -0.020411
-0.107032 -0.079006 0.129076 0.091771 -0.104863 -0.018014
0.159355 -0.103118 -0.059522 0.116388 0.046486 -0.006205
-0.122680 -0.002315 -0.096982 -0.037208 0.020702 -0.028417
-0.132639 -0.009475 0.025818 -0.020884 -0.023246 -0.012195
-0.042060 0.060942 -0.062499 -0.002311 0.101090 0.017486
0.104902 0.079228 -0.097493 0.133214 0.093056 -0.094083
-0.005702 0.001034 0.003342 0.046887 -0.074011 -0.044589
0.013925 0.023041 0.003517 0.024353 0.028511 0.063958
-0.043554 0.042239 -0.085626 -0.041652 -0.002944 0.063621
-0.085440 -0.036086 -0.070218 -0.031059 0.022303 -0.024003
-0.065743 -0.154028 -0.039975 -0.002106 -0.013578 -0.047351
0.045516 -0.138719 -0.010928 0.001799 0.013831 -0.005387
0.040660 -0.005839 0.001579 -0.013739 -0.008965 -0.022599
-0.007456 0.017491 0.054952 0.016095 -0.017770 -0.024118
0.174295 0.116851 0.174694 -0.060173 0.072816 0.048300
-0.017435 -0.216565 -0.114289 0.074334 0.042974 -0.043297
0.077952 -0.000742 -0.056903 -0.008798 0.009762 0.024774
-0.177056 -0.216229 -0.195008 0.025627 -0.039363 -0.052655
-0.024327 0.065773 0.064841 -0.106797 0.029434 -0.068451
-0.147128 0.095160 -0.119375 -0.059849 0.057045 -0.041142
-0.052906 -0.101470 -0.048202 -0.009250 0.022016 0.003525
-0.005162 -0.023591 -0.022700 -0.060438 -0.075561 0.074166
-0.009813 0.000811 -0.028489 0.018367 0.101297 -0.040238
0.040946 -0.097833 -0.007336 0.043084 -0.033604 -0.007965
0.080909 -0.037527 0.083079 -0.010125 0.006468 0.005389
0.088794 -0.221269 0.155127 -0.005060 -0.011797 -0.028538
-0.006974 -0.026979 0.048328 0.070927 -0.079657 0.041558
-0.067384 0.008948 -0.017458 -0.045640 -0.067370 0.022188
0.038756 0.015150 0.026078 -0.072640 0.033793 0.026358
0.008901 -0.006061 -0.005301 -0.104702 0.023496 0.060344
-0.056292 0.037013 0.054236 0.036661 -0.010223 -0.073363
0.167393 -0.172568 0.010911 -0.001802 0.003103 -0.003707
-0.136857 -0.106872 -0.113128 0.025666 0.059078 -0.040490
0.067953 -0.118492 -0.004338 0.000374 0.011682 0.001787
