-0.105201 0.158357 0.044757 -0.113178 0.072455 0.085115
0.070970 0.030725 -0.039649 -0.063781 -0.035133 0.045772
0.047950 -0.089466 0.101748 0.056408 0.046041 0.031277
0.068731 -0.126392 0.082551 -0.094603 -0.056573 0.097532
-0.030740 -0.004411 -0.019122 -0.101799 -0.046843 -0.091378
0.010760 0.006291 -0.022130 -0.064484 0.019589 -0.025430
-0.070689 0.055399 -0.097033 -0.014417 -0.013503 0.012521
0.174898 0.162453 -0.006785 0.019980 0.013084 0.011908
0.174380 0.003547 0.184801 -0.084420 -0.042139 -0.001394
-0.070962 -0.011041 -0.100224 0.026691 0.000108 0.017214
0.096108 0.029094 0.115516 -0.029213 -0.017107 0.020472
0.219123 0.137447 0.018168 -0.015073 0.002342 0.012574
-0.011262 0.009941 0.041431 -0.067594 -0.021311 -0.019618
0.112707 0.083051 -0.021084 -0.047152 0.073874 0.021168
0.021888 -0.024892 0.004827 0.027682 -0.007495 0.010174
0.084729 -0.003849 0.096180 0.025382 -0.060960 -0.096501
-0.010257 0.043133 -0.061830 0.039480 -0.043290 -0.021839
0.025891 0.013112 0.031437 -0.001450 -0.006010 0.004170
-0.048973 -0.047370 0.165881 -0.045160 -0.068532 -0.128603
0.059017 -0.037222 -0.058818 0.001579 -0.000222 -0.002106
0.201270 0.078056 0.138818 -0.035223 0.040731 -0.028035
-0.201355 0.099136 -0.201928 0.000824 0.032789 0.018635
-0.034395 -0.044323 -0.107137 -0.026235 -0.007109 -0.012486
-0.103586 -0.107548 -0.010917 0.002779 0.022502 -0.002409
-0.147843 -0.087064 -0.085552 -0.028905 -0.052045 0.047529
-0.048540 0.038169 -0.176624 -0.016724 0.002350 -0.012276
0.120915 -0.126783 0.057983 -0.059141 0.038115 0.070509
-0.061951 -0.012782 -0.006498 -0.036508 0.007351 0.019503
0.119985 -0.117408 -0.081475 -0.009439 -0.006724 0.000271
-0.003212 -0.058777 0.009887 0.039851 -0.003353 -0.073194
0.009754 0.058677 -0.033981 -0.005047 -0.007365 -0.001197
0.038813 0.053288 0.083062 -0.072155 0.024233 -0.023660
0.012450 0.021528 0.017933 -0.038698 -0.009068 -0.062539
-0.002864 0.016004 0.005275 -0.014375 0.014732 0.000559
0.024943 -0.042359 0.029712 0.081141 0.038607 0.092312
0.006752 -0.149692 -0.078595 0.113043 0.108195 -0.039771
-0.017717 -0.029913 -0.001260 -0.006742 0.013229 0.008603
-0.140972 0.130572 -0.052007 0.014531 0.016226 0.014974
-0.000180 0.088423 0.084156 0.017352 -0.004555 -0.063223
-0.150199 -0.059447 -0.129680 0.071781 -0.036018 0.035722
