-0.004736 -0.022346 -0.033611 0.024397 0.009451 0.001449
-0.031727 -0.048404 0.045028 -0.055484 0.123724 -0.110800
0.005740 0.005475 0.029360 -0.055939 0.014372 0.051207
0.098935 -0.028765 0.121919 0.060594 -0.102812 0.043752
0.000745 -0.045261 0.037637 -0.107117 0.092569 -0.106276
-0.116761 -0.149757 -0.045778 0.005916 0.006796 -0.008113
0.053925 0.173781 -0.218693 0.038359 0.082869 0.040664
-0.130206 -0.092717 -0.081278 0.029196 0.125526 0.135285
0.165737 -0.002614 0.122348 -0.036412 0.058444 0.046090
0.060869 0.126136 -0.111926 0.000724 0.022147 -0.028482
0.012554 0.010467 0.009926 -0.031724 0.013457 -0.036824
-0.184062 -0.084472 0.208238 0.000441 0.000457 0.000823
-0.056878 -0.188837 -0.220096 -0.044860 -0.038824 -0.008279
-0.051998 0.118573 -0.075580 0.029238 -0.024771 -0.030265
0.065567 0.039182 -0.073548 -0.005098 0.006826 0.000517
0.002225 0.195673 0.133513 -0.020721 0.034788 -0.100263
-0.034004 -0.070281 0.024592 -0.008293 0.005058 0.008444
0.076149 -0.032652 -0.135342 -0.002710 0.024541 0.030780
0.233600 0.116853 -0.240741 0.101202 0.020391 -0.006680
0.007275 -0.037145 0.153283 -0.083848 0.000412 -0.022977
0.097308 0.048841 -0.054343 -0.004985 0.098997 -0.039213
-0.078967 0.033495 0.043321 -0.061967 0.072371 0.005480
0.001746 0.071761 0.046854 -0.003368 0.000308 -0.000205
-0.200010 -0.013193 -0.106706 0.005857 0.020982 -0.009622
-0.001354 0.002677 0.003607 -0.028926 -0.003193 0.027468
0.098708 0.110986 0.008542 0.024943 -0.016370 -0.009529
-0.048002 -0.063622 0.066219 -0.002740 -0.023201 -0.003084
0.038094 0.089134 -0.088697 0.034743 0.048311 0.037544
-0.015480 -0.012134 0.008950 -0.022699 -0.070730 0.111263
0.052083 -0.005399 -0.056056 -0.038641 0.006788 0.122886
0.011123 -0.060114 0.044650 -0.007202 0.066999 -0.051930
-0.118627 0.022959 0.001759 0.000412 0.026663 0.001621
0.094280 -0.129740 0.084055 -0.020044 0.006477 -0.013558
0.000793 0.003491 -0.019384 0.080159 0.109029 -0.026264
0.087530 -0.016720 -0.053982 0.049376 0.073051 0.055216
-0.006481 -0.006872 0.022999 0.048333 -0.078254 -0.068895
0.163415 0.000985 0.215004 0.027176 0.007245 -0.026328
-0.000158 0.003218 0.004952 0.031556 0.002382 -0.033068
-0.011291 -0.093300 0.036668 -0.048453 -0.093246 -0.037606
-0.009489 0.048262 0.067601 -0.006435 -0.005594 -0.009775
