-0.025971 -0.153940 0.112921 -0.009362 0.015500 0.017761
0.002514 -0.050307 -0.149042 0.008623 -0.012546 -0.038424
0.030420 0.047951 -0.038042 -0.019254 0.025485 0.012422
0.126797 0.023208 -0.100758 -0.110664 -0.021415 -0.085634
0.207348 0.007651 -0.175769 -0.002295 0.064230 0.080961
0.035216 -0.029909 -0.004723 -0.016765 0.074409 -0.053938
0.102561 -0.136394 0.176572 -0.102139 -0.044634 0.001279
0.001727 -0.055605 -0.092914 0.030895 -0.008026 0.007006
-0.057026 0.029211 0.056692 -0.009889 -0.009349 0.001464
-0.022610 0.053930 -0.009239 0.023589 -0.013945 0.033965
-0.007734 0.057630 -0.142841 0.003958 -0.000869 0.000716
0.041952 -0.069938 0.047020 0.000940 0.026104 -0.070765
-0.043733 0.033314 0.049121 0.031262 0.025653 -0.035844
0.128474 0.051829 -0.096078 0.000467 0.000506 0.001070
0.046835 -0.057553 0.038936 0.017080 0.019243 0.014077
-0.002801 -0.047865 0.060358 -0.017993 0.007390 0.015232
-0.222883 0.173043 -0.194843 0.098570 0.022078 -0.042246
-0.094110 0.072105 -0.209990 -0.053037 0.065622 -0.008011
-0.017931 0.025589 0.029216 -0.036189 0.073027 -0.049176
0.016160 -0.008254 0.001674 0.020967 -0.109097 -0.057096
0.182927 0.153318 -0.174132 -0.094265 -0.037004 0.066612
0.047377 -0.088651 -0.074876 0.039276 -0.108294 -0.079980
0.018910 -0.033538 -0.001257 -0.096374 -0.021784 0.126575
0.194203 0.193098 0.166559 0.075115 0.071219 -0.020752
0.021091 -0.090905 -0.122495 -0.005184 0.004828 0.002346
-0.007721 -0.018715 -0.017782 0.031297 -0.057451 0.037860
-0.025577 -0.065971 0.073128 -0.101883 0.090822 -0.092867
0.100297 -0.142219 -0.050877 -0.023701 0.019629 -0.004252
-0.061190 0.063083 -0.118307 -0.090754 0.030320 -0.002662
-0.042262 0.045684 -0.069518 -0.022716 -0.044459 -0.035849
-0.151606 -0.110818 -0.087800 0.014106 -0.005121 0.002437
0.005747 -0.015569 0.015541 -0.100292 -0.055561 0.106760
0.001770 -0.002058 0.017553 -0.017150 0.030348 0.001444
0.048310 0.088499 -0.015785 -0.095511 -0.098355 -0.114118
-0.050008 0.076290 -0.111959 0.003427 -0.040214 0.086344
-0.036423 0.076403 -0.048069 0.024232 0.043417 -0.013165
-0.001657 0.010852 0.060673 -0.005982 0.004865 -0.004313
0.076912 -0.204361 -0.143524 0.006877 -0.080756 -0.004022
0.003567 -0.045762 -0.111587 -0.036522 -0.002771 0.002951
0.026140 0.005693 -0.058372 0.004050 -0.025018 -0.120362
-0.069045 0.049711 -0.035024 0.005653 -0.019475 -0.015127
