-0.097447 0.098194 0.103338 -0.003811 0.015053 0.035464
0.153457 0.096853 0.086505 0.003960 -0.003342 0.001862
-0.138995 0.047183 0.138456 0.115688 0.105344 -0.033773
0.035088 -0.063752 0.029619 -0.030871 -0.056919 0.028319
0.059787 0.043909 0.004458 0.069536 -0.036965 -0.029514
-0.008694 0.070745 0.050078 0.011938 0.015215 -0.030329
-0.009377 0.021489 -0.024086 0.031633 -0.111552 -0.125851
-0.075829 0.054839 -0.088587 -0.013509 0.010899 0.017634
-0.007432 0.021500 0.002989 0.008551 0.006062 -0.006943
0.210903 0.025433 -0.194936 0.030783 0.092691 -0.105090
0.003350 -0.018117 -0.038241 -0.010899 -0.061554 -0.002664
-0.014571 -0.058498 0.050566 0.032946 -0.051774 -0.018042
-0.100773 -0.066096 -0.158888 0.019578 -0.007596 0.021716
-0.071881 0.073776 -0.057636 0.012691 0.006911 -0.004374
0.015459 0.083466 0.036812 -0.021078 -0.017806 -0.008539
0.105344 -0.087005 0.033759 -0.072739 -0.034402 0.085127
0.043581 -0.132858 0.034474 0.033307 0.008159 0.004810
-0.077464 0.014853 0.077045 -0.064232 0.015368 0.062785
0.166095 -0.054327 0.086109 -0.048931 -0.017577 0.117894
0.018801 0.035330 -0.022734 0.007487 0.039849 -0.014061
0.049912 -0.114134 -0.064320 -0.126619 0.005103 -0.096661
0.026100 0.001850 0.080037 -0.010670 0.009039 -0.023850
-0.185663 -0.149037 0.104742 0.036800 0.044581 0.054402
0.040845 -0.045424 -0.060258 -0.090148 -0.109066 -0.038404
0.039930 -0.003535 -0.034574 0.003911 -0.021050 0.031606
-0.113291 -0.025427 -0.109251 0.030653 0.011039 -0.004970
-0.133330 -0.070458 -0.078648 -0.097163 0.059534 -0.007558
0.133776 0.152219 0.024848 0.008875 0.005057 0.002540
0.072222 -0.071775 0.076279 -0.009534 0.009168 0.002609
-0.030148 -0.006255 0.010010 0.106357 0.102717 -0.070052
0.039981 0.052982 0.014742 -0.107946 -0.133571 -0.047947
0.011162 -0.103848 -0.087246 -0.011005 0.001871 0.019072
0.017040 0.050448 0.010550 -0.001503 -0.018936 -0.023040
-0.003361 0.146358 -0.069316 0.048249 -0.011276 0.029764
0.118388 -0.136077 0.098776 -0.030970 -0.025952 0.080125
-0.075713 0.003410 0.053452 0.008398 -0.037474 -0.021318
0.051002 -0.034608 -0.095768 -0.016042 0.013762 -0.012595
0.194416 -0.099495 -0.101612 0.017887 0.014612 -0.006017
0.248926 -0.188966 0.104896 0.013913 -0.057836 0.062878
-0.050159 -0.077403 -0.031444 0.025901 -0.014477 0.007289
