0.066514 -0.101499 0.078172 -0.011204 0.006400 0.005122
-0.083993 0.078549 0.036699 -0.022321 -0.085962 0.096598
0.012966 -0.184411 0.179172 0.024858 -0.063795 -0.058714
0.091288 0.131980 0.056280 0.031133 0.003952 -0.005567
0.056730 -0.043634 -0.069031 0.020335 0.009658 0.010113
0.024152 0.021130 -0.001975 0.114075 -0.009571 0.140115
0.014892 0.032161 -0.090475 -0.083818 -0.079055 0.020162
-0.204478 -0.061552 0.157475 -0.001766 0.012837 -0.004434
0.073919 -0.144610 -0.045490 0.016203 -0.013211 0.055920
-0.019216 0.059706 0.148724 -0.006337 0.001006 0.053607
0.000721 -0.025662 0.002023 0.106380 0.105824 -0.109697
-0.033715 -0.053358 0.048359 -0.006196 -0.002153 -0.002097
-0.018341 0.064507 0.106300 0.045998 0.032053 -0.004510
0.012463 0.071423 -0.059889 -0.001356 0.021994 0.086102
0.121476 0.008694 0.144612 0.054577 -0.064676 -0.054099
0.098241 -0.077731 0.097549 0.023653 -0.012237 -0.053658
0.184422 -0.194619 0.070821 -0.037390 0.005801 -0.007963
-0.094434 0.037628 0.017938 -0.001795 0.000442 0.002912
-0.178651 0.067937 -0.051405 0.097040 0.075864 -0.077676
0.053440 0.052327 0.018508 0.081318 0.074731 0.048019
0.126405 0.057920 0.151719 -0.012306 -0.001743 -0.028694
-0.001894 0.005070 -0.003389 -0.001792 -0.001315 -0.001136
-0.000609 -0.010499 -0.013774 -0.097127 0.033559 -0.078801
0.035539 0.026363 -0.027120 -0.016642 0.008555 -0.018730
-0.153196 0.084995 -0.159901 0.023050 0.027390 -0.005257
-0.006598 -0.128288 0.124842 -0.020590 -0.071926 0.006805
0.123323 -0.124469 -0.140809 0.016337 -0.034925 0.022682
-0.074652 0.034841 -0.063141 -0.002030 -0.020663 -0.001055
-0.057699 -0.061414 0.044443 -0.139523 -0.097700 0.020217
-0.122654 0.117937 -0.185557 0.060667 -0.033540 0.041006
-0.017047 0.160530 -0.105749 0.013754 -0.051279 0.000651
0.181666 0.123237 -0.076486 0.021629 0.011237 0.046479
0.046324 -0.090249 0.010752 -0.019840 -0.084465 0.121248
0.026828 0.081922 -0.052999 -0.032219 0.062184 0.062524
-0.092917 -0.081543 -0.159158 0.028393 -0.107746 -0.145593
0.044482 -0.182076 -0.059047 0.052476 0.027468 0.053778
-0.053874 0.006751 0.036628 -0.042955 -0.007014 0.041520
-0.033295 -0.013526 -0.004405 0.056956 0.088204 0.085648
-0.104039 0.041576 0.066625 -0.035411 -0.089030 -0.088368
-0.077313 0.085302 0.077088 0.028906 -0.036575 0.000242
