0.172089 0.127512 -0.029135 0.049489 -0.120284 -0.064753
-0.019406 0.020102 0.032915 -0.043548 0.053207 -0.128866
0.100877 -0.089515 0.066211 0.125803 -0.103153 0.013983
0.128521 -0.068693 -0.072941 0.011447 -0.015275 -0.007475
0.230673 0.099992 -0.198994 0.037847 0.016800 0.046789
0.127708 -0.209044 -0.093373 -0.005435 0.019341 0.007377
-0.003206 0.008402 -0.035001 -0.002310 -0.073293 0.018180
0.092428 -0.096343 -0.119972 0.074498 0.006207 -0.105186
-0.009985 0.058600 0.055158 0.003285 -0.005343 0.046611
0.011659 -0.006372 -0.040641 0.106588 0.039377 -0.071729
-0.050119 0.072989 0.058151 0.013995 0.020320 0.011254
-0.171332 -0.218836 0.258205 -0.000888 0.017280 -0.004039
0.046642 -0.031415 -0.018519 0.003021 0.002023 0.006794
-0.048296 -0.009991 0.016084 -0.003728 0.027711 0.012062
-0.131394 0.125475 0.035475 0.063473 -0.007424 -0.007049
-0.022231 -0.160407 0.076547 -0.016202 0.030167 0.059465
-0.006237 -0.010929 0.001896 0.096685 0.093491 -0.075659
0.191262 -0.090935 0.118883 0.090956 -0.000576 0.050444
-0.012774 -0.007335 -0.024021 -0.115893 0.063480 -0.097965
0.066967 0.003155 -0.072067 0.002479 -0.000813 0.002389
-0.136761 0.111412 0.131227 0.120072 0.070602 0.007988
-0.024120 0.032321 0.021567 0.044159 -0.015894 0.037969
0.150315 -0.174050 -0.020935 -0.019931 -0.011194 0.026394
0.000588 0.035335 -0.023201 0.088284 -0.097122 -0.042144
0.000613 0.041723 -0.077862 -0.021287 -0.000533 -0.014919
-0.035606 0.003325 -0.232286 -0.000478 -0.005393 -0.001308
0.097755 -0.012640 0.040622 -0.061061 0.002506 0.037602
0.033842 -0.009739 -0.102017 0.021244 -0.036704 -0.022284
-0.066118 0.062934 -0.051537 0.020979 -0.031351 0.001208
0.063726 0.056214 0.023993 0.025569 0.021658 -0.002195
0.111865 -0.081753 0.041092 -0.059776 0.017936 -0.013588
0.056583 -0.141629 0.074619 -0.034637 0.036122 -0.016882
-0.095930 -0.019609 0.095141 0.006099 0.040280 0.003856
-0.027881 -0.002963 0.003646 -0.000097 0.000910 -0.000901
0.096996 -0.029805 0.117836 0.000223 0.015581 0.014826
0.124046 -0.031017 0.041411 -0.012888 0.022592 -0.018056
0.012466 -0.046323 -0.028854 0.060512 -0.050468 -0.061099
0.026670 0.041653 0.004826 0.065980 -0.006499 -0.115291
-0.020483 -0.009763 0.030264 -0.049696 0.016680 -0.021453
-0.078461 0.075296 0.079834 0.048567 0.004190 -0.050986
