0.001674 -0.012769 -0.033200 -0.042238 -0.124163 0.051709
-0.024257 0.066695 0.083968 0.045333 -0.031206 -0.063387
-0.001304 0.037609 0.138033 0.035429 -0.048065 0.073719
0.043081 -0.107306 -0.004558 0.092686 -0.048668 -0.042641
-0.035636 0.010680 -0.118950 -0.008737 -0.005489 -0.000768
-0.010973 0.018424 0.008664 -0.071884 0.055925 -0.085125
0.091344 0.052921 -0.013087 0.007283 0.052892 0.017741
0.041604 0.161859 0.068334 -0.076022 0.039740 -0.094397
0.100799 0.103499 -0.061743 -0.047411 0.052689 -0.011330
-0.027562 0.036270 -0.034163 -0.007643 0.028096 0.023478
0.150667 -0.181000 -0.018535 0.056726 -0.054306 0.082426
0.031616 -0.068279 0.045574 0.038112 -0.012299 0.037994
0.022561 -0.048517 -0.053389 0.007741 -0.037494 0.004622
0.018154 -0.146964 -0.078853 -0.129360 0.047767 0.133426
-0.071960 0.108994 -0.106388 -0.018844 0.010534 0.020879
-0.122871 0.067389 -0.179527 -0.120479 -0.069048 0.116379
0.146395 -0.012196 0.028952 0.020703 0.017705 -0.016030
0.062445 -0.071583 0.031692 0.037190 0.007486 -0.029624
0.024610 0.043784 -0.000723 -0.078110 -0.137613 -0.099631
0.092170 -0.190977 0.062045 0.010847 0.025733 -0.026619
0.049263 -0.044688 0.068601 -0.134158 -0.028178 0.090497
0.141020 -0.133396 0.100626 0.010347 -0.046519 0.117947
0.153694 -0.191351 -0.026798 0.060967 0.038136 -0.063479
-0.040950 -0.061116 -0.035070 -0.002523 0.005886 0.010286
-0.020446 -0.014424 0.026754 0.010218 -0.013632 -0.017175
0.015883 -0.014018 -0.019127 0.018261 -0.012704 -0.004367
0.012108 -0.074193 -0.058073 0.039295 0.007377 -0.038483
0.034905 -0.106744 0.054318 -0.008837 -0.043990 0.025019
0.069440 -0.149240 -0.042621 -0.029330 0.055199 -0.120971
0.184103 0.170897 0.250246 -0.000672 0.027677 0.042015
0.033165 0.004431 0.170236 -0.019667 -0.006687 -0.004347
-0.156230 -0.248533 0.181884 -0.137013 -0.084899 -0.095898
-0.071983 0.008002 0.080434 0.000023 -0.000840 -0.004235
-0.094260 0.035289 -0.066072 -0.005133 -0.008583 -0.001793
0.015305 0.032602 -0.004523 -0.026421 0.027509 -0.021924
-0.025604 0.040694 -0.013158 -0.077372 -0.099459 -0.121883
-0.032848 0.173482 0.091865 0.045958 0.013547 0.026570
0.127827 0.026113 -0.163780 0.023447 -0.014931 0.070963
-0.073440 0.027936 0.152149 -0.065045 -0.032452 -0.029677
-0.143007 -0.113616 -0.009896 -0.031026 0.021541 -0.020975
