0.062311 -0.025629 -0.020067 0.028442 -0.006162 -0.030127
0.042620 -0.046419 0.025366 -0.051495 0.122324 -0.016118
-0.027548 0.023855 0.040550 -0.073972 0.106097 -0.108980
-0.181174 -0.125526 -0.031692 0.090709 -0.087929 -0.109274
0.058203 0.001949 0.024927 -0.035066 -0.017653 -0.015313
0.088105 -0.077686 -0.054843 0.006338 0.008187 0.002760
0.039193 0.042368 0.042579 -0.073831 0.072343 -0.028230
-0.005381 0.072166 0.013254 0.002812 0.005002 0.022397
0.019825 -0.087283 -0.025186 -0.084245 -0.078542 0.086612
0.063795 0.052325 0.041944 0.035983 -0.041766 0.096376
-0.058536 -0.015279 0.005058 -0.033170 -0.010451 -0.021222
-0.114367 0.139191 0.025149 -0.029502 0.108796 0.019575
-0.092978 -0.081370 -0.115650 0.021106 -0.055913 0.055716
-0.121781 0.038347 -0.035745 -0.015358 -0.017570 -0.007687
0.003572 -0.092760 0.165397 0.036842 0.064544 -0.051735
0.134760 -0.048110 -0.029346 0.057785 0.077905 0.017785
0.029400 0.025773 0.007147 -0.030094 -0.006225 -0.008061
0.016601 -0.027559 0.000348 -0.038622 0.059928 0.016927
-0.154322 0.031054 -0.008753 0.052540 0.020462 0.095584
0.021033 -0.028716 0.063917 -0.072374 -0.047398 0.065724
-0.059741 0.033626 0.037581 0.072445 0.017187 0.079186
-0.102987 -0.005092 0.000551 0.060685 -0.048698 -0.063263
0.118579 -0.000988 0.058107 -0.100690 -0.116715 0.079985
0.040283 0.105326 0.105054 -0.027081 -0.011159 -0.005770
0.007059 0.031732 0.142839 0.029848 0.007872 -0.018959
-0.096414 -0.004280 -0.085871 0.002304 -0.049285 -0.021398
-0.105992 -0.008919 -0.068481 0.001727 -0.001031 -0.025250
0.078092 -0.019488 -0.101988 -0.001396 -0.026161 -0.029527
-0.149851 0.028967 -0.158394 0.114902 -0.017689 -0.074393
0.134241 -0.027369 0.097259 0.012863 -0.079670 -0.075250
0.049202 -0.047489 0.022562 -0.021622 -0.024278 0.010875
-0.209903 -0.142761 -0.225707 -0.050415 -0.071152 0.006464
-0.090694 -0.104742 0.187396 0.019964 -0.004542 0.022122
0.021786 -0.008222 -0.017467 -0.019154 -0.097715 -0.083151
-0.019182 -0.005550 -0.012014 -0.016524 0.019906 -0.008265
0.011474 0.009228 0.016344 -0.038744 0.032091 0.021835
0.164709 0.251881 0.041706 -0.000648 0.000858 0.000549
0.000032 -0.025858 0.016489 0.069597 -0.081597 -0.082738
-0.004622 -0.000161 0.011650 0.115779 0.005689 -0.012864
0.023416 0.017386 0.005369 0.040267 -0.044371 0.013905
