-0.036516 -0.085251 0.108346 -0.001144 0.027457 0.031067
-0.121723 0.056953 -0.018068 0.004522 -0.015906 -0.005459
-0.141201 0.094038 0.042914 -0.000153 0.036514 0.032979
-0.035709 0.006766 -0.038522 -0.061889 0.055199 -0.093261
0.158518 0.101272 -0.027224 0.001735 0.009651 -0.010957
0.089951 0.092070 0.016516 0.000993 -0.031781 -0.070500
-0.033654 0.061344 -0.081121 -0.058881 -0.061475 0.028725
-0.175027 -0.116733 -0.104409 -0.009507 -0.034145 0.025860
0.035366 -0.054071 -0.046634 0.037931 0.022986 -0.035830
-0.187575 0.111290 0.038027 0.007045 0.010333 0.008897
-0.070337 -0.038088 -0.077428 0.067283 -0.092479 -0.119305
-0.216174 -0.141194 -0.111325 -0.032811 -0.015729 -0.004776
-0.073536 0.081329 -0.057166 0.115892 -0.116022 -0.062059
-0.050267 -0.071725 0.045926 -0.018169 -0.017128 0.014469
-0.025326 -0.005763 0.019579 -0.035043 -0.041247 -0.010815
-0.014377 -0.051307 -0.103891 -0.144110 -0.046135 0.008369
-0.034564 0.072542 -0.030209 0.138000 -0.126552 -0.019793
0.121629 -0.171682 0.189886 0.001320 -0.027590 0.035710
0.073142 0.031175 0.006644 -0.120466 0.128349 0.036967
0.031638 -0.016301 0.076579 -0.009237 0.004766 -0.010527
-0.143033 0.087427 -0.145905 0.046397 -0.031187 0.027447
0.024506 -0.089592 -0.013029 -0.105017 0.079370 -0.115035
-0.066795 -0.072877 -0.064115 0.044699 0.007363 -0.069317
-0.206073 -0.224126 -0.185780 0.053499 0.093888 0.113810
0.061147 0.058085 0.111584 -0.013303 -0.019786 0.034338
0.006789 -0.032839 -0.031309 -0.067357 -0.034835 -0.031576
-0.018517 -0.063244 -0.022503 0.023305 -0.001811 -0.011368
-0.028663 -0.019374 -0.003559 -0.000218 0.032549 -0.026876
-0.167397 0.137677 0.199010 -0.048776 0.016186 -0.015231
0.072222 -0.044498 -0.153456 -0.093363 0.057040 0.080614
0.031914 -0.095925 -0.100717 -0.049981 0.081884 -0.098804
0.008445 -0.030244 0.042575 -0.001089 -0.007756 -0.023883
0.200866 0.193728 -0.083545 0.036950 -0.071354 -0.030100
0.036573 0.032033 0.032743 0.001477 -0.003135 0.002907
0.026605 0.142890 -0.189555 -0.022620 0.009527 0.006519
-0.150236 0.164466 0.006852 0.091696 -0.073801 -0.133796
-0.033513 -0.028300 0.027636 0.048834 -0.061001 -0.022571
-0.099694 0.074560 0.078181 -0.010008 -0.019705 0.014199
0.089579 -0.021390 0.003269 -0.038510 0.017913 -0.006390
-0.028080 -0.011732 0.129920 0.015700 -0.034068 -0.021450
