0.014330 -0.048002 -0.049780 0.029619 -0.007971 -0.012289
0.001697 -0.011695 -0.005741 -0.073066 0.028790 -0.051072
-0.017261 0.030098 0.015713 -0.027233 -0.017177 -0.039199
0.031666 -0.020347 -0.013376 0.030766 -0.012290 0.068548
-0.045716 -0.123138 -0.190407 -0.064133 0.066051 -0.031954
-0.107569 0.014214 0.049223 -0.118635 0.115081 -0.051720
-0.096566 -0.046623 -0.135557 -0.071818 0.015543 0.036922
0.065258 0.049494 0.031477 0.042151 -0.018867 0.049316
0.042965 0.041445 -0.011481 0.010973 0.052469 0.085127
0.190610 -0.189380 -0.121614 -0.001774 -0.004729 0.020520
0.033659 0.045546 -0.036857 -0.066715 -0.048196 0.098863
0.032581 0.046314 -0.018048 0.024890 0.036464 -0.025557
-0.108582 -0.039455 -0.172247 0.094736 -0.037034 0.129904
-0.036990 -0.056545 -0.049497 0.016787 -0.022283 0.080632
0.087623 0.039179 0.085543 -0.038844 0.055378 0.026496
0.005944 -0.059005 -0.126355 -0.077394 0.032839 -0.005271
-0.040104 0.174723 0.129430 -0.000596 -0.001135 -0.002810
-0.126022 -0.115612 0.022726 -0.002205 0.001392 -0.003299
-0.078708 0.104423 -0.060806 -0.000078 -0.000026 0.000017
0.020726 -0.006857 -0.042867 -0.030078 -0.041843 -0.079587
0.048198 -0.018986 -0.124810 0.024039 -0.030769 0.000756
-0.098019 0.036040 -0.156020 0.006406 -0.037414 -0.017052
-0.081990 0.063849 -0.102203 0.030192 -0.029183 0.047209
0.050267 -0.032571 0.006811 -0.046457 -0.025317 -0.029815
-0.015771 0.024179 0.009717 0.024981 -0.040580 -0.012235
0.042985 0.008311 0.084147 0.005461 0.032031 -0.090961
0.123998 -0.011008 -0.139004 -0.047890 -0.042874 0.078472
0.117996 -0.061000 -0.060340 0.094732 0.102552 -0.033601
0.018310 0.003876 -0.022899 0.035655 -0.001781 0.066041
0.011910 0.077575 -0.047131 -0.103905 -0.030323 0.096041
-0.143627 0.074521 -0.110078 0.004458 0.048650 -0.105044
-0.100121 0.075390 0.049576 -0.029650 -0.063882 0.018545
-0.143185 -0.026293 -0.177663 0.034579 -0.124437 -0.042767
0.063942 -0.150961 -0.218543 -0.013987 -0.081211 0.112575
-0.037694 0.018362 0.039084 0.021093 -0.048870 0.062289
-0.109012 -0.056871 0.026669 -0.001299 0.001997 0.000038
-0.033423 0.069048 -0.093091 -0.063586 0.042853 -0.107711
-0.048786 -0.051208 -0.091593 0.002870 0.030699 0.026146
0.075150 -0.161069 0.204146 0.000794 -0.012938 -0.023913
0.101296 0.012390 0.188317 0.043048 0.004133 0.064731
-0.002380 -0.237702 -0.111635 -0.008278 -0.011586 -0.003945
