-0.101552 -0.184962 -0.092820 -0.040746 0.022975 0.131532
-0.172332 0.054503 0.013104 -0.048960 -0.005527 0.055545
-0.007612 -0.105792 0.082403 -0.083741 -0.105666 0.041153
0.037411 -0.057332 0.040473 0.000626 -0.000122 0.063635
0.031839 -0.054236 -0.026001 -0.030175 -0.021775 0.026453
-0.017131 0.033388 0.009328 -0.073971 -0.014048 0.047000
-0.054406 0.050913 -0.011447 -0.055273 -0.080040 -0.066374
0.015867 0.029829 -0.026925 -0.030388 -0.036135 -0.006996
0.074378 0.034032 0.016915 -0.057812 -0.036960 0.004977
-0.015346 0.009715 -0.030733 0.061291 0.066795 0.056992
-0.057527 0.084366 -0.163758 0.007317 0.064889 -0.029471
-0.001603 -0.023490 0.032562 -0.084125 0.068354 0.053730
-0.083986 0.023272 -0.038762 0.020225 0.028219 -0.013306
0.052082 -0.009263 -0.045335 0.089263 0.068083 -0.056034
-0.051398 0.116628 0.063341 0.085781 0.038751 0.009948
0.025625 0.074629 0.046217 0.000338 0.008606 0.000223
-0.019969 -0.082489 -0.149042 0.038791 0.097911 0.006185
0.094306 0.152930 -0.074950 0.067121 -0.040349 -0.000016
-0.027399 0.010510 -0.005632 0.011232 0.008559 -0.096431
0.075224 -0.001696 -0.002951 0.127511 -0.071022 0.098959
-0.054069 0.017751 0.000202 -0.000935 0.000979 -0.001291
0.056941 0.147565 0.102682 -0.005906 0.003835 0.008109
0.000183 -0.007387 -0.048429 -0.006079 0.024786 -0.036643
0.167636 0.154514 -0.000752 0.032988 -0.012921 -0.019128
0.167626 0.147369 0.096482 0.032702 -0.025576 -0.034295
0.009814 0.007559 -0.003349 -0.000806 0.001406 0.002667
0.005256 0.043032 -0.008912 0.105839 0.081170 -0.069414
0.033777 -0.034928 0.017761 0.028889 0.012910 0.004986
0.026697 0.028589 0.022493 -0.064266 -0.056847 0.027992
0.097265 -0.049071 0.186133 -0.017206 -0.039636 -0.095543
0.152059 0.204884 -0.174987 0.040118 0.019612 0.009525
-0.063170 -0.115753 0.012349 0.007527 0.066876 -0.070982
0.118118 -0.105655 0.040457 -0.002653 0.074202 -0.017441
-0.003438 -0.159975 -0.006747 -0.041308 -0.030898 0.035300
-0.021165 -0.087429 -0.112494 0.037656 0.057712 -0.029409
0.068575 -0.011904 -0.022990 -0.046325 -0.090411 0.010410
-0.025454 -0.011706 -0.025253 -0.026166 0.107912 -0.049566
-0.038391 0.027342 -0.000947 -0.020157 0.013177 -0.011689
-0.129212 -0.072557 -0.029479 -0.010995 0.125096 0.090502
