0.067715 -0.058693 -0.141212 -0.015414 -0.013378 0.006172
-0.144471 -0.149962 0.025524 -0.011194 0.012861 -0.084410
-0.006680 0.027743 0.012163 0.003682 -0.003181 -0.002394
0.012755 -0.020228 0.037398 -0.038222 -0.040076 0.051449
0.020290 -0.015028 0.085995 0.034483 0.089701 -0.076500
0.131444 0.137465 0.117227 0.005811 -0.001465 0.042942
-0.136356 -0.122296 0.161804 0.002949 0.020892 0.001920
0.073757 -0.198907 0.135931 0.017801 -0.028884 0.002405
-0.137314 0.097985 -0.148013 0.003559 -0.043019 0.039620
-0.033573 0.070929 0.020745 -0.088452 -0.003845 -0.103412
-0.043463 0.056556 0.091847 -0.003501 0.006545 0.041768
-0.071882 0.049717 0.008587 -0.013426 0.011593 0.051569
-0.034032 -0.119556 -0.108222 0.030827 0.073100 0.001920
0.036585 0.017464 0.015615 -0.012683 0.012041 0.007068
-0.151655 -0.087950 -0.027460 -0.000417 0.050716 -0.011615
0.027407 0.010900 -0.166917 0.036658 -0.145946 -0.020574
-0.079826 0.012171 0.080060 0.007990 -0.009002 0.059527
-0.009936 0.130209 0.109479 0.013585 0.044790 -0.053912
-0.006035 -0.019009 0.016915 -0.025418 0.057714 0.055102
0.056485 0.029523 -0.029162 -0.034914 -0.118178 -0.101478
0.073910 -0.120631 -0.010780 -0.018795 -0.030432 0.017885
0.043534 -0.015669 0.011715 0.049709 0.022550 0.031965
-0.133161 0.052868 0.103994 0.103208 0.092745 0.108593
0.144175 0.155507 0.126284 -0.025068 -0.044039 0.008072
0.059984 0.049491 0.007312 0.091918 -0.010200 -0.042615
0.065034 -0.245255 -0.050888 -0.040980 0.034850 -0.045301
0.067647 -0.084967 -0.097366 0.040357 -0.095043 0.082299
0.040901 0.023348 0.059571 -0.016433 0.019779 0.017922
0.004255 0.026030 0.062649 0.025881 -0.061439 -0.116169
0.134572 -0.201025 -0.068400 -0.008617 -0.005712 0.015070
0.011368 -0.013328 -0.016066 -0.107975 -0.077975 0.060671
0.067522 0.076998 0.030501 0.077415 -0.011103 0.017883
0.108518 0.234477 0.110633 -0.047621 -0.068526 0.016252
-0.035972 0.082125 -0.111184 -0.000901 0.010033 -0.006501
0.187547 0.041723 0.090635 -0.011471 0.071290 -0.009474
-0.055809 -0.036087 -0.030576 0.001502 0.033800 -0.025143
-0.064258 0.058536 0.217141 -0.037607 0.005412 -0.034098
-0.049835 -0.052627 0.112553 -0.016537 -0.013807 -0.013251
0.004259 0.116441 -0.070474 0.006681 0.005880 0.009765
-0.134156 0.260393 -0.244285 -0.008603 0.001148 -0.016878
-0.045003 -0.109499 0.045456 -0.054689 0.016773 0.005266
