-0.053462 0.085739 0.080565 0.043433 0.000951 -0.008286
0.053217 0.027281 -0.076331 0.068441 -0.014171 0.035773
-0.003371 0.017309 -0.011868 0.008455 -0.003738 -0.024833
-0.062506 0.147246 -0.056628 -0.040087 -0.054958 0.040413
-0.078019 -0.088933 -0.079836 0.029670 0.033419 0.016094
-0.222569 -0.027199 -0.006354 -0.007150 -0.014654 -0.031430
0.161510 -0.128224 -0.071878 -0.007627 -0.014615 -0.003935
-0.127722 0.179429 0.001939 -0.077151 -0.078522 -0.014715
-0.097991 0.046845 0.056104 -0.082342 0.015534 -0.005135
0.168869 0.248431 -0.051913 0.080219 0.064485 0.050948
0.046083 0.160189 0.038784 -0.000535 0.000178 -0.000540
-0.024956 0.030667 -0.070155 0.045950 0.076254 -0.061397
0.088003 0.045159 0.072446 0.003771 -0.002959 -0.001639
0.056722 0.055017 0.019416 -0.024289 0.013679 -0.040548
-0.019082 -0.001198 0.016032 -0.047361 0.013050 -0.037671
-0.146788 0.239188 0.187295 0.086202 -0.022559 0.055007
-0.148760 -0.174087 0.059509 0.021582 -0.032555 0.033905
-0.091921 0.051635 0.079976 0.081847 0.044648 -0.104502
0.057621 0.009280 -0.068895 0.100671 -0.061734 0.087115
-0.119830 0.039076 0.098069 0.069706 -0.006659 0.034523
-0.004381 -0.008724 -0.072001 -0.114894 0.097286 0.011916
0.010991 -0.055127 -0.116401 0.013395 -0.007087 0.039163
0.002705 -0.012869 -0.018944 -0.072621 0.014714 0.038361
-0.107132 -0.038398 0.012602 0.025978 -0.023768 0.002171
-0.076599 0.015729 -0.029582 0.023838 -0.036811 -0.038630
0.089049 0.090918 -0.042978 0.008374 -0.042550 0.101119
-0.054891 -0.013086 -0.047496 0.000119 -0.000157 0.000106
0.003856 -0.041820 -0.035393 -0.054022 -0.010623 0.035753
0.137164 -0.118731 0.060116 0.044280 0.016827 -0.003858
0.033008 -0.031068 -0.035804 -0.017715 -0.039899 0.034921
-0.151751 0.092150 0.178817 -0.009785 -0.027231 0.017793
0.025546 -0.087825 -0.065032 0.032908 -0.008575 -0.000695
-0.010188 -0.023480 0.009701 -0.072569 0.068043 -0.086344
0.019705 0.021873 -0.024054 0.000854 0.000415 0.000994
0.053632 -0.027441 -0.136298 -0.020706 -0.004217 0.000088
0.080424 0.069857 -0.007568 0.008367 0.006298 0.005281
0.011019 -0.120048 0.112257 0.137401 0.027089 -0.091806
-0.050358 -0.000530 0.133777 -0.051012 0.067034 0.110054
-0.046549 0.074638 0.039480 -0.000638 -0.000551 -0.000604
-0.149982 -0.163529 -0.207419 0.010500 -0.006765 0.005383
