0.012288 0.056415 -0.214456 0.002077 0.015206 0.022543
0.019054 0.016419 -0.039646 -0.016800 -0.015303 0.007106
0.047083 -0.053949 0.046988 0.140747 0.132400 -0.029839
-0.179631 0.198309 -0.189083 -0.000044 -0.000256 0.000153
-0.021393 -0.037594 -0.025690 0.094855 -0.007382 -0.010734
0.235532 -0.111699 -0.251746 0.005045 -0.009538 -0.010901
0.084300 0.105735 -0.057394 0.015344 0.020478 -0.017173
-0.164002 -0.031058 0.082063 -0.042745 0.015183 -0.005674
-0.021544 -0.012699 -0.012978 -0.010529 -0.028608 0.032469
-0.125001 -0.130017 0.093908 0.053877 -0.087608 -0.041617
0.123496 0.069243 -0.125171 0.012704 -0.038615 0.010881
-0.017641 0.020074 -0.025145 0.087182 -0.002047 0.035242
0.005126 0.016396 -0.088007 0.003819 -0.005091 -0.000987
-0.043917 0.096169 0.030822 0.049244 0.099759 -0.084897
-0.039152 0.007650 -0.158342 -0.040959 -0.000382 -0.034765
0.076484 0.067212 -0.055321 -0.005763 0.014245 -0.003525
-0.029521 -0.044013 -0.008513 0.009211 0.070478 0.040360
0.070219 0.066693 0.120422 0.012775 -0.011632 0.008883
0.016263 0.136224 0.089418 0.033333 0.058415 0.095961
-0.226123 -0.003787 0.196875 0.090261 -0.092231 -0.123048
0.012781 0.011135 0.021554 0.088565 0.036159 0.026870
-0.000494 0.048029 0.056886 -0.028754 -0.089750 -0.090126
0.010360 0.027519 0.008512 -0.062329 -0.034671 0.052000
-0.165858 0.162851 0.023724 -0.135240 0.137030 0.125285
0.148222 0.094011 -0.031498 0.075147 0.022981 0.052967
-0.037456 -0.059988 0.093161 0.026702 -0.011063 -0.022709
-0.034698 0.041017 0.005393 -0.014663 0.016311 0.011732
0.022025 0.094535 -0.000217 0.116467 0.018095 0.095884
0.019099 -0.061789 -0.050946 -0.059360 -0.066776 0.025613
-0.001681 0.011660 0.013611 0.023470 0.054912 -0.029218
0.077601 0.121391 -0.055315 -0.057967 0.118901 -0.031321
-0.064499 0.047435 -0.059838 -0.078283 -0.079350 0.000548
0.178879 0.078335 -0.041031 0.004976 -0.002802 0.001845
-0.057074 -0.091953 0.139193 -0.000952 0.000976 0.000517
0.000385 -0.022172 0.037726 0.010167 0.040718 0.058748
0.000621 -0.006725 0.073354 -0.006429 -0.116111 0.107463
-0.068996 0.072442 -0.002473 0.013039 -0.064232 0.069332
-0.050509 -0.057387 -0.055043 -0.024529 0.021966 0.033596
-0.065374 -0.077219 0.158153 0.003664 0.001135 0.002173
-0.005212 -0.116135 -0.008347 -0.004054 -0.010695 0.020849
