0.048249 -0.067942 -0.081688 -0.014972 0.020045 0.018562
-0.001287 0.022706 0.000235 0.036198 0.036359 -0.045060
-0.037469 -0.097642 0.046038 -0.010308 -0.011683 -0.027194
-0.081067 -0.088697 0.045228 -0.004781 -0.062405 -0.064028
-0.079429 0.100121 -0.188598 0.019990 0.111158 -0.089042
0.059813 0.057477 0.056609 -0.059784 -0.042845 0.031496
-0.024365 -0.124346 0.013719 -0.041490 0.034799 -0.027263
-0.048362 -0.041010 -0.067335 -0.001970 0.010492 -0.001387
-0.068533 -0.064063 0.225282 0.087718 -0.061581 0.079700
0.107897 0.003644 -0.212586 0.041423 0.072428 -0.042782
-0.068245 0.055211 0.029890 0.000257 0.004208 0.001974
-0.008532 0.165174 0.096217 -0.036837 -0.026602 0.021576
0.049396 0.072902 -0.088993 -0.006461 -0.002177 0.001436
-0.023533 -0.035452 -0.031126 0.067038 0.085492 0.064158
0.013811 -0.016413 -0.013073 0.010889 -0.079953 0.076719
-0.074317 -0.083497 0.059696 0.008267 -0.005286 -0.001302
-0.195405 -0.118214 -0.186532 0.002284 -0.047219 0.016277
0.130468 0.045926 -0.190595 -0.000060 -0.002131 -0.002530
0.019634 0.017384 0.038253 -0.004118 -0.067480 0.003952
0.021478 0.047258 -0.008515 -0.046457 -0.039417 0.010758
0.095963 -0.079149 -0.112002 0.041774 0.026923 -0.051369
-0.095994 -0.070504 -0.039378 -0.014005 0.052828 -0.057308
0.040671 -0.076418 -0.033966 0.079864 -0.078500 0.069387
-0.166815 0.001894 -0.146244 -0.001603 0.005762 0.002927
0.152909 -0.097589 -0.018928 0.008548 -0.002756 -0.033566
-0.129907 -0.204013 0.022096 0.054960 0.014988 -0.063627
0.050370 -0.096405 -0.097947 -0.000062 0.041502 -0.019105
-0.067816 -0.146421 -0.007143 0.075752 -0.056115 0.035466
0.009504 0.021830 0.026630 -0.016493 -0.028998 0.001517
-0.066999 0.011494 0.060663 -0.023891 -0.020555 -0.009453
0.085929 0.105674 -0.135020 -0.015138 -0.010564 -0.032523
0.175787 0.121099 -0.104962 0.015953 -0.007607 -0.056054
-0.110929 -0.016674 -0.064645 -0.033809 -0.032231 -0.012003
-0.016919 -0.001435 0.048773 0.023476 0.001901 0.014734
0.113809 0.017804 0.088475 0.005227 -0.002313 0.011385
-0.125613 0.130134 0.068526 -0.048179 0.108775 -0.026311
0.019761 0.003166 0.003952 -0.070627 0.057746 -0.048769
-0.001051 0.153101 0.146052 0.003240 0.002894 0.003101
0.074472 -0.031177 -0.103688 0.024003 0.005003 -0.026858
0.023826 -0.029395 -0.009416 0.004114 -0.001799 -0.002768
-0.036560 0.012777 -0.051668 0.101392 0.043876 0.114325
