0.151302 0.161575 -0.185091 0.002419 0.012720 0.014613
0.116909 0.209044 -0.157684 0.121052 0.100026 -0.034045
-0.007801 -0.055545 -0.021977 -0.000026 0.000262 0.000150
0.022806 0.081858 -0.044428 -0.004442 0.013359 -0.016140
-0.187343 0.106829 0.110997 0.110947 0.069148 -0.075996
-0.041162 0.194374 0.175033 -0.065103 0.064702 0.071562
-0.005624 0.000985 0.004495 0.002831 -0.012908 0.018690
-0.051196 -0.064365 -0.117932 0.028683 -0.006987 0.046383
-0.061935 0.054391 -0.032340 0.005199 0.002009 0.004494
-0.090865 0.166846 0.030283 -0.009242 -0.004451 0.000096
0.045994 0.058091 -0.008980 0.015403 -0.007466 0.022883
0.006803 0.042286 -0.031381 0.041299 -0.121412 0.042976
-0.017056 0.008095 -0.003859 -0.007802 -0.067066 0.002683
0.056344 0.111281 -0.087068 -0.015298 -0.050485 -0.080964
0.006180 0.071800 -0.044907 0.046571 -0.032412 0.009167
-0.142845 -0.161545 0.125916 0.105752 -0.018133 -0.104233
-0.161947 -0.085862 0.119248 -0.073927 0.019930 -0.033615
-0.112837 0.153066 -0.087988 0.007993 0.033938 -0.026002
0.017790 0.014720 -0.002758 0.051898 -0.010113 -0.029938
0.062895 0.085765 -0.063048 -0.055775 0.022794 -0.056833
0.046249 0.022033 -0.001537 0.020273 -0.011013 0.069241
-0.049878 0.021161 0.051778 -0.066466 -0.063157 -0.019434
-0.216536 -0.232988 -0.248006 -0.082112 0.039867 -0.029740
0.030728 -0.038212 -0.041309 0.034619 0.050567 0.047975
0.081229 -0.022250 -0.055398 -0.021461 0.054453 -0.057659
0.002335 -0.014246 -0.007605 -0.052504 -0.005234 -0.037648
0.076562 0.033452 -0.099462 -0.101194 0.031269 0.105022
0.017473 0.012417 -0.012511 -0.037332 -0.006278 -0.069774
0.060192 0.056784 -0.099157 0.021710 0.038025 -0.020695
-0.152343 -0.179489 0.096559 0.044659 -0.052355 -0.016639
0.012067 0.029270 -0.030420 -0.007993 0.012038 0.011472
0.155463 0.026400 -0.164974 0.080808 0.092350 0.030022
-0.025335 0.051368 0.022132 -0.082200 -0.070973 0.022300
-0.006985 -0.031902 -0.028405 -0.121323 0.083918 0.061182
0.016062 -0.010667 0.013196 0.024637 -0.090388 0.076301
-0.067050 0.002002 -0.195069 -0.006627 -0.045808 0.052140
-0.015003 0.038906 -0.041436 0.012011 -0.059909 0.031300
0.100270 -0.167711 0.029066 -0.028518 0.048378 0.043441
-0.142450 -0.124381 -0.126842 0.051387 0.088523 -0.138494
-0.071440 0.028052 -0.151053 -0.053903 -0.111537 -0.063905
