0.011301 0.024406 0.011026 -0.068261 0.088232 -0.000576
0.012398 0.000057 -0.053551 -0.094667 0.060548 -0.068507
-0.102209 -0.054414 0.062689 0.059490 0.071099 -0.004782
0.003565 -0.051813 -0.042832 -0.012712 0.006612 0.030659
-0.050719 0.175086 0.136963 0.065226 0.084738 0.004202
-0.128279 -0.080896 0.055565 -0.110634 0.068696 0.019869
-0.010573 -0.009569 -0.024992 0.002479 0.010259 -0.002471
-0.020999 0.070875 0.182300 0.028486 -0.021654 -0.020222
-0.041506 -0.060510 0.028270 0.096586 0.112245 -0.056757
0.005174 0.007912 -0.060553 0.023751 0.016126 0.042515
0.125740 -0.001899 -0.013821 -0.013631 -0.090155 0.037354
-0.030201 -0.086046 -0.030875 -0.142684 -0.099485 -0.108603
-0.064549 0.028929 -0.036887 0.028908 0.033852 -0.041317
-0.092226 -0.051504 0.039773 0.083395 -0.069783 0.062489
-0.022098 -0.030686 -0.015615 0.049992 -0.024860 0.086598
0.024547 0.014430 0.006246 0.107987 0.116661 -0.118499
-0.035287 -0.055929 0.028108 -0.006759 -0.013392 0.014881
0.043105 -0.046244 0.046650 0.022715 -0.055785 -0.013621
-0.174399 -0.163789 -0.172814 0.064351 0.104423 0.003903
0.071938 0.009128 0.055425 -0.040235 -0.017714 0.031143
-0.092154 -0.075871 0.052970 0.008647 0.026893 0.036461
0.025929 -0.030493 0.002019 -0.035617 0.060024 -0.012215
-0.001852 -0.006790 0.009646 -0.013530 -0.020891 0.005950
-0.155380 0.100112 -0.079376 0.016481 0.067660 0.120068
0.099649 -0.036605 0.103493 -0.099027 -0.016728 -0.034825
-0.022304 -0.030316 0.032828 0.059638 0.052445 0.101132
-0.029267 0.000730 0.063096 0.024032 0.022615 -0.025335
0.158801 0.037321 -0.165909 -0.085077 -0.129849 -0.063884
-0.092691 0.093085 0.047437 -0.046923 0.075858 -0.049163
0.107764 -0.074474 -0.184051 0.001116 0.001332 0.000761
-0.040817 0.101824 0.177777 0.001680 0.001716 0.000549
-0.063615 -0.046997 0.079916 -0.062688 0.076146 0.077990
0.083967 0.099263 0.073019 0.072326 -0.079695 -0.006888
0.004998 -0.000044 -0.013878 0.090847 -0.003839 -0.009893
-0.090426 -0.246470 0.164223 -0.057826 0.069279 0.069979
0.079646 0.058222 -0.022947 -0.025428 0.086520 -0.075814
-0.088235 0.090924 0.023659 0.028195 -0.001610 -0.020021
0.027175 -0.032729 -0.092851 0.014569 -0.059676 0.057707
0.009573 -0.013651 0.078236 -0.006466 -0.014170 0.002860
0.056552 0.051237 0.111821 0.046490 0.056547 0.050792
