-0.141174 -0.016195 -0.078209 -0.077044 0.066016 0.012009
0.048428 0.015811 -0.005063 0.001648 0.015715 0.041177
-0.012039 0.038779 0.016347 0.023047 -0.082248 -0.037296
-0.212303 -0.168484 -0.234808 0.018547 -0.006784 0.004076
0.116771 -0.098611 0.090093 -0.015711 0.008139 0.004688
0.040195 0.045598 0.074381 0.013472 0.008811 -0.066074
0.164314 0.226453 0.184325 0.051256 -0.048704 0.082277
-0.012407 -0.031607 0.001726 -0.014291 -0.027632 0.035264
0.017380 -0.019552 0.019244 0.015854 0.059212 0.025269
0.075703 -0.055003 0.049284 -0.021942 0.007078 0.012867
-0.104117 -0.001098 -0.003486 -0.004683 0.001739 -0.006758
-0.211283 -0.140462 -0.115778 -0.042384 -0.057583 0.012109
0.048997 -0.044194 -0.179387 -0.075834 -0.111193 0.101507
0.043143 0.028130 -0.027677 -0.037940 -0.003416 0.025439
-0.055687 0.064896 0.022341 0.027651 -0.065052 -0.059369
-0.045238 -0.049789 0.034749 0.002907 -0.025073 -0.037955
-0.105912 -0.028859 -0.008342 0.003210 0.001447 -0.008761
-0.039422 0.053695 -0.021722 -0.043524 -0.018951 0.021152
-0.010012 0.026373 -0.006209 -0.028576 -0.000184 -0.001891
0.016562 -0.141981 0.006451 -0.071504 0.053541 -0.015583
-0.067568 0.008677 -0.014707 -0.068299 -0.093549 -0.094219
0.025060 0.091979 -0.017479 0.008154 -0.032427 0.029875
0.050348 -0.050409 0.013345 0.086597 0.075964 -0.020882
-0.008263 0.162700 -0.089316 0.002071 -0.040110 0.032978
-0.025897 0.025819 -0.087363 0.079396 -0.019913 -0.051058
0.061095 0.068898 0.085527 -0.071614 0.011805 0.021287
0.080368 0.097223 0.043753 -0.023741 -0.000302 -0.023303
-0.034073 -0.136839 0.016515 -0.080207 -0.102324 -0.134802
-0.018128 -0.111910 0.063075 -0.024152 0.040938 -0.031415
0.033583 0.029918 -0.119540 0.002152 -0.000168 -0.002736
-0.056998 0.104093 0.069206 -0.040317 -0.007148 0.076731
0.005314 0.028037 -0.030106 -0.001865 -0.000415 0.000566
0.083859 -0.101520 0.025658 0.137083 0.014421 0.107342
-0.030466 -0.021966 -0.026289 0.038243 0.040304 -0.008777
-0.005064 0.005250 -0.001098 0.014404 0.005402 0.010433
-0.096557 -0.052596 -0.083556 -0.037011 0.015585 0.009074
-0.133532 0.123997 0.100918 0.031445 0.022882 -0.021452
-0.011043 -0.098782 0.072608 -0.015790 0.043663 0.071053
0.163365 0.015242 0.084182 0.002453 -0.029777 0.001050
0.012376 0.012294 -0.022367 -0.016803 0.017083 0.004322
