0.020290 -0.035446 0.049597 0.040118 0.000633 -0.007527
0.007560 0.022029 0.015869 0.003740 0.012640 0.086507
-0.009646 0.006182 -0.071851 0.014602 0.054765 0.025624
0.067789 0.054564 -0.077955 0.033938 -0.031149 0.036454
-0.040932 -0.006941 0.057580 -0.033454 0.004705 0.054902
-0.013760 0.043230 -0.002816 -0.001963 0.045128 -0.007661
0.027716 -0.022155 0.020784 -0.016076 0.018245 -0.013068
0.018062 0.043850 0.020989 0.142184 -0.023959 -0.057331
-0.035489 0.011083 -0.018343 -0.056563 0.040638 -0.054695
-0.006638 -0.016009 0.004944 -0.018223 -0.009510 0.052509
-0.052586 -0.031208 -0.169328 -0.023852 0.012075 -0.037580
0.210331 0.195764 -0.102187 0.028539 -0.015954 0.049379
0.001290 -0.053287 -0.020561 0.074164 0.077524 -0.063229
0.176935 0.161789 0.076857 -0.003823 0.001536 -0.003482
-0.094755 0.072699 -0.046822 -0.015461 0.037711 0.049706
-0.024742 0.044084 -0.227904 -0.014030 0.037883 -0.027256
-0.001820 -0.019447 -0.020506 -0.017277 0.047929 0.015706
0.035207 -0.045290 0.049867 0.084229 0.047996 0.065210
0.058993 -0.167760 0.007463 0.030591 -0.003214 -0.029573
0.028353 -0.020192 0.016436 0.041321 0.000835 0.003874
-0.195121 0.076390 -0.156383 -0.031609 -0.005094 0.002426
0.085493 -0.086053 0.004003 0.033916 0.063815 0.044081
0.204198 0.106877 -0.033632 -0.102000 -0.080266 0.074408
0.048459 0.026798 -0.033795 -0.092108 0.047864 0.000140
-0.017044 -0.019744 -0.060593 0.010095 -0.019461 0.008429
-0.136165 -0.014470 0.111589 -0.016777 0.039107 -0.012133
-0.139682 0.125465 0.155623 -0.003746 0.000335 0.004572
-0.122948 0.095222 0.147888 -0.035858 0.103001 -0.057473
-0.071977 0.071125 0.130073 -0.001827 0.013676 -0.037125
0.153666 -0.191056 -0.016163 -0.088161 0.082912 0.122187
-0.006723 0.041038 0.010496 0.008566 -0.009934 0.004234
-0.153716 -0.235056 -0.066323 -0.006979 0.000573 -0.003948
-0.008854 -0.135395 0.077440 -0.007879 0.022684 0.033574
-0.005846 -0.005752 -0.009583 -0.045102 0.087452 -0.117305
-0.053390 0.051735 0.061562 0.014973 0.047474 -0.065516
-0.005724 -0.032269 -0.001492 0.013258 0.017548 0.003698
-0.015749 0.035851 -0.017712 0.050909 0.075807 0.022800
-0.075212 0.088108 -0.041165 0.006355 -0.001379 0.000369
0.188887 0.013496 0.148281 0.007545 0.016330 -0.017469
-0.005444 -0.021473 0.003369 0.030787 0.010254 -0.023517
-0.012827 0.008142 0.010609 0.049017 0.007078 -0.034999
