0.056224 0.009866 0.175057 0.046043 0.021677 -0.036065
-0.047076 0.024214 -0.032553 0.016417 0.059343 0.041525
0.143097 -0.120403 -0.034023 0.054627 -0.035044 0.007165
0.053992 0.054327 0.054653 0.120928 -0.083574 -0.061949
0.006122 0.041650 -0.102112 0.024657 0.020979 0.031045
-0.009707 0.045808 0.131788 -0.002620 0.013884 -0.019670
-0.021795 -0.010568 -0.017946 -0.008016 0.002244 -0.009712
-0.011461 -0.012961 -0.003385 -0.000374 -0.013907 0.036218
0.032148 -0.017303 0.017829 -0.010021 0.012057 0.006440
-0.035668 -0.145171 0.019187 0.109555 -0.000947 0.054308
0.006519 -0.101106 -0.143358 -0.015271 -0.019540 0.014100
0.030162 -0.033616 0.024466 0.039152 -0.031268 0.049721
-0.003849 -0.004336 -0.007063 0.015891 -0.027050 0.022942
0.207478 -0.192302 -0.053607 0.050077 -0.007038 0.032742
-0.015733 -0.020317 0.029267 -0.021745 -0.061057 -0.052275
0.149936 0.139078 -0.082059 -0.046826 0.111756 0.037700
-0.021972 0.019990 0.027029 0.038303 0.021824 -0.000002
-0.190911 -0.103236 -0.107330 -0.007659 -0.011062 -0.004718
-0.023162 -0.083650 -0.183947 -0.067180 0.108314 -0.026661
-0.012723 -0.017520 0.005817 -0.003555 0.005545 0.025860
-0.093173 -0.114105 0.218257 -0.010505 0.071827 -0.083567
-0.029628 0.061240 -0.067250 -0.064728 -0.012947 0.028727
-0.009063 0.008507 0.004128 0.041263 0.023800 0.050408
-0.090383 0.092660 -0.032630 -0.091520 0.025829 0.118247
-0.000013 -0.006455 0.036208 -0.053894 0.062235 -0.071513
0.039969 0.076929 -0.035913 0.004341 0.003935 0.006345
0.162752 0.063524 0.080575 -0.000286 -0.000310 -0.001860
-0.016633 -0.070969 0.061952 0.004388 -0.000294 -0.001418
-0.092970 -0.103209 0.009917 0.000828 0.010671 -0.009545
-0.033950 -0.126542 0.135198 -0.080829 -0.019919 0.035578
0.007335 -0.033710 0.046774 0.010250 -0.028434 0.013731
0.067214 -0.148237 -0.031382 -0.015644 0.085776 -0.069003
-0.042351 -0.027392 0.008861 0.005832 -0.000057 0.004127
0.058464 -0.081618 -0.074295 0.055166 -0.085902 0.086657
-0.069594 -0.050383 -0.005179 -0.047741 -0.097424 0.059815
0.001353 0.021183 0.025012 0.019611 -0.052808 -0.048825
0.142306 0.031710 -0.120656 0.042280 -0.042418 0.010305
-0.043120 -0.134201 -0.011728 0.000535 -0.008044 0.004137
0.025868 0.005652 0.022558 -0.133909 -0.003344 -0.031804
0.208567 0.128520 -0.051366 0.051622 -0.024321 -0.071015
