-0.005427 0.036553 -0.020706 -0.097130 -0.109346 0.082369
0.038599 0.034705 0.004411 0.021707 0.035713 -0.008748
-0.003821 0.032263 0.005111 0.020392 -0.041182 0.009812
-0.134535 0.114607 -0.133740 -0.011917 0.024078 -0.022159
0.070378 0.096739 -0.037883 0.015023 -0.009306 -0.010949
0.014664 0.032062 0.021690 -0.002903 -0.005214 -0.019582
-0.117884 0.127418 -0.084446 0.124666 0.101609 0.106224
0.037775 -0.031474 -0.083275 -0.026703 0.036204 -0.038371
0.007229 -0.007240 0.010841 0.043400 -0.006797 -0.009774
0.024583 -0.053298 0.020233 -0.005041 0.000253 0.000108
0.202215 0.053555 -0.201335 -0.006296 0.042495 -0.078377
-0.160434 0.134864 -0.167846 -0.032970 -0.026056 -0.056259
0.037301 0.048759 0.106195 -0.059026 0.080873 0.026091
0.175307 0.068739 0.103250 -0.060362 -0.068315 0.060025
-0.001284 0.007309 0.112300 -0.120472 0.085318 0.086433
-0.143716 -0.107583 0.036427 -0.108561 0.041162 -0.036959
-0.155937 0.123950 0.151431 -0.004653 0.005041 -0.018445
-0.119989 -0.106886 -0.122402 -0.049726 0.020805 -0.012307
0.131181 -0.103419 -0.049039 -0.087791 -0.005331 0.006659
-0.023313 0.009146 -0.002241 0.052555 0.082565 -0.107185
0.052663 -0.023638 0.069807 -0.045289 0.122679 -0.108130
-0.018498 0.097636 -0.034096 0.134132 -0.127328 0.103739
0.139436 -0.005388 0.018599 0.000309 -0.001186 -0.000609
-0.033485 -0.053046 -0.045476 0.017201 -0.002421 0.020509
-0.197059 0.155658 0.126263 0.059086 -0.051041 -0.014295
-0.006590 0.049957 0.039783 -0.092913 -0.062717 0.025898
0.164181 0.170399 0.184121 -0.014647 0.002614 -0.047262
-0.100281 0.210329 -0.241410 -0.000317 0.000842 0.000431
0.013632 -0.022107 0.025554 0.026508 -0.034545 0.016264
0.021778 -0.081757 0.021232 -0.023449 0.006352 -0.010452
-0.025211 0.036659 -0.012444 -0.009405 -0.002575 0.009949
-0.200361 -0.113227 0.224913 0.021422 -0.010777 -0.025778
0.015199 0.017647 0.050183 -0.004652 0.004548 0.007242
-0.069644 0.158335 0.108449 0.085239 -0.022151 0.023857
0.001779 0.096473 -0.007296 0.060242 -0.042105 0.024961
-0.013779 -0.022736 -0.015717 -0.064499 -0.016391 -0.004828
-0.045473 0.025439 0.030112 0.003423 0.012935 -0.007924
-0.031722 0.010452 0.107398 -0.020249 -0.044457 -0.018568
-0.008218 0.139802 0.085733 0.056308 0.068272 0.020701
0.023020 0.022627 -0.017212 -0.042049 0.061740 -0.080596
-0.036010 -0.041427 -0.031255 -0.070235 0.068555 -0.024633
