-0.076495 0.120540 -0.108873 -0.002668 -0.005005 -0.040692
-0.099667 -0.182900 0.142088 -0.045294 0.081586 0.064856
0.118658 0.046769 0.117507 -0.063556 0.016850 -0.033820
0.002955 -0.003342 0.032143 -0.077353 0.034871 -0.041544
0.197439 0.192146 0.183176 0.079450 -0.014670 0.048125
0.113587 0.077587 -0.052222 -0.018410 0.010543 0.064484
-0.047638 0.005745 -0.035277 -0.042400 0.045238 0.014652
-0.030534 0.020018 0.043863 -0.099448 -0.117817 0.005414
-0.140425 -0.121968 0.094534 -0.069555 0.150295 -0.057196
-0.169541 -0.163907 0.063608 0.024648 0.019170 -0.020709
-0.037363 0.015039 -0.028042 -0.012000 0.025968 -0.021467
0.006935 -0.042079 0.043717 -0.088022 -0.075357 -0.020276
-0.019101 0.183987 -0.010469 0.054442 -0.010413 0.027433
0.054719 0.079412 -0.102864 0.043275 -0.005998 0.081716
-0.042036 -0.000835 0.099058 0.088626 -0.073457 0.057333
-0.009909 0.124123 0.114029 -0.020744 -0.004140 -0.120866
0.047138 -0.086576 -0.028775 0.060688 0.044099 0.029587
-0.143738 -0.159400 -0.006862 -0.036292 0.007405 0.060713
0.152565 0.111383 0.031975 0.003025 -0.020897 0.016104
-0.111147 -0.126616 -0.078377 0.074988 0.018817 0.050622
0.071510 -0.005276 -0.120520 0.088516 -0.088958 -0.023307
0.084250 -0.148561 0.024746 0.036347 -0.017178 -0.062709
-0.049995 0.171345 -0.162075 -0.088384 0.042310 0.001053
0.076084 -0.016855 -0.067001 0.015507 -0.024334 0.000829
-0.072427 -0.039722 -0.012492 -0.111232 0.066651 -0.081527
0.058824 0.161543 0.035284 -0.003529 -0.004492 -0.004484
0.077664 -0.089201 -0.057127 -0.005430 0.017992 0.045351
-0.110972 0.040500 0.133158 0.136332 -0.051128 0.032082
-0.020319 -0.004910 -0.002327 -0.023454 -0.052603 -0.014568
-0.055359 -0.073043 0.059173 0.028523 0.012087 -0.000933
-0.031140 -0.057040 -0.013628 -0.051103 -0.031896 0.017506
-0.161807 0.180641 0.042276 0.036971 -0.000970 -0.018606
-0.063648 0.089114 0.176564 0.014774 0.001635 0.016380
-0.011225 0.043858 -0.093785 -0.020983 0.075568 0.069784
0.201501 0.173910 -0.087080 -0.069532 0.020797 0.010507
0.068479 0.052996 -0.038055 0.093325 -0.086132 0.085761
0.070918 0.020923 -0.051619 0.000617 0.001525 0.002837
0.013216 -0.020864 -0.069663 -0.081649 -0.068750 -0.093396
0.096168 0.026372 -0.103220 0.030650 0.036686 -0.023477
0.070768 -0.067408 0.112913 0.012527 0.018674 -0.030904
