-0.001809 0.019702 -0.055580 0.017262 0.041036 -0.041394
0.107795 0.120951 -0.116255 -0.007785 -0.006231 -0.009106
-0.145256 0.192893 0.061346 0.005107 -0.105169 -0.013447
-0.075126 -0.103537 -0.047613 -0.004988 -0.026658 -0.016589
-0.014388 0.070520 -0.046481 0.040957 -0.023293 -0.074972
0.035189 0.070922 -0.124113 0.005905 -0.001846 0.001105
-0.010255 -0.029736 0.125498 0.099727 0.054719 -0.099179
0.174511 -0.011767 -0.124992 0.081109 -0.018042 0.024489
-0.146876 -0.108920 0.221938 0.075758 0.036102 0.099708
0.084589 0.020691 -0.096953 -0.055012 0.083212 0.066766
0.075739 -0.044078 0.132601 -0.002969 -0.000949 0.003023
0.063160 0.101944 0.008849 -0.104394 -0.118436 0.081566
0.012161 0.001152 0.109787 0.005148 0.001368 0.011470
0.108432 0.067661 -0.028714 0.002288 0.036763 -0.027959
-0.041024 0.130948 -0.073097 -0.103851 -0.030601 0.103473
0.022386 0.040919 0.067394 -0.028912 0.015178 0.007995
-0.016766 -0.005337 -0.000807 -0.039949 -0.077983 0.039095
-0.013705 -0.128958 0.064836 0.033004 -0.003411 0.030625
-0.192473 -0.063568 0.077162 0.039522 -0.051303 -0.076058
0.141299 -0.031254 -0.099495 -0.005636 -0.006133 -0.012695
-0.011923 -0.000246 -0.014618 0.034286 -0.098324 0.123294
0.040130 0.073438 0.153299 -0.020409 -0.046785 -0.013425
0.100777 -0.024491 0.050936 -0.083286 -0.085310 0.035193
0.023044 0.083272 -0.079837 -0.022765 -0.045814 0.038186
0.025761 0.000182 0.017372 0.029479 0.003728 -0.018831
0.118704 -0.033902 0.122641 0.024062 -0.018930 -0.021080
-0.013538 0.026024 -0.008119 -0.025799 -0.031272 0.120070
-0.124168 -0.040026 0.059623 -0.002017 -0.008285 -0.003500
0.170272 -0.173937 -0.123695 0.013765 0.019351 -0.036126
0.117349 -0.115024 0.011733 -0.004450 -0.001749 0.000768
-0.083316 0.007545 -0.057790 -0.025198 0.013394 -0.005183
0.055420 0.097847 0.047591 0.050719 0.023809 -0.011823
-0.104157 0.099299 0.111480 -0.002717 0.019604 -0.029354
-0.062147 0.056767 -0.059738 -0.024782 0.047766 -0.088529
0.092475 -0.011618 -0.015723 -0.026914 0.024131 -0.069217
-0.070562 0.114127 0.023421 0.044174 0.044876 -0.009098
-0.003006 -0.001529 0.031336 -0.045867 0.071492 0.008380
0.215326 -0.123794 -0.192740 -0.057533 0.045440 0.072483
-0.174114 -0.139738 -0.210263 0.143802 -0.078841 0.120535
-0.074532 -0.079897 -0.001477 -0.033771 -0.068341 0.061300
