0.130395 -0.064702 0.127122 0.075797 0.110758 -0.012104
0.018653 -0.118867 -0.050799 -0.030063 -0.003278 0.043841
0.009691 -0.005044 0.017180 -0.012571 -0.041747 0.003183
0.059667 0.105820 -0.087842 -0.053347 -0.072656 -0.050688
0.130884 -0.100526 0.169258 0.019597 -0.013934 0.018116
-0.001633 0.140874 -0.069533 -0.002166 0.034765 -0.014349
-0.005209 -0.042248 -0.043225 -0.062543 0.036103 0.064663
0.088660 0.131572 0.129205 0.071872 0.071558 -0.024624
0.099193 0.052682 0.013539 0.025066 0.075657 -0.035100
-0.065738 0.143547 -0.104161 -0.003093 0.051646 0.063631
-0.003153 -0.012683 -0.003927 -0.083644 -0.081443 0.074574
-0.040655 0.001794 0.003190 -0.009216 0.006138 0.060304
0.010662 0.016068 0.031680 0.006014 -0.009013 0.018383
-0.012289 0.032737 -0.061324 0.015618 0.010316 0.029993
-0.102297 -0.187100 0.032452 0.025563 0.065524 0.072061
0.222264 -0.057607 0.173526 -0.024564 -0.017420 -0.011375
-0.038318 -0.097096 -0.086912 -0.013736 -0.000034 -0.094235
0.042403 0.036728 -0.032012 0.074011 0.065438 -0.067734
0.046143 0.012940 -0.103724 0.089232 0.054712 -0.037122
-0.009881 0.015663 0.012979 -0.016568 0.014286 -0.037502
-0.080401 -0.030768 -0.117017 -0.037702 0.018195 0.002540
-0.156746 -0.053199 0.063963 0.082440 -0.102040 -0.062065
0.023345 -0.035082 0.061725 -0.013227 0.005174 -0.007753
0.026256 0.002973 -0.028822 0.044373 -0.062560 0.067208
0.034364 -0.006391 -0.029748 -0.052808 -0.042666 0.066514
0.059579 -0.079344 -0.018676 0.039425 -0.002441 0.095505
0.071949 -0.063788 -0.084435 0.006929 -0.016343 0.027502
0.018289 -0.032907 -0.010309 -0.125198 -0.108460 -0.103776
0.000625 0.135692 -0.030830 -0.045703 -0.020514 0.053860
-0.162882 -0.204991 0.076356 0.072782 -0.113177 -0.142782
-0.005690 0.023315 -0.015591 0.099080 -0.002512 -0.100304
0.009407 0.017485 -0.008283 -0.055618 0.004940 0.071873
0.115237 -0.089327 0.009099 -0.003902 0.024209 0.020310
-0.025126 0.062644 -0.047039 -0.070997 -0.015565 -0.074648
0.057808 0.011589 0.021362 0.137364 0.023815 0.011315
-0.043837 -0.121559 0.221229 -0.041288 0.061541 -0.035797
0.036544 0.100046 0.050070 0.034776 0.030434 -0.032520
0.089435 -0.012850 -0.133934 -0.001491 0.003243 0.003256
0.022828 0.023093 -0.053968 -0.014700 -0.014553 0.016083
0.201430 0.052442 -0.139434 -0.011650 0.002446 0.006847
