-0.114384 0.084301 -0.054355 0.030872 -0.027344 0.015242
-0.049960 0.030211 0.020664 -0.026333 -0.031858 -0.074855
0.037669 0.039981 0.010604 -0.089680 0.028067 -0.041340
-0.103439 -0.026385 0.067845 -0.023471 0.009358 0.005915
-0.040742 -0.005973 0.053076 0.050592 -0.023153 -0.047140
0.102442 -0.025085 0.013233 0.014856 -0.052872 0.031725
0.007724 0.073910 0.050356 0.053650 -0.012951 -0.044331
0.060585 -0.041961 0.060842 -0.005536 -0.013874 0.011541
-0.005536 -0.018093 0.020495 -0.022975 -0.012702 0.001774
0.093652 -0.038517 0.047365 -0.040309 0.078516 -0.094878
-0.190454 0.182909 -0.040883 -0.051063 -0.101312 0.114419
-0.067987 0.049924 -0.038110 0.040578 0.005868 0.022975
0.074207 -0.129286 0.007467 -0.064211 0.049563 -0.031832
0.116659 0.073150 -0.023765 -0.106115 0.024538 0.002964
0.147205 0.050960 -0.004763 0.005679 0.006925 -0.002145
0.093568 0.093039 0.151028 0.049990 -0.038355 -0.084746
-0.104250 0.071229 -0.003891 0.000575 0.003529 0.012614
-0.039171 -0.037748 0.005684 0.018824 -0.000109 -0.035275
-0.014377 -0.151265 0.054143 -0.028510 -0.067598 0.019072
-0.008947 0.006081 0.011386 -0.095999 -0.001010 0.088608
-0.178343 0.120675 -0.065557 0.014516 -0.017541 -0.000210
-0.118354 -0.048010 -0.104671 -0.004012 0.003565 0.017634
0.119981 -0.032122 0.096756 -0.040454 -0.054206 -0.059626
0.029459 -0.043335 0.013770 -0.034006 -0.018853 0.010095
0.056292 -0.054258 -0.073580 0.057700 -0.024652 -0.110371
0.002203 -0.016813 -0.009448 -0.082434 0.077689 -0.010223
0.091036 -0.010756 -0.207832 -0.012473 0.034758 0.046408
0.007633 -0.003120 0.045061 -0.015002 0.013891 -0.025578
0.016633 -0.010002 -0.099121 0.111515 -0.012880 0.016422
-0.006089 -0.020863 -0.059058 -0.050050 0.054056 -0.056446
-0.133718 0.021342 -0.024224 0.045608 -0.022684 -0.023552
0.144029 0.017174 0.128343 -0.023783 0.048647 -0.034399
0.083711 -0.094348 -0.000917 0.103898 0.142278 0.008739
0.066893 0.152605 0.147699 0.016636 0.018091 0.034839
0.018270 -0.012851 0.015263 -0.035816 -0.026008 -0.010886
0.027308 0.115486 0.202512 -0.047346 -0.027879 0.057468
0.063536 0.027006 0.030378 -0.019290 -0.066365 -0.041969
-0.039531 -0.020881 0.062164 0.014355 -0.097449 0.062235
-0.121854 0.049165 0.012697 0.100941 -0.069335 -0.014745
-0.113788 -0.001641 -0.066499 0.021595 0.010348 -0.079063
