-0.053365 0.088228 -0.076105 0.071753 0.036069 -0.039818
-0.106794 0.020475 0.118779 0.017894 0.014762 -0.000520
-0.011523 -0.036648 0.046358 -0.000620 0.004319 0.001207
-0.033030 0.135704 0.024138 0.052740 0.050179 0.038157
0.102068 -0.022839 0.132319 -0.034814 0.032656 0.020094
0.159000 -0.155262 -0.149790 0.016139 0.071147 -0.073758
-0.186727 -0.210607 0.051029 -0.014570 -0.046803 -0.006467
0.019491 0.020560 -0.006033 0.052329 -0.050504 0.082095
0.019037 -0.012459 -0.029129 -0.078323 0.115549 0.097808
-0.041087 0.010542 0.059171 -0.012091 -0.011319 -0.011672
0.072381 -0.020999 -0.093832 -0.047853 -0.012622 -0.058117
-0.050310 -0.000236 -0.020566 -0.067537 -0.037765 0.065822
0.016789 0.031883 -0.017703 -0.124736 0.086188 -0.053486
-0.012272 0.042279 0.018032 -0.002557 0.013827 -0.017152
0.050802 -0.078199 -0.030540 -0.038537 0.004883 0.032796
0.064238 -0.047605 -0.149039 0.038425 -0.069617 0.108138
-0.078146 -0.118183 -0.053421 0.084074 -0.002578 -0.099456
-0.086130 0.135130 -0.014315 0.035813 0.033297 0.024441
0.004864 0.031980 0.034716 0.051954 -0.041697 -0.055129
0.031753 -0.027346 -0.027678 -0.043461 -0.055358 0.050846
0.003535 -0.045918 0.013635 -0.109439 0.080379 -0.111483
-0.175912 0.092860 -0.160658 -0.005553 -0.001855 -0.012062
-0.030545 -0.035569 0.064824 0.026879 -0.025548 -0.011547
-0.063057 0.094869 -0.073035 -0.004451 -0.000358 -0.001114
-0.176780 0.129243 -0.106564 0.001540 -0.000178 0.000391
0.016987 0.012539 -0.009163 0.092828 -0.040502 -0.066039
-0.134672 -0.143329 -0.021509 0.021588 0.005391 0.003685
0.125965 0.173857 -0.124405 0.016314 -0.003219 -0.025282
-0.036670 -0.017948 0.041272 -0.018053 0.034361 -0.002232
-0.140734 -0.121135 0.092830 0.067252 0.052046 -0.020799
-0.035476 -0.057378 -0.101612 -0.069716 -0.038355 0.023939
-0.033141 0.017323 -0.011739 -0.019382 0.076591 -0.082940
0.019150 -0.028303 0.007751 -0.143027 -0.115013 0.100460
-0.081092 -0.126068 -0.034918 -0.000249 0.000090 0.000221
0.058288 -0.127872 0.063320 -0.001661 -0.005403 0.003002
0.037200 -0.019389 -0.109898 -0.015100 -0.058935 -0.094651
0.007822 0.021199 0.014987 -0.069871 0.045312 -0.056720
0.007555 -0.003532 -0.008622 -0.026047 0.040441 0.048912
-0.008239 -0.095899 0.000029 -0.101299 -0.087750 0.085869
0.008471 -0.015241 0.159205 -0.028156 0.071447 -0.054176
