-0.093179 -0.055269 -0.093467 -0.060331 -0.016040 -0.052626
-0.027128 -0.022724 0.079719 0.119549 -0.130926 -0.049236
0.007474 0.182867 -0.040925 -0.004131 -0.019685 -0.043339
-0.192286 -0.056094 0.133154 0.004258 -0.001421 0.017905
-0.054146 0.063848 -0.007232 0.011863 0.024013 -0.023064
0.098791 -0.032387 -0.111669 0.045414 -0.019717 -0.000343
-0.076308 0.011825 -0.092023 0.005229 -0.002476 -0.003735
0.176112 0.168103 -0.048059 0.073653 0.100669 -0.100592
0.092599 0.037397 -0.010794 0.043635 0.052867 0.030543
-0.165371 -0.142014 -0.127465 0.001122 0.001509 0.003043
-0.005635 0.070911 0.024025 0.026227 0.000952 -0.024535
-0.028943 0.109418 0.079180 -0.004839 -0.029689 0.044160
-0.145813 0.047160 0.014268 -0.004363 0.000618 0.005986
0.066696 0.016972 -0.048815 0.021991 -0.049043 -0.036226
-0.117439 0.200609 0.081899 0.002708 -0.020209 0.009548
0.159786 0.193375 0.101387 0.017776 -0.025960 -0.040741
-0.042125 0.006300 0.031680 0.002689 -0.011056 0.018050
-0.015535 0.041997 -0.025866 0.045666 0.046904 0.035380
-0.039266 0.041905 0.027134 0.008472 -0.018241 0.022263
0.093832 0.070356 -0.097318 -0.027817 0.064142 0.092654
0.062633 0.188019 -0.115614 0.022020 -0.066257 -0.000496
0.015006 0.024673 -0.078956 -0.038887 -0.057875 0.049661
0.011088 0.040419 -0.002684 -0.044093 0.096098 -0.071309
-0.068855 0.042287 -0.068824 0.046603 -0.005481 -0.011647
0.054597 0.007789 0.008110 0.040398 -0.062632 0.061059
-0.117779 -0.063649 -0.048404 -0.017946 0.036750 -0.042769
-0.018719 -0.015319 0.004710 -0.054811 -0.002066 -0.024663
0.075091 -0.032316 -0.067706 -0.004524 0.005547 -0.001301
0.033224 0.108561 -0.119105 -0.040448 -0.011172 0.078329
0.221589 0.182185 0.077006 -0.065678 -0.012515 -0.017264
0.014176 -0.015230 -0.021890 0.034614 0.060377 -0.046641
0.023802 0.012952 -0.017186 -0.009467 -0.051652 -0.040048
-0.134206 0.051209 0.125295 0.013153 -0.006871 0.028033
0.156596 0.022511 0.104685 -0.011453 -0.047090 -0.029146
0.050305 0.045555 -0.064503 0.001963 0.015193 0.001600
-0.030787 0.041277 0.008823 0.022751 -0.037246 0.039443
-0.071358 -0.029350 0.007879 -0.008931 0.008295 -0.000145
0.037604 -0.167615 0.195823 0.082541 -0.054575 0.087331
-0.233738 0.124186 -0.112015 0.057230 -0.060114 -0.028472
-0.114981 0.071840 -0.038928 0.032649 0.012007 0.034411
