0.045015 0.080605 -0.012337 0.042160 0.026931 -0.080743
-0.057195 -0.087317 -0.066766 0.099386 -0.102955 0.003289
0.053791 0.042747 0.100332 -0.001122 -0.002141 0.007031
-0.029883 0.103336 -0.179172 0.007697 0.001917 -0.002789
0.052096 0.188135 -0.191798 0.011157 0.011832 0.003877
-0.090602 0.111727 -0.027287 -0.024674 -0.000151 0.066854
-0.048063 0.055008 0.006044 0.003617 -0.004883 -0.023386
0.005418 -0.042016 0.104224 -0.025420 0.038220 -0.001336
0.086075 0.027798 0.023681 -0.003372 0.023058 -0.043060
0.039931 0.048110 -0.031676 -0.007899 -0.028348 0.054955
-0.014100 0.056501 -0.062364 0.071391 0.059826 0.071384
0.116297 -0.085197 0.057393 -0.129786 -0.046452 0.025528
-0.017380 0.007768 0.016900 -0.120464 0.040532 -0.093632
0.026816 -0.022296 0.141459 0.012903 0.020810 -0.023652
-0.091388 -0.085868 -0.108475 0.058519 0.040481 -0.050290
-0.020936 0.000883 -0.015423 0.084250 -0.074418 -0.059580
0.052641 0.007973 0.196651 -0.070431 0.000447 0.025067
-0.032039 -0.020213 0.048869 -0.016446 -0.048576 -0.006600
-0.046242 0.175089 -0.072637 0.031152 0.035710 0.026534
-0.002856 -0.061788 0.121669 0.003747 0.006623 -0.021304
0.055667 -0.077367 0.095732 0.044419 -0.133519 -0.052083
-0.011106 -0.044197 -0.003526 -0.014226 0.039455 -0.001035
0.130956 0.184583 0.091561 -0.017347 0.006510 -0.041277
0.040590 0.151387 -0.097000 -0.034236 0.032998 -0.011568
-0.053379 -0.029497 -0.066108 -0.019661 0.090364 -0.106780
0.030475 0.006733 -0.024250 -0.037163 0.069307 0.013114
-0.013205 -0.002579 0.111522 -0.002925 0.011564 0.013395
0.209930 -0.181047 0.086190 -0.026979 -0.057705 -0.014056
0.057973 0.057405 -0.020468 0.017149 -0.005280 0.029401
0.056148 0.056496 0.218519 -0.035849 -0.015265 0.030383
-0.132951 -0.052640 -0.093330 0.002913 0.004129 0.007539
-0.085912 0.034774 0.108017 -0.010229 -0.015521 0.010334
-0.108800 0.093578 0.120179 -0.004803 -0.006556 0.001576
-0.070458 0.024949 -0.073384 0.008030 -0.001822 -0.021436
0.005004 -0.010832 -0.009102 -0.000973 -0.003780 0.003530
-0.021969 -0.027367 0.026190 -0.038721 0.047997 0.024915
-0.018915 -0.004155 -0.074542 -0.093141 0.075622 -0.103072
0.139466 -0.114528 -0.080930 -0.001453 -0.012392 -0.014660
-0.173059 -0.186420 0.196821 0.008596 -0.041666 0.050101
-0.111912 -0.020008 -0.041951 -0.037730 0.036865 0.031090
