0.034342 0.025234 -0.050132 -0.007192 0.003638 -0.000278
-0.036278 0.041838 0.152280 0.022279 -0.059361 0.024681
-0.022537 0.008102 -0.005192 0.097212 -0.022805 0.093198
0.090481 -0.199248 0.236765 -0.027847 -0.042987 0.096280
0.023110 -0.115804 0.160164 0.036340 0.029952 0.042122
-0.080809 -0.031198 0.027646 -0.038582 -0.059595 0.042380
0.134378 0.052066 -0.121480 0.056379 0.085018 -0.041943
-0.021121 0.017917 -0.063289 0.033845 -0.044281 0.033434
-0.015550 -0.017254 -0.009183 -0.025816 -0.029497 0.008941
-0.010307 0.024697 -0.005152 -0.043649 0.055069 0.041907
-0.040869 0.050616 0.031616 -0.011862 0.047869 -0.059359
0.143554 0.109608 0.086045 0.035083 -0.024865 -0.049526
0.094377 0.163282 0.011202 0.022484 -0.072151 -0.040671
0.050667 -0.036512 0.101497 -0.012926 -0.014005 -0.012484
-0.024623 0.056389 -0.051032 0.035075 -0.046537 -0.006647
0.136009 -0.179337 -0.047099 -0.003412 0.055844 0.073726
0.136580 0.204276 0.223954 -0.037638 -0.010203 0.013141
-0.111734 -0.043811 -0.110199 -0.074115 -0.055345 0.010937
-0.146184 0.201300 0.137868 -0.042655 0.050137 0.013974
-0.060590 -0.100566 0.102285 -0.060506 0.077852 -0.051391
-0.006722 0.077718 -0.062306 -0.000803 0.002805 -0.004679
-0.007052 -0.024722 0.039025 -0.015924 -0.003845 -0.023564
-0.056925 0.073041 0.185182 0.001248 0.000855 0.000876
0.132349 0.082463 0.155240 -0.026285 0.021160 -0.019772
-0.133673 -0.156419 -0.143475 -0.056734 -0.128681 -0.096610
-0.253985 -0.076683 -0.092937 0.042598 -0.036759 -0.015174
-0.033358 -0.029794 0.116567 -0.002469 -0.014107 0.021015
0.055052 0.088455 -0.038118 0.035106 0.029578 0.033763
0.011294 -0.024754 0.008934 0.057680 0.068698 -0.088946
0.133511 -0.034844 0.052413 -0.009045 0.020911 0.013726
0.040275 0.068140 -0.012813 0.018044 -0.030259 -0.006708
0.057895 -0.119163 -0.136558 -0.070828 -0.063308 -0.036770
-0.164631 -0.070662 0.152745 -0.030040 0.047961 0.086104
0.017991 -0.138195 0.102798 -0.012005 -0.040848 -0.102623
-0.157144 -0.139085 -0.152209 0.017686 0.023618 -0.009619
0.004179 0.051171 -0.060885 0.004947 -0.002908 0.018014
-0.017052 -0.002164 -0.009059 0.020925 -0.019211 0.002888
0.020203 0.146058 -0.194919 0.025349 0.049055 -0.033724
0.106284 -0.083847 -0.086720 0.083413 0.005169 0.059324
-0.052201 0.006947 -0.054722 0.033564 0.012164 0.052599
