-0.002433 -0.005735 -0.006594 0.021277 -0.038870 0.001764
-0.046529 0.067118 -0.059066 -0.026365 0.051061 0.044605
0.098549 0.015102 0.071140 -0.051671 -0.010415 0.060369
-0.017907 -0.020109 -0.015860 0.008588 -0.006715 -0.000258
-0.027049 -0.016882 0.078331 -0.010542 0.006359 0.012364
-0.070456 -0.036396 -0.092767 -0.009642 -0.010872 -0.049674
0.179684 0.078468 -0.028435 0.009960 0.006590 -0.002656
-0.085372 -0.088029 0.148879 0.002700 0.005096 -0.002718
0.135886 0.131653 -0.147201 -0.003296 0.006790 -0.049289
0.051823 0.046001 0.045370 0.005368 0.009232 0.001451
-0.006028 -0.009219 -0.012720 -0.051881 0.082861 0.117393
-0.040689 0.037555 0.006680 0.031919 0.012997 -0.004059
0.084595 0.073586 0.108595 0.027069 0.049434 0.042563
-0.069984 0.122977 0.003697 0.018300 -0.021560 0.086842
-0.003090 0.011911 -0.042512 -0.023813 -0.056441 0.028410
0.203196 0.109553 0.183004 0.005434 -0.063168 -0.000707
0.023859 0.044269 -0.027784 -0.008261 0.090788 0.049908
-0.103653 0.232963 0.165998 -0.045066 0.079098 -0.060544
-0.034578 -0.084437 -0.066033 0.000129 -0.000043 -0.000046
0.195097 0.108195 0.126352 -0.030790 0.065433 0.063632
-0.095597 -0.019155 -0.082808 -0.051303 0.040131 -0.071512
0.008614 -0.008228 0.009368 -0.002654 -0.012790 0.012262
-0.000443 -0.014876 -0.054858 -0.001849 -0.017326 0.028660
-0.044555 -0.071072 0.019977 -0.108733 0.066458 0.003221
0.055429 0.011532 0.083163 -0.115984 0.033199 -0.038118
-0.110062 -0.053285 0.182741 -0.039236 0.029451 0.020748
0.014145 0.058073 -0.018667 -0.079011 -0.041682 0.090957
0.073164 -0.026850 -0.041379 0.012415 -0.023017 -0.005093
-0.027893 0.025127 -0.029823 -0.108668 -0.005464 0.023337
-0.078552 -0.084757 0.021619 0.039800 -0.025954 -0.060568
-0.058645 0.019888 0.048559 0.029496 0.031275 -0.024516
0.063054 0.076947 -0.124821 -0.021987 -0.014625 -0.022910
-0.029041 -0.091642 -0.012567 0.008651 -0.035835 -0.020537
0.093372 0.131163 0.010164 0.069491 0.035026 -0.011546
0.021837 0.120802 -0.104201 0.012272 -0.007495 0.008972
-0.046346 0.117502 -0.164890 -0.035087 -0.070947 0.023347
-0.011672 -0.014953 -0.035554 -0.097017 -0.097108 -0.073041
-0.069910 0.053876 0.053369 0.038934 0.034051 -0.098382
0.166499 -0.105259 0.087198 -0.003129 0.001836 -0.005434
0.111280 -0.043343 0.063807 0.054458 -0.142959 -0.092954
