0.022107 0.038418 -0.005053 -0.065516 0.025438 0.074916
0.096822 -0.018504 -0.082040 -0.044302 -0.044450 0.060678
0.079787 -0.026293 -0.011748 0.000215 -0.000121 0.000023
0.215314 -0.022116 -0.217378 -0.137600 -0.030123 0.143204
-0.091322 0.072164 -0.085817 0.026601 0.089940 0.084092
0.068598 -0.090286 -0.144480 -0.000901 0.028010 0.028645
-0.082226 -0.094278 -0.073085 -0.133462 0.044581 0.117143
-0.035841 0.061038 0.028583 -0.016035 0.033418 -0.051772
-0.102499 0.064386 -0.068473 0.018754 -0.044919 -0.044622
-0.052569 -0.042749 -0.060974 0.003569 0.031439 0.014363
0.111712 -0.189517 -0.130801 -0.053797 -0.080692 0.057661
0.061000 -0.104798 -0.102190 0.038612 0.005993 -0.137931
-0.199188 0.097048 -0.139628 0.005687 0.019198 0.023624
0.146843 -0.016524 0.073655 0.019383 -0.083840 0.081439
-0.092260 -0.162523 0.123544 0.094814 -0.058095 0.020701
-0.061964 0.194917 0.130538 -0.082333 0.076591 0.034656
0.032116 -0.024533 -0.063837 -0.044543 -0.003977 0.053718
0.003488 0.017465 -0.016000 0.033915 0.038875 0.039470
0.101620 -0.010095 0.083704 0.001750 -0.003158 0.000649
-0.000221 -0.016013 -0.009477 -0.061547 -0.014912 -0.056312
0.078258 0.094901 0.108956 -0.013262 0.030052 0.004709
-0.201825 -0.207741 0.024494 0.106075 0.104313 0.067203
-0.150507 0.079873 0.081301 0.016406 -0.002376 -0.012679
0.057454 0.031315 0.036611 0.001143 -0.003918 0.002850
-0.101567 0.124143 0.041451 0.017478 -0.019248 0.013068
-0.036653 0.066310 0.099900 0.055488 -0.021705 0.060750
-0.100133 0.064857 -0.065096 -0.038846 0.068830 0.083179
-0.048918 0.082558 0.094881 -0.061720 -0.033968 -0.055930
0.004722 0.004158 0.005990 0.028692 0.058556 -0.019162
-0.013358 0.011343 0.007353 -0.062227 0.069517 -0.014169
0.038034 0.113850 -0.138742 -0.011387 0.044944 0.033605
-0.014735 0.022604 -0.025550 0.003417 -0.006532 0.004527
-0.021606 -0.041845 0.025548 -0.004162 0.000591 0.002234
0.016673 0.010358 0.014038 -0.029081 0.075494 -0.020793
-0.070736 0.143123 -0.152204 0.031591 0.002596 0.100122
-0.003963 0.030610 0.067070 -0.033535 0.033979 -0.023181
0.059016 0.066463 0.076226 -0.014539 0.016025 -0.008723
-0.027841 -0.022477 0.021942 0.002720 -0.047841 0.001530
0.229805 -0.079260 0.208500 -0.042054 0.007462 -0.034078
0.031401 0.018504 -0.019895 -0.045704 0.107185 -0.087644
0.145401 0.006808 -0.072906 0.064412 0.092216 0.079292
