0.115809 -0.017994 0.123695 0.018053 -0.022698 -0.003672
-0.107946 -0.175522 0.092651 -0.033493 -0.102900 0.084858
0.012737 -0.035091 0.016065 -0.051142 -0.021313 0.028677
-0.020576 0.039191 0.087454 0.083684 -0.029777 0.080490
0.085693 0.003807 0.052288 -0.006062 -0.135174 -0.125235
-0.047173 0.003760 0.016474 -0.012181 -0.000559 0.021159
0.097966 0.069193 0.128511 -0.004701 -0.000956 0.006908
0.014576 0.068026 -0.205068 -0.014308 0.020232 -0.004822
-0.045757 0.043578 0.032989 -0.029178 -0.045914 0.066278
0.023962 0.022676 -0.047423 -0.027037 0.004695 0.016915
0.025153 -0.022766 -0.012311 0.027237 -0.012165 -0.028802
-0.002031 0.021707 0.023041 -0.012476 0.010576 -0.008920
0.029817 -0.023424 0.017824 0.045178 0.061231 0.040559
0.036453 0.081171 0.008352 -0.048121 -0.071883 -0.029100
-0.150595 0.064196 -0.127186 0.040669 0.007664 0.143138
0.010516 0.052902 0.033438 0.001824 -0.001337 0.002078
0.037432 0.038133 -0.036176 -0.075024 -0.043352 0.095589
0.004958 0.058128 -0.039798 -0.036048 -0.015046 -0.043044
-0.122398 0.228529 -0.142410 0.015027 0.033526 0.047102
-0.134500 -0.132859 -0.079184 -0.022025 -0.061015 0.038642
0.012857 0.082509 -0.007623 -0.076913 -0.042915 -0.106568
-0.067210 0.063488 -0.006329 0.088046 -0.011657 0.017513
-0.064772 -0.005304 0.078103 0.001984 0.004876 -0.013654
-0.018671 0.058818 0.062447 0.088729 -0.086976 -0.010299
-0.055201 0.075323 0.055508 -0.044666 -0.048815 0.035687
-0.010634 0.143963 -0.061704 0.069400 0.049222 0.035290
-0.045224 0.088410 -0.156960 0.047640 0.044514 -0.018684
-0.055653 -0.152954 -0.019714 -0.021254 0.015477 0.037610
-0.088439 -0.074047 -0.048934 0.077278 -0.002527 0.106881
0.051671 0.016512 -0.064837 -0.102638 0.057468 0.116742
-0.174128 -0.019587 0.083098 0.010944 0.060097 0.106693
0.085388 0.125440 -0.092564 -0.041843 0.031796 0.019430
0.025735 0.018292 -0.021672 0.039118 0.039172 0.045343
-0.178579 -0.169446 0.004223 0.021836 0.056660 -0.078559
-0.013236 -0.059649 -0.017339 -0.030486 0.016208 0.032306
0.051520 -0.005877 -0.065636 -0.044891 0.104755 -0.017701
-0.107364 0.061013 0.051143 0.055499 -0.013785 0.056883
-0.098243 -0.185350 0.096143 -0.045615 -0.088972 0.057354
-0.085029 -0.139454 0.145983 -0.051107 0.111022 0.028165
0.014138 -0.005966 0.005161 -0.026201 0.063179 0.061851
