0.061060 -0.022076 0.036405 0.074907 -0.001442 -0.030053
0.038079 0.070848 -0.098399 0.052947 -0.101577 -0.055674
-0.026968 -0.058093 -0.025811 0.020063 -0.042611 0.023814
0.035635 -0.055390 -0.052380 0.003509 -0.037881 -0.043702
0.139673 -0.142450 0.176301 0.047447 0.059668 -0.035503
0.024572 0.019795 0.062648 -0.071596 -0.043379 0.008279
-0.115401 0.091232 0.040402 0.000808 0.005962 0.004701
-0.080946 0.029391 -0.033666 -0.010424 0.067326 0.136806
-0.064481 -0.017398 -0.075738 0.069521 0.083110 -0.027536
0.034430 0.033889 -0.004200 -0.039843 -0.012233 0.033575
-0.211176 -0.014568 0.015734 0.003940 -0.000233 -0.006469
0.032904 0.001584 0.014327 -0.066456 0.085681 -0.025368
0.068932 -0.147406 -0.161145 -0.014603 -0.077376 -0.056166
-0.082068 -0.000721 0.028440 0.014476 0.027856 -0.024256
-0.006050 0.082590 -0.016231 -0.011428 0.025597 -0.017079
-0.080152 0.020472 -0.034591 -0.101629 -0.027934 0.126492
-0.024098 0.170326 -0.005044 0.024973 0.015400 -0.011430
0.102195 0.015623 -0.043523 0.060702 -0.043059 0.068166
0.012971 -0.010078 0.000585 0.021976 0.010387 0.012589
0.050700 0.101239 -0.208116 -0.055037 0.052725 0.036322
0.012786 -0.067484 0.168988 -0.102349 -0.101974 -0.026463
0.067715 0.080667 0.121013 0.034953 -0.029261 0.056817
-0.058025 -0.016605 0.207925 -0.018256 -0.026546 0.012911
-0.139375 -0.119529 0.012650 -0.064611 -0.013745 -0.029618
-0.051518 0.007448 0.114884 -0.011926 -0.080007 -0.089286
-0.004905 -0.036080 -0.019236 0.043495 -0.011156 -0.063294
0.030165 -0.007216 -0.014402 -0.001196 -0.060591 0.018619
0.024987 0.006872 -0.048943 0.029529 0.063164 -0.053676
0.090464 0.061171 0.094418 -0.008467 0.040697 0.061270
0.092232 -0.071061 -0.068805 -0.067414 0.039769 0.039676
0.043238 -0.017296 0.017492 0.010522 -0.011851 0.012619
-0.130698 -0.066675 0.050101 -0.002266 -0.003144 0.000881
-0.006798 -0.066297 -0.120288 0.093103 -0.063065 0.051841
0.037984 -0.012016 -0.058720 -0.004050 0.011220 0.026289
0.131519 0.066337 -0.081538 0.021622 -0.057487 -0.016266
-0.187998 0.248913 0.001076 0.017204 -0.082152 0.010564
-0.142702 0.136538 -0.049424 -0.047463 -0.020227 0.026129
0.015939 -0.121209 -0.197075 -0.087620 -0.088140 0.062706
-0.084727 -0.014008 -0.092359 -0.087032 0.057185 -0.062359
