-0.170872 -0.141404 -0.072814 -0.004852 0.005870 0.000918
-0.104063 -0.046160 -0.104660 -0.084617 -0.025139 -0.099720
-0.033357 0.141986 -0.078636 0.074773 -0.049624 -0.023416
-0.059851 -0.037012 -0.004821 0.022371 -0.024310 -0.047725
-0.068162 0.169006 0.135902 0.097534 -0.095294 -0.063461
-0.032225 -0.012177 0.020146 0.012370 -0.034570 0.076096
0.121348 0.083592 0.173282 0.100897 0.063481 -0.018975
-0.047044 0.008659 0.036327 0.016511 0.029723 -0.067861
0.041795 -0.170605 0.212472 -0.034525 -0.066707 -0.042505
-0.019141 -0.013048 0.039374 0.017374 -0.001361 -0.013474
0.139860 -0.088419 -0.145157 -0.097011 -0.090496 -0.025621
0.127704 -0.154613 0.053087 -0.056423 -0.060361 -0.009247
0.019725 0.044256 -0.079786 -0.001539 0.017569 0.019812
0.089516 0.088618 -0.156709 0.020354 0.034557 0.081645
0.046714 0.082840 0.040207 -0.008087 0.058480 0.060285
-0.016917 0.034657 0.060694 0.024272 0.002758 -0.015159
-0.073121 0.051988 -0.037268 -0.048189 0.024597 -0.010525
-0.031087 -0.073532 -0.082437 -0.012471 0.110129 0.075425
-0.026955 0.005980 0.027152 0.024444 0.000832 0.005485
-0.081106 0.092625 0.048576 -0.016089 -0.042557 -0.002488
0.080535 0.133272 -0.071382 -0.121716 -0.017255 0.034018
0.130600 0.216586 0.170268 0.019603 -0.063193 -0.048183
0.008349 -0.020605 -0.000075 0.014210 0.001700 -0.017186
0.069034 -0.040279 -0.042983 0.037464 -0.004362 0.026078
0.083268 0.139167 -0.088812 -0.009431 -0.093083 0.128070
0.019813 0.025585 0.029375 -0.001703 -0.010920 0.012323
0.175314 -0.191392 0.038006 0.050663 0.029254 -0.021400
-0.038105 -0.062621 0.054802 -0.007419 0.005113 0.003217
-0.101493 -0.171042 -0.074528 -0.120554 0.060173 0.096670
0.010492 -0.069090 0.048254 0.018865 -0.024078 0.014135
0.127952 -0.010574 0.004222 -0.021315 0.002467 -0.006686
-0.067704 -0.066755 -0.065717 -0.005444 -0.006621 0.007345
0.082815 0.005989 -0.039663 -0.005768 0.015545 0.011902
0.042252 -0.105317 0.029623 0.086651 -0.060603 0.038697
0.020140 0.069910 -0.035079 0.060410 -0.049175 -0.053740
0.074090 -0.099905 0.054781 0.018983 0.012464 -0.006394
0.241633 -0.083752 -0.197071 0.062805 0.009107 0.059608
-0.022170 0.139407 -0.050474 -0.004226 0.017871 0.013860
0.107538 -0.004711 -0.182032 -0.107551 0.116671 0.095257
0.037113 0.122981 0.092306 0.002572 0.002423 0.004139
