-0.023139 0.010903 -0.035913 -0.111857 0.028506 0.104785
-0.058596 -0.044461 0.123831 0.076876 0.042561 -0.066195
-0.135348 -0.101951 -0.037564 -0.058843 -0.097589 -0.008199
-0.018253 0.030496 0.055228 0.010498 0.005220 0.019066
-0.020372 0.170324 0.089288 0.055083 0.060985 -0.002744
0.071538 -0.017678 0.085484 0.003465 -0.004500 -0.004552
-0.000432 -0.054458 0.057315 -0.070742 0.059859 0.019185
-0.033091 -0.096239 -0.045424 -0.000324 0.000909 -0.000472
-0.103523 0.078985 -0.083881 0.004782 -0.009212 -0.036377
-0.017152 -0.021863 -0.021898 0.048537 0.029630 0.080796
-0.053038 0.005326 -0.004953 -0.032681 0.032253 0.015370
0.011388 -0.101660 0.090560 -0.003052 -0.003602 0.004196
-0.000055 -0.002745 -0.012522 -0.067379 0.008249 -0.080507
0.009490 0.053203 -0.045023 -0.075207 -0.084046 0.070385
0.044449 -0.177715 0.024612 0.015733 -0.043788 -0.040335
-0.165390 0.130479 0.014481 -0.036958 -0.021345 -0.021093
0.009537 -0.024046 0.084032 -0.029773 -0.114941 -0.004381
-0.022794 -0.075560 0.195516 0.002667 -0.057123 -0.006856
-0.130620 -0.056646 0.135538 -0.012848 0.021340 0.004737
-0.020705 0.076578 -0.080028 -0.013978 -0.014888 -0.019589
-0.100342 0.229136 0.069757 -0.123900 0.133945 0.091202
0.051361 0.005991 -0.038798 -0.046570 -0.020516 0.052301
-0.121540 0.020498 -0.109387 0.030815 -0.016352 0.025709
-0.151975 -0.021242 -0.100207 0.011259 -0.025168 0.053814
0.025045 -0.008236 0.012142 -0.057024 0.001764 0.038527
0.146404 0.013749 0.047074 0.016262 -0.030896 -0.007270
-0.054015 0.054216 -0.107764 -0.066833 0.033940 -0.111582
-0.027493 0.012222 0.036065 0.000052 -0.008715 -0.000201
-0.028676 0.063127 0.006902 -0.068383 -0.127886 0.004715
-0.127607 0.045020 -0.218237 0.034624 -0.039022 -0.049482
-0.185827 0.077745 0.222065 0.006286 -0.003399 -0.003565
0.085621 0.067536 0.064090 -0.006075 0.066039 0.112634
-0.170925 0.054248 -0.015994 -0.004342 0.039448 0.038003
0.096505 -0.003546 -0.075889 0.057959 0.048172 0.077728
-0.033450 -0.009510 0.024677 -0.032127 -0.019173 -0.007713
0.091794 -0.063613 -0.082952 0.026103 -0.022721 0.016414
-0.040759 0.072178 0.085091 0.093407 -0.032321 -0.096250
-0.035874 -0.001326 0.001171 0.030020 -0.021790 0.043169
-0.034195 0.170491 -0.160608 0.028693 -0.023656 0.012931
-0.028659 0.083898 -0.061701 -0.053839 -0.031977 -0.070526
