0.062096 0.041349 -0.067462 0.002462 -0.033666 -0.027661
0.154515 -0.051074 -0.129478 0.001831 0.016013 -0.021016
-0.177699 0.002190 -0.196486 -0.032062 -0.038736 -0.045206
0.058880 0.012515 -0.019932 0.000048 0.000313 -0.000523
0.210265 -0.004250 0.028769 -0.008139 0.015392 0.013845
0.034401 0.008869 0.000260 0.010867 -0.005915 -0.007028
0.023049 -0.019352 0.012457 -0.074910 -0.111574 0.000806
0.039495 -0.024145 0.050918 0.003965 0.001455 0.009946
0.020760 -0.157630 -0.171284 0.129718 0.051571 -0.080370
-0.116996 0.210406 0.182012 0.078856 0.056849 -0.012624
-0.005398 0.025482 0.030572 -0.080944 -0.082634 0.076377
0.096186 0.030236 0.087096 -0.044374 0.061440 -0.060640
-0.066353 0.052130 -0.150924 -0.014230 -0.004642 0.027587
-0.169968 -0.044113 -0.163850 0.009981 -0.028727 0.027875
0.047236 0.093418 0.028585 0.004107 -0.015548 0.024719
-0.081441 0.036139 0.075953 0.071225 -0.007228 -0.003349
0.034481 -0.196474 -0.044349 0.080686 0.013436 -0.029725
0.235691 -0.139010 -0.187327 0.011355 0.048091 -0.015229
0.161502 0.168481 0.002574 0.028199 -0.020783 -0.035004
0.178735 -0.164762 0.117609 0.012159 0.005957 0.030727
-0.079611 -0.025802 0.067173 -0.004457 -0.003515 0.000116
-0.010281 -0.015629 0.003661 0.014065 -0.045160 -0.037861
0.248216 -0.091786 -0.221658 -0.012872 -0.010252 0.019663
0.095409 0.137673 -0.107755 0.010290 0.019858 0.018811
-0.078518 0.074721 0.034854 0.030164 -0.027998 -0.049322
-0.142592 -0.036166 0.033928 -0.097148 -0.123129 0.100373
0.009435 0.069165 0.050541 -0.055322 0.068904 -0.026303
0.005342 0.036250 -0.048246 -0.057191 0.012145 -0.028632
0.035379 -0.005732 -0.131351 -0.005425 0.034515 -0.134523
-0.022009 -0.038197 -0.120074 -0.119321 0.102312 0.038511
0.001701 0.022637 -0.015289 -0.014789 0.041583 -0.007471
-0.013389 -0.026636 -0.065161 0.029207 -0.065323 -0.055025
0.054615 -0.116106 0.118821 0.021704 0.004805 -0.011334
-0.041967 -0.005293 -0.035652 -0.016878 0.045547 0.090971
-0.027960 0.032878 -0.008287 0.064446 -0.049365 -0.037450
0.049478 -0.038796 0.002442 -0.023178 -0.036781 -0.014885
-0.019321 0.032216 -0.037431 -0.000422 0.003303 -0.003142
-0.009868 0.172397 -0.143722 0.049050 0.053590 0.065183
-0.003378 0.003894 0.020885 0.078795 0.048883 -0.089504
