0.015767 -0.047040 -0.073609 -0.001884 -0.004645 0.030436
0.003977 0.092852 0.022509 -0.000040 -0.041795 0.081572
-0.066028 -0.123077 0.071002 0.015086 -0.044013 0.019230
0.021171 -0.104768 -0.107710 -0.032634 0.018476 -0.008767
0.056933 -0.045980 -0.041012 0.017307 -0.021828 0.045363
0.019841 0.018722 0.013100 -0.011690 -0.007067 -0.000926
0.030323 -0.019013 0.013678 -0.043239 -0.049662 -0.013247
-0.022638 -0.017124 -0.039250 0.042675 -0.078439 0.048454
-0.074885 0.036687 -0.031076 -0.010575 0.119856 -0.014722
0.006002 -0.015649 0.016505 -0.085216 0.075118 -0.086448
0.054471 -0.001851 0.014810 -0.010839 -0.004625 -0.015932
0.155039 0.037037 -0.172368 -0.005880 0.037085 -0.073137
0.038954 0.058835 0.066615 0.015301 0.056542 0.075507
0.031998 0.060175 0.058035 -0.008052 0.040934 0.018815
-0.008855 -0.010037 -0.012870 -0.017172 -0.005296 -0.097777
-0.151047 -0.102328 0.168720 0.022951 -0.082529 0.030949
-0.043973 0.043946 -0.017652 0.044380 -0.036917 -0.016838
0.077778 0.034723 -0.088367 -0.031741 -0.018169 0.050772
-0.023552 -0.113511 0.025204 -0.086551 0.067723 -0.048840
-0.021845 0.048279 0.024644 0.022351 -0.013012 0.013757
0.013238 -0.058054 -0.008133 0.042322 0.041724 0.031057
-0.066085 0.041650 -0.042218 0.023218 0.001066 -0.003798
0.131542 -0.071593 -0.041932 -0.002760 0.010496 0.001510
0.054258 -0.055911 0.014446 -0.002847 -0.001527 -0.001412
0.058772 -0.060886 -0.018849 -0.095301 -0.006240 -0.031007
0.072713 0.099968 -0.102031 -0.013230 0.010718 0.016400
0.139435 -0.136252 -0.027931 0.006040 -0.024123 0.031806
0.029580 0.007690 0.017759 0.047551 -0.088163 0.007259
-0.023992 -0.021958 0.019062 0.032824 0.065755 -0.082355
0.017031 0.023382 -0.016130 0.041132 0.093789 -0.080303
-0.104973 0.097911 -0.060488 0.000209 -0.000753 -0.000378
0.045353 0.033475 0.020791 -0.023550 0.015676 0.010266
-0.011108 -0.007438 0.001113 0.090923 0.099796 -0.021540
-0.011661 -0.012119 0.012490 -0.045980 0.076228 -0.042551
-0.020356 -0.032095 -0.027468 -0.022920 -0.037092 0.004619
-0.084608 -0.071833 0.088310 -0.041936 -0.031937 0.034885
-0.000999 -0.009499 -0.035369 -0.013074 0.011525 -0.016373
0.099363 -0.002847 -0.066747 0.044712 -0.033925 0.004446
-0.033370 0.036745 -0.121902 0.002845 -0.005570 0.001992
-0.007144 0.001762 0.015635 0.000692 -0.004063 -0.002546
