0.033941 0.012821 -0.017492 -0.018059 0.066361 -0.025526
-0.078991 -0.063671 0.004285 -0.011360 -0.022897 -0.026102
0.085583 -0.096929 0.071866 -0.064237 0.090155 0.046805
-0.048163 0.081415 -0.098852 0.015137 0.037498 0.002438
0.019164 0.144565 0.128787 -0.003452 0.005915 0.000649
-0.164332 0.069419 0.201166 0.001088 -0.001290 0.001007
-0.043719 0.072896 -0.090816 -0.000745 -0.000529 0.001249
-0.068747 -0.151516 0.025057 0.000896 -0.000034 0.002305
0.051892 0.156456 0.117909 0.016862 -0.040798 -0.008895
0.033585 0.064987 -0.019899 0.000171 -0.000309 0.000312
0.031571 0.080970 -0.042916 0.044270 0.100498 -0.084381
0.200796 0.080203 -0.120998 0.003176 0.025891 0.005311
0.072190 0.020027 -0.050374 -0.042648 -0.082952 0.037122
0.055477 0.017058 -0.042571 0.052132 0.044313 0.010604
0.017745 -0.117880 -0.147381 0.080217 0.048133 0.034669
-0.069884 0.104009 0.043173 0.016342 -0.036191 0.008825
-0.082927 -0.160474 -0.147115 -0.018788 0.021125 0.002455
-0.084034 -0.044337 0.066005 -0.018622 -0.028489 0.025508
0.104220 -0.189909 -0.078827 0.053213 -0.039818 0.109572
-0.171401 0.144967 -0.080252 0.006712 -0.116352 0.112960
0.008808 -0.010077 -0.000034 0.008825 -0.013965 -0.005778
0.056328 -0.036195 -0.057159 -0.060464 0.067019 -0.024616
0.002363 0.021382 0.047672 0.119210 -0.011547 0.131313
-0.034838 0.037881 -0.077666 0.033658 0.076791 0.057669
0.068815 -0.078727 -0.108676 -0.098222 0.038783 -0.038440
-0.101771 -0.202451 0.187563 0.095481 -0.105466 -0.133040
-0.002926 -0.006055 0.000613 -0.038634 -0.035003 0.042053
-0.021236 0.079564 -0.089445 -0.016683 0.010950 0.043490
-0.094448 0.012564 -0.023930 0.006821 0.029018 -0.017537
0.151872 -0.022328 0.154598 0.011468 -0.033177 0.020355
-0.028225 -0.034329 -0.002341 0.058062 -0.071531 -0.039660
-0.072204 -0.214124 -0.030387 -0.024638 0.067549 -0.059381
-0.101185 -0.060632 -0.123669 -0.015665 -0.018277 0.000599
0.022345 -0.010068 -0.003427 0.002165 0.012311 0.013665
-0.054943 -0.025190 -0.052657 -0.001795 -0.001073 -0.002470
-0.095698 -0.171184 0.002878 -0.043937 -0.086290 -0.029370
-0.049093 -0.105809 -0.047656 0.081331 0.089716 -0.084521
-0.046905 0.062484 -0.017460 0.015518 -0.044102 0.043848
0.001741 -0.017311 -0.017962 0.072189 -0.020445 -0.046934
0.125838 0.014457 -0.098473 0.043191 -0.076085 0.117966
