0.020238 -0.010370 -0.001972 -0.123001 0.093383 -0.067575
-0.249175 0.132896 0.119917 0.074821 -0.019526 -0.044804
0.119494 0.139396 0.078224 0.055402 -0.006374 -0.063948
0.203632 0.147269 -0.159284 0.090771 0.092304 -0.095567
-0.043078 -0.154806 0.081439 0.018315 -0.010028 -0.033552
0.039907 -0.027782 -0.034420 -0.063874 -0.111407 -0.081996
0.065667 0.002425 -0.049317 0.001509 -0.000654 -0.000054
0.026528 -0.115021 -0.113705 0.000605 0.003876 -0.002924
-0.053627 -0.079417 -0.046999 -0.006631 -0.015860 0.011733
0.078596 0.095354 -0.055956 0.000689 0.078295 -0.005292
-0.064517 0.042287 0.062858 -0.110282 0.080107 0.083785
0.100355 -0.159640 0.102150 0.003636 0.000550 0.021737
-0.074512 0.105119 -0.013985 0.000475 -0.000930 0.014346
0.042972 -0.005956 0.048181 0.020290 0.000339 0.022326
-0.074321 -0.074449 0.121163 0.002402 -0.034952 0.053060
-0.142216 0.089102 0.129792 0.051928 0.032527 -0.000986
-0.007886 -0.020827 -0.014364 0.005275 -0.018459 0.006316
0.129613 -0.086683 -0.107155 0.012689 -0.026103 -0.044661
-0.033443 -0.018634 -0.039513 -0.001679 0.039731 -0.037562
0.036516 0.123073 -0.052241 0.008891 -0.004767 -0.004620
0.053510 0.039812 0.105228 0.039778 -0.028740 0.041172
0.034409 0.002891 -0.019350 0.001049 0.000210 -0.000639
-0.064857 -0.038355 -0.088928 -0.000774 0.002848 -0.002670
0.009628 -0.110373 0.101781 0.117517 0.039010 -0.107173
-0.194977 0.200669 -0.039339 0.068055 0.037507 -0.007878
-0.120089 0.039215 -0.146868 -0.102387 0.125703 -0.086420
0.036102 0.019877 0.015201 -0.049127 0.000862 -0.008199
-0.112914 0.070882 -0.143065 -0.000092 0.000085 -0.000036
0.003196 0.119573 0.018340 0.025271 -0.028949 -0.034967
-0.147034 -0.028927 -0.167183 -0.121651 0.093996 0.053062
-0.020398 -0.187516 0.072970 0.006946 -0.006067 0.000744
0.089469 -0.065069 -0.070906 -0.022876 -0.034854 -0.000412
0.065464 0.059040 -0.019749 0.024452 0.018591 -0.035867
0.076573 -0.027474 0.087505 -0.038327 0.057268 0.024340
-0.011432 -0.002598 0.007636 -0.024683 0.101874 -0.058944
-0.061962 0.242782 0.182896 0.004984 0.021365 -0.043266
-0.176144 0.171289 -0.178213 0.044563 0.055611 -0.015969
0.033958 -0.143526 0.027417 0.004927 -0.005669 0.034962
0.058292 0.094792 -0.036058 -0.034553 -0.087982 0.010548
-0.046290 -0.028459 0.051281 0.012749 -0.029183 0.036985
-0.005909 0.045246 0.010872 -0.012271 0.078028 -0.009852
