0.066823 -0.058399 0.039381 -0.017446 -0.016549 0.019159
-0.003159 -0.029324 0.037456 -0.024877 -0.055854 0.069800
-0.005834 0.000259 0.013086 -0.003008 -0.015740 -0.017990
-0.014704 -0.049555 -0.001563 -0.013294 0.001282 -0.031663
-0.015583 -0.158753 -0.162508 -0.024100 -0.014263 0.074018
0.017928 0.023917 -0.011428 -0.042891 -0.034635 -0.024741
-0.241304 0.125985 0.069060 -0.005709 0.005005 0.007971
0.001172 -0.084415 0.037575 0.020009 -0.006370 0.009627
-0.072252 -0.021034 0.068172 0.029959 0.007389 0.046229
0.080062 0.012332 -0.101231 0.017268 -0.023203 0.010572
0.035908 -0.024791 -0.013409 0.124152 -0.060318 -0.002808
-0.081304 0.039009 0.142310 0.047082 -0.121404 -0.065530
-0.092582 0.042316 0.041855 -0.001418 0.000559 0.001156
-0.130458 0.035718 0.127556 -0.081787 -0.123351 0.119388
0.206254 0.178088 -0.114468 -0.045676 -0.056360 -0.103810
-0.012874 0.014386 0.025253 -0.077111 0.038736 -0.047240
0.010697 0.044153 0.057798 0.123340 -0.042960 0.011215
-0.159609 -0.188220 0.057979 -0.042011 -0.046698 0.025986
-0.049486 -0.004926 -0.082182 -0.099776 -0.128891 0.095152
0.050493 0.050253 0.022032 0.005442 0.035832 -0.003275
-0.028265 0.008364 -0.003116 0.046679 -0.021854 0.023245
0.088277 0.097999 -0.064972 -0.016127 0.004041 0.010795
0.233987 0.192106 -0.220675 0.106179 -0.092940 0.090748
0.039562 0.039609 0.039543 0.010312 0.040039 0.049856
0.101531 0.015403 -0.034275 0.006733 -0.049874 -0.053337
-0.001465 0.019079 0.078884 -0.043758 -0.020861 -0.022930
-0.030284 -0.166230 0.112910 -0.024469 0.089598 0.003247
-0.097666 -0.088786 -0.092399 0.002357 0.015419 0.035340
0.004883 0.030137 -0.027002 -0.032286 -0.118545 -0.006654
0.210530 -0.020547 -0.163895 -0.068418 -0.023478 -0.024317
0.102939 -0.029430 0.117094 -0.007124 -0.075876 -0.069963
0.007646 -0.007967 0.026146 0.031989 0.033870 0.009375
0.027166 -0.024604 -0.089464 0.023008 0.035163 0.040217
0.061952 -0.015073 0.134419 -0.087547 -0.078273 -0.061036
0.108020 -0.108827 -0.036020 -0.046151 -0.016147 0.041503
-0.096779 -0.035898 -0.205751 0.004444 -0.015579 0.003876
0.245223 0.248004 -0.130500 0.001351 -0.012511 0.025748
-0.038195 -0.205008 0.079959 -0.031679 -0.021513 -0.013053
-0.078240 0.076182 0.032109 0.020247 -0.081223 0.091946
0.123749 -0.077116 0.159018 0.111261 -0.057030 0.038432
