-0.014023 -0.039331 -0.053789 0.006038 0.002864 0.007209
-0.005563 -0.031039 -0.013965 -0.050932 -0.017237 0.093608
0.009054 -0.004258 0.045586 -0.008994 0.029500 -0.095923
0.019022 0.037361 0.091635 -0.004076 -0.040882 -0.031067
0.071670 -0.073057 -0.010290 0.121249 0.113896 0.087176
-0.006469 0.009861 0.021250 0.007454 0.034128 -0.029717
-0.022975 -0.026721 -0.073420 -0.035558 -0.034805 -0.029504
0.176696 -0.071706 0.097135 0.003429 0.000732 -0.000764
0.092119 0.069591 -0.108455 -0.010056 0.006782 0.110593
-0.024530 0.037968 -0.017865 -0.022694 -0.007556 0.013687
-0.122179 -0.175389 0.148553 0.004771 0.000894 0.001066
-0.090034 0.137019 -0.040826 -0.076780 0.042608 0.103342
0.107708 -0.148736 -0.053644 0.123376 0.086581 0.118267
-0.015998 0.015944 -0.063270 0.034316 -0.052211 -0.035860
0.054525 0.039563 0.042919 -0.018238 -0.062618 0.051883
-0.000614 0.128583 -0.103522 -0.008567 0.004401 0.003465
0.071355 0.061700 0.058329 0.056667 -0.073690 -0.030471
-0.066647 0.147225 -0.106580 0.072785 -0.047771 0.034027
0.215974 -0.038522 -0.205993 0.126289 -0.022791 -0.027619
-0.028366 -0.119982 0.120554 -0.028728 0.009344 0.001260
-0.025877 -0.064966 0.112309 -0.006871 -0.006588 -0.002944
-0.066655 0.017288 0.087363 0.018759 -0.029940 0.022663
0.033958 0.015960 0.019671 0.028910 -0.022716 -0.029397
0.069881 -0.065320 0.008608 -0.018063 0.014207 0.027672
-0.124943 -0.184739 -0.112804 -0.027499 -0.026772 -0.052559
-0.165156 -0.075992 -0.141474 -0.087987 0.004734 -0.000033
0.075752 -0.008959 -0.082237 0.112194 0.098204 -0.109395
0.029039 -0.028445 -0.042371 -0.013726 -0.039062 -0.050437
-0.046789 -0.011598 0.028111 0.008601 -0.032482 0.051751
-0.158111 -0.033862 0.049482 -0.013772 -0.009350 -0.003557
-0.106437 -0.109329 0.011815 -0.006671 0.014067 0.000427
-0.053283 0.032297 -0.000483 -0.087914 0.012807 0.031039
0.106338 0.085151 0.168931 0.040776 -0.016493 0.080979
0.063774 0.018044 0.066308 0.014756 -0.085704 -0.052162
0.062499 0.021132 -0.145817 -0.114291 0.022686 0.025589
-0.051076 -0.008655 -0.023721 0.018280 -0.001942 0.078244
-0.064528 -0.116280 0.039737 -0.042343 0.060377 0.073866
-0.022805 0.045893 -0.120863 -0.050487 0.007881 0.043125
-0.139874 0.005585 -0.043023 0.020087 0.127622 0.144390
-0.102537 -0.113022 -0.137405 -0.011961 0.010262 -0.002045
