-0.059471 0.025534 -0.018000 0.072853 0.053957 0.026065
-0.075265 -0.049719 0.100127 -0.000885 -0.005580 -0.005234
-0.091618 -0.058290 -0.007091 -0.086659 -0.014185 -0.136298
-0.125097 0.028368 -0.048745 -0.004491 -0.001959 -0.005484
-0.091963 -0.179535 0.152511 0.031825 -0.026908 0.037137
0.210814 0.209472 0.191434 -0.072353 0.113222 0.057829
-0.004748 -0.015901 -0.003506 0.026368 0.005501 -0.026575
0.076771 -0.106190 -0.214397 -0.011697 0.009749 -0.026593
-0.019908 0.078755 0.030280 0.038956 -0.011314 -0.040882
0.127014 0.148968 0.003037 0.117457 -0.110302 0.136441
0.011707 -0.021752 -0.017893 0.040585 0.003622 -0.017738
-0.051213 -0.122984 -0.059778 0.047692 0.059559 0.054437
-0.034170 -0.034819 -0.092535 -0.124312 0.040977 0.116611
-0.058136 0.201776 -0.005542 -0.005197 -0.005260 -0.006746
-0.068811 0.045132 0.173271 -0.053664 -0.044192 -0.052847
0.143714 0.141588 -0.089730 -0.027115 -0.039539 0.068303
0.014630 -0.011661 -0.006345 0.011517 -0.001947 -0.046911
-0.011416 -0.047575 -0.064242 0.055222 0.061920 0.110958
-0.025401 -0.053372 -0.004258 -0.074214 0.058100 0.034097
0.036210 -0.027673 0.074198 -0.020756 0.030014 -0.043814
-0.023773 0.145185 0.072884 0.043568 0.034526 -0.013997
0.004472 -0.000810 -0.002702 -0.024960 -0.114375 0.069452
-0.006821 -0.117171 0.138950 0.049202 0.002419 -0.060642
-0.000011 -0.030955 -0.016383 0.046989 -0.054493 0.051522
-0.025161 -0.059833 -0.035672 0.035578 -0.033692 0.033631
-0.079589 0.162549 0.155972 -0.087272 -0.023659 -0.033109
0.114584 0.195139 -0.213839 0.037118 0.097694 -0.001455
-0.122473 0.086702 0.116786 0.117255 0.080263 0.086572
-0.000595 0.021093 -0.030614 0.023146 -0.043679 -0.039271
0.141698 0.077157 -0.155652 -0.058797 0.072089 -0.029880
-0.085268 0.085944 -0.081253 -0.021255 -0.005745 0.052493
-0.209598 -0.112073 0.090025 0.032200 0.054973 -0.051400
0.020540 0.008182 -0.045267 -0.014023 0.006164 0.000188
0.052941 0.066386 -0.044708 0.030812 0.044336 -0.010204
-0.025359 -0.001364 -0.012711 -0.121179 -0.084212 -0.107580
0.175047 -0.191823 -0.026989 -0.050233 0.076218 -0.074369
0.040577 0.047708 0.034032 -0.058380 -0.077964 -0.112968
0.239192 -0.152205 0.056613 -0.062567 0.033132 0.072205
-0.004930 -0.060432 -0.108181 -0.033040 0.039309 -0.087206
-0.108417 -0.043027 0.141264 -0.014335 -0.052121 -0.042147
