0.067119 -0.031503 -0.121953 -0.038226 0.013064 0.019716
-0.017318 0.086865 0.115918 -0.124163 0.162396 0.146326
-0.004716 -0.010534 0.104421 0.167522 0.053745 0.093206
0.007591 0.041601 0.039411 -0.000568 -0.008527 0.004942
-0.064859 -0.070422 -0.033153 -0.171077 0.100691 -0.184482
-0.004931 0.029197 -0.024256 -0.110942 -0.214391 -0.075156
0.044749 0.076988 0.006307 0.215792 0.109224 -0.022950
-0.145503 -0.131016 0.025807 0.152528 0.182314 -0.103216
0.020381 0.016363 0.043832 -0.139878 0.151822 -0.179971
0.023824 -0.032312 0.017474 -0.127884 -0.133036 -0.100848
0.027781 -0.022590 -0.027904 -0.155261 0.003368 -0.098071
-0.029727 -0.032662 0.017296 0.040118 -0.047464 -0.041780
0.037377 -0.071418 -0.117530 -0.309440 -0.334382 0.104919
-0.033276 0.032478 0.011781 -0.219975 -0.066089 -0.168538
0.024254 -0.012265 0.060560 -0.119218 -0.172656 0.275837
0.014979 0.059666 0.035264 -0.007709 -0.008009 0.009196
-0.072005 -0.065326 0.036813 0.205827 0.179734 -0.033517
0.021052 0.058660 -0.061456 0.029969 -0.078126 -0.013223
0.033540 -0.063341 0.005916 0.027472 -0.151343 -0.036024
-0.096525 -0.058471 -0.067949 0.143241 0.063797 0.267446
0.066227 0.066069 -0.032922 -0.064895 -0.096977 -0.200182
-0.005130 -0.102527 -0.100232 0.104008 -0.105168 -0.219897
-0.054046 0.010385 -0.096088 0.029031 -0.075378 -0.128161
-0.024482 0.016216 0.001324 0.182055 -0.189200 0.154381
-0.001581 0.008991 0.049420 0.098378 0.068550 -0.045282
-0.120744 -0.101990 0.073887 0.170140 -0.167573 0.160728
0.021603 0.059927 0.056133 -0.067462 -0.165936 0.024794
-0.101642 -0.031085 -0.123228 0.390347 -0.110945 0.293617
0.033003 0.048874 -0.064956 0.076575 -0.201477 -0.200321
-0.000818 0.000802 0.000366 0.189523 0.203725 0.133268
-0.049904 -0.000396 -0.053063 0.287100 -0.181460 -0.158989
0.023049 0.011010 0.016144 -0.138340 -0.202598 -0.087487
-0.002076 0.002392 -0.032636 0.106082 0.043968 0.178208
0.078275 -0.003431 0.002340 -0.031730 0.090009 0.016367
0.004874 -0.050723 0.013933 0.033670 0.040705 -0.003789
0.081010 0.054749 0.013100 0.352569 0.182318 -0.222361
0.017855 0.010927 0.000158 0.010132 -0.069090 0.027646
0.014504 0.010910 0.010757 -0.207422 -0.127585 -0.141662
-0.071940 -0.014535 0.074384 -0.032962 0.033985 -0.010620
0.010401 -0.008894 0.005156 -0.118473 -0.007691 0.007374
