-0.014421 0.061969 0.032244 -0.050039 0.036446 -0.017694
-0.016244 -0.091305 0.008405 -0.159257 0.127598 0.097621
0.027925 0.027207 -0.015279 0.269534 0.172139 0.061536
-0.030150 0.035183 -0.092724 0.018716 -0.042971 0.055140
0.015451 0.029543 0.113497 -0.004693 0.005815 -0.005118
-0.003859 0.030321 0.030311 -0.283905 0.164898 0.252214
-0.021306 0.006437 0.023732 -0.115072 0.126471 -0.375861
-0.008337 -0.039323 0.015308 -0.030490 0.307641 0.328955
0.008374 -0.015397 -0.015313 -0.128423 0.151628 0.377380
-0.122517 -0.124421 0.142164 0.122590 0.076123 -0.299596
-0.049898 -0.013323 -0.029855 0.079383 0.080966 -0.158497
-0.030577 0.050332 -0.021241 0.093405 -0.128186 0.185917
0.052370 -0.039853 0.084589 -0.007663 0.192190 -0.079515
0.022296 -0.015571 0.000621 -0.081895 0.119562 0.098162
0.048129 -0.062390 -0.034453 0.436354 0.136059 -0.207184
-0.110753 -0.100100 0.071791 -0.285229 -0.431576 0.018799
-0.001166 -0.006953 0.000648 0.165877 -0.057517 -0.034081
0.032081 0.051637 -0.032914 0.245958 0.326242 0.099201
0.048460 0.011347 -0.060258 0.008200 0.182133 0.148249
0.008539 0.004329 0.022768 -0.289704 -0.311146 -0.102530
0.067889 0.038969 0.015698 0.010031 -0.015798 -0.010025
-0.046382 -0.051688 0.028923 0.027571 -0.076938 0.189224
-0.084214 0.001898 0.105673 0.154226 0.145792 0.129397
0.020316 -0.005142 0.006379 -0.245148 -0.325869 -0.278766
0.005707 0.014320 0.144674 -0.019170 0.219323 -0.062232
-0.078773 0.112083 0.006180 0.289760 0.231927 -0.257770
0.023424 -0.010530 0.015183 0.002360 -0.002271 -0.004950
-0.038438 -0.057285 0.050822 0.035563 -0.037678 -0.101747
0.027336 0.077740 0.032051 -0.329706 0.359367 -0.133763
-0.000779 -0.001098 0.001511 0.178449 -0.079200 0.222203
-0.002473 -0.007412 -0.009214 -0.090367 0.337192 0.139179
-0.106751 -0.066987 -0.128215 -0.034812 0.016657 0.021312
0.144338 0.017327 0.049477 -0.326207 -0.317406 0.042593
-0.013695 0.000785 0.018975 0.077656 0.119875 -0.038305
-0.029284 0.069763 -0.026864 -0.211932 0.099449 0.009779
-0.041393 -0.081491 -0.109727 -0.001984 0.305734 0.064017
0.061264 -0.090650 -0.077038 0.361924 0.345116 0.082471
-0.067318 -0.125862 -0.126497 0.020401 0.012254 -0.030257
-0.092717 0.138454 0.008250 0.124727 0.004341 -0.008239
-0.060160 -0.013309 0.133450 0.348377 0.333774 -0.306466
