0.032492 0.085783 0.022367 0.252306 0.062695 -0.171651
0.048798 -0.105734 -0.095120 0.006281 0.023671 -0.016302
-0.101978 -0.111417 -0.077723 0.217864 0.060837 0.137600
-0.075333 -0.040657 -0.076921 0.104681 0.235054 -0.289769
0.023952 0.002075 0.004092 0.064616 -0.136492 -0.009021
0.054670 -0.116094 -0.050482 0.113089 -0.122545 -0.116821
-0.005885 -0.161893 0.092070 -0.039227 0.005124 -0.008996
-0.002442 0.002198 0.003218 -0.250109 0.042043 -0.080317
0.014594 -0.034467 0.049978 -0.018499 0.001005 0.013952
-0.084992 0.006138 0.081283 0.026020 -0.138573 0.129081
0.061982 0.004845 -0.005018 0.049501 -0.100819 0.231829
-0.001412 -0.015773 0.002891 0.066806 0.166840 0.226802
-0.029056 0.003291 -0.008699 -0.000757 0.029152 0.000265
0.026650 -0.016781 0.029787 0.242048 0.034686 0.135749
-0.029416 -0.023876 -0.112380 0.082768 -0.081722 0.130596
0.124127 0.012354 -0.128723 0.002698 0.071309 -0.167786
0.004349 0.031674 -0.016343 -0.024904 0.043750 -0.043139
0.012943 0.007757 -0.002033 0.007582 0.046782 -0.051227
0.099642 0.070290 -0.012225 -0.009955 0.055370 0.183561
-0.009646 0.034270 -0.038910 -0.089576 -0.286796 -0.184020
0.033457 -0.052289 -0.029117 0.134139 -0.346973 -0.395784
0.053795 -0.112636 -0.038884 -0.031851 0.118743 -0.306566
-0.027447 0.027963 0.002595 -0.163654 0.240894 -0.291597
-0.082846 0.093996 -0.053193 -0.295181 -0.123815 0.260527
-0.016516 0.050514 -0.099822 -0.100395 -0.285450 -0.300548
-0.012063 -0.044060 -0.031022 -0.084787 0.251273 0.137472
-0.028664 0.050580 -0.038831 -0.005157 -0.014794 -0.010731
-0.115461 0.073904 0.055431 0.092622 0.347345 0.246516
0.000831 0.006559 0.078120 -0.030074 0.150048 0.020017
-0.003154 -0.008415 -0.009287 0.025187 0.087684 -0.046162
0.038886 0.058461 0.002120 0.049612 0.016657 0.054758
-0.139961 -0.131553 -0.114753 -0.139282 0.311878 -0.376723
0.081819 0.024906 -0.070786 0.297820 -0.351489 -0.267650
-0.154855 0.094072 0.001760 -0.138275 -0.019819 -0.030670
0.133595 -0.110118 -0.109011 -0.154478 0.077360 0.041517
0.021202 0.082363 0.081173 0.113268 -0.088046 -0.087397
0.136996 0.087725 0.061549 0.092906 0.318375 0.246101
-0.012438 0.019936 -0.008953 0.039347 0.016419 0.049542
0.055448 0.035472 -0.051109 -0.030130 -0.086801 -0.068368
-0.004466 -0.004162 0.037744 -0.063321 0.023327 0.089691
