-0.034242 -0.051575 -0.019384 0.128078 0.112332 0.043837
0.017965 -0.021402 0.048373 0.030151 0.115963 -0.199504
-0.004576 -0.004503 -0.007761 -0.095931 -0.049570 -0.047503
-0.003060 0.004684 0.006407 -0.043092 0.165713 -0.102533
-0.114106 0.053060 0.085604 -0.000383 -0.258269 -0.158965
-0.021817 -0.037851 0.010692 0.055859 0.056723 -0.018464
-0.123512 0.028895 0.116783 0.139306 0.246069 0.258185
0.008160 0.100350 0.096545 -0.015053 -0.263660 -0.121279
0.065863 -0.039180 -0.048256 0.213655 -0.162832 0.196441
-0.051936 -0.033372 0.030652 -0.262072 0.160839 0.241945
0.019641 -0.025520 0.006478 -0.002279 0.013729 0.008275
-0.023674 0.080702 -0.087363 0.009442 -0.072787 0.024522
-0.006266 0.036983 0.019681 -0.215928 -0.054488 -0.371261
-0.037290 0.079959 -0.092990 0.057321 0.023448 -0.121290
-0.035921 -0.141810 0.073065 -0.048062 0.069327 -0.114015
-0.008762 0.008879 -0.002217 0.072331 -0.129626 0.009280
-0.038297 0.073000 -0.067177 -0.042903 -0.307823 -0.074591
0.007253 0.011064 -0.012034 -0.060796 -0.023384 0.014322
0.044187 -0.096010 0.058320 -0.034681 -0.025885 0.228527
-0.056938 -0.026596 -0.044620 0.386001 -0.247298 0.052740
0.002848 -0.000476 -0.004960 0.171888 0.031168 0.035816
-0.049123 -0.005692 -0.040738 -0.137512 0.066753 -0.202903
0.009217 0.058358 0.040057 -0.100763 -0.188212 0.146936
0.015316 0.073307 0.022979 0.021899 -0.051625 -0.045792
-0.021337 -0.103920 0.022287 -0.007466 0.084217 -0.258777
-0.011962 -0.001228 -0.012804 0.006891 -0.050182 -0.073427
-0.014974 -0.012752 0.003094 0.127784 -0.093535 -0.071325
0.012278 -0.004582 -0.033007 0.442467 -0.265254 -0.184345
-0.132926 0.043690 0.132533 -0.285977 -0.219090 0.031179
0.009966 -0.009941 -0.012766 0.217767 0.138040 -0.123154
-0.122515 -0.098993 -0.093098 0.042810 -0.097779 0.088299
0.112136 -0.032914 0.062577 -0.142396 0.087434 -0.156696
0.059424 0.053656 -0.140855 -0.175857 -0.450619 0.079722
0.045049 0.028582 -0.043106 0.179644 -0.238932 0.138277
-0.018753 0.011879 -0.005874 -0.030961 0.028577 -0.091905
-0.080536 0.021063 -0.107573 -0.322148 -0.087994 0.168224
0.088991 0.091976 0.057873 -0.150528 -0.103768 -0.121555
0.073338 -0.097986 -0.015947 -0.091290 -0.353111 -0.240701
0.047461 0.023421 0.078684 -0.056973 -0.080129 -0.068536
0.028907 -0.102036 -0.081531 -0.104512 -0.074877 0.226779
