0.021152 -0.112629 -0.016983 0.177332 -0.257713 -0.240677
0.004023 0.007847 -0.004346 0.218882 -0.226402 0.073442
-0.009112 -0.011497 -0.012786 -0.013599 0.009025 -0.027609
0.009310 -0.045176 0.002692 -0.003066 -0.146659 -0.184844
-0.038189 -0.054551 0.054354 -0.212174 0.101627 0.301437
0.076643 0.095092 0.129914 -0.006170 0.002352 0.079647
-0.122579 -0.090182 -0.127544 0.210136 -0.011715 -0.233437
0.073645 0.064622 0.088908 0.088933 0.084187 -0.258630
-0.017692 -0.013560 0.024649 -0.406380 0.049022 0.449506
-0.061453 -0.051541 0.028491 -0.405300 -0.207805 -0.149847
-0.125620 -0.040630 0.061061 -0.035725 -0.025693 0.030777
0.097869 -0.013556 -0.105718 0.037135 -0.032041 0.002381
0.014464 0.025472 -0.018968 -0.023434 0.011655 -0.020156
-0.004080 -0.066811 -0.047161 -0.068503 -0.066036 0.022668
0.001011 0.001404 0.001243 0.133258 -0.083576 0.036940
-0.049074 -0.012631 0.022205 0.127621 -0.011528 0.015493
-0.013766 -0.045848 -0.076605 0.036708 -0.005755 0.248203
0.046851 -0.039552 -0.038922 0.044308 -0.039045 0.074308
0.102419 -0.085369 0.084930 0.030583 -0.006916 0.043065
-0.008867 -0.002176 -0.007772 0.002750 0.034701 -0.046186
0.135846 0.113986 0.007901 0.096710 0.090967 -0.077644
0.003091 -0.048643 -0.068896 -0.445097 -0.159779 -0.293227
-0.054398 0.047093 -0.025868 0.074405 0.127235 -0.030685
0.075411 0.015996 0.001226 0.145200 0.005451 -0.059719
-0.058072 0.037698 -0.086441 -0.149939 0.054444 -0.167550
0.010348 0.015891 0.008015 0.000094 0.008384 -0.032818
0.027527 0.009387 -0.010802 0.048928 0.033897 0.110324
-0.019131 -0.025373 0.013797 0.232990 -0.307811 -0.289175
0.086761 -0.121577 0.042672 -0.151696 -0.292109 0.153622
-0.020952 0.047990 -0.019639 -0.281628 -0.332584 0.115116
0.073994 0.063229 0.049442 0.167934 -0.091678 -0.258620
0.003572 0.001630 0.001772 0.016049 0.058412 0.088728
-0.094102 -0.025270 -0.012547 0.008118 0.075410 -0.088270
0.027908 -0.022289 0.026355 0.463612 -0.329203 -0.337218
0.011861 0.007532 0.008991 0.017394 -0.005400 0.015125
-0.013071 0.046977 -0.033630 -0.227323 0.228311 0.289576
0.005956 -0.000176 -0.000401 0.068501 0.182164 -0.162225
-0.069261 0.072759 -0.011007 -0.117173 0.136692 0.273403
0.011918 -0.010468 -0.013387 -0.214050 0.250068 -0.130863
-0.022799 -0.113892 0.027370 -0.107572 0.039623 -0.142561
0.000242 -0.006587 0.011247 -0.038934 0.014373 0.014623
