0.026279 0.012494 0.030198 -0.336187 0.206981 0.025936
-0.058712 0.008385 0.021123 -0.021675 -0.152751 -0.167852
-0.002191 0.005471 -0.004066 0.119520 0.180546 0.209743
0.051387 -0.047716 0.033913 0.181101 -0.204329 0.370091
0.036721 -0.052716 -0.112325 -0.130509 -0.249027 0.168830
0.044485 0.003306 -0.066702 -0.003821 -0.023082 -0.029242
0.016208 0.017707 0.008905 -0.177979 -0.148393 -0.163251
0.061522 0.045490 -0.065416 -0.262246 -0.420035 -0.047581
0.039459 0.096276 0.034878 0.014810 0.088158 -0.141596
0.015614 -0.011656 -0.039654 -0.104288 -0.227265 -0.102581
0.029740 -0.083816 -0.077966 -0.023519 -0.315085 0.119585
-0.027693 0.016824 -0.013472 -0.358474 -0.297642 -0.221836
0.050302 0.083080 0.001264 0.194343 0.096746 -0.114110
-0.028249 0.028138 0.013234 -0.265558 -0.413871 0.126132
-0.039248 -0.139677 0.080654 0.006617 0.001426 -0.009657
0.040991 0.007459 0.010859 0.058097 -0.093189 -0.074464
0.062465 0.006214 -0.042252 0.186947 0.182408 -0.106336
0.008836 -0.006047 0.008643 0.010596 -0.107226 -0.147030
0.015314 0.007017 0.085581 -0.004786 0.004409 0.001063
0.108920 0.078304 0.003807 -0.032347 0.063249 -0.091337
-0.035184 -0.055456 -0.040307 -0.069071 -0.268245 0.088482
0.016478 0.010366 0.012991 0.044472 -0.078487 0.134305
-0.035723 -0.101772 0.057020 -0.106296 0.018820 -0.165300
-0.039811 -0.052062 0.143367 -0.083673 0.003232 0.108453
-0.026223 0.017332 0.023930 -0.119821 0.086330 -0.067969
0.040978 -0.058015 0.000684 -0.287525 -0.112900 -0.019867
-0.004695 0.008225 0.009668 -0.143479 0.006151 -0.037183
0.080252 0.097910 -0.079523 0.060467 -0.004276 -0.017000
-0.003701 -0.001277 -0.005770 0.074006 0.250794 0.186385
0.057054 -0.057406 -0.049691 0.002279 -0.002236 0.003447
-0.030390 0.042571 0.035502 -0.049171 0.125903 0.132074
-0.087055 0.070589 0.001114 -0.269890 -0.096189 0.182409
0.081040 -0.012146 0.119610 0.427814 0.111177 0.256362
-0.010346 0.027117 -0.045514 -0.008663 -0.026591 0.006269
0.009575 -0.063267 0.092058 0.028010 0.006681 0.006878
-0.070543 -0.027731 0.170999 0.093420 -0.043322 -0.189366
0.051356 -0.035070 -0.051415 -0.441614 0.019437 0.464488
0.090329 0.103956 0.059313 0.029904 0.041450 -0.006984
-0.004011 0.088817 -0.009799 -0.006966 0.118991 -0.055273
-0.062316 0.031351 -0.021120 -0.016142 -0.061142 -0.091997
