-0.088461 0.058213 -0.056882 -0.293420 -0.450692 -0.026159
0.005756 0.003741 0.008000 -0.150906 0.176381 -0.016895
0.025266 0.040017 0.040645 -0.156311 0.125175 -0.188995
0.087287 -0.029551 -0.065186 -0.081909 0.292942 0.396511
-0.008254 -0.020394 -0.004618 -0.281439 0.225903 -0.283248
-0.073357 -0.129360 -0.040304 0.231874 -0.318479 -0.086164
0.074019 0.063862 -0.028965 -0.128157 0.163444 0.077090
0.121510 -0.025975 -0.027112 0.002120 0.110534 -0.103048
-0.120321 0.112605 -0.119257 -0.235801 0.221395 0.207242
0.034414 -0.107337 0.102711 0.172473 -0.189932 -0.216487
-0.006328 0.003200 -0.006501 0.481439 0.048463 -0.468981
0.020748 0.077700 0.112417 0.369940 -0.018823 -0.482085
-0.000046 0.019681 0.015414 -0.175690 -0.258125 -0.090733
0.129169 0.125514 -0.038633 0.001462 -0.003860 0.007197
0.007624 -0.103087 0.028366 -0.263584 0.459507 -0.390599
0.025585 0.009855 -0.042511 -0.396471 -0.021845 0.369378
-0.048974 0.043620 -0.086562 -0.007150 -0.019317 0.018903
0.101288 -0.050818 -0.023645 0.153487 -0.090515 -0.206275
-0.002428 -0.003449 -0.010772 0.077600 0.035478 0.160231
-0.006433 -0.030315 0.070260 -0.181302 -0.068432 0.222692
-0.008047 -0.005590 0.037612 0.253880 -0.130558 -0.132903
0.107352 -0.083354 -0.036285 0.093685 0.055037 -0.102540
-0.027717 0.130507 -0.019608 0.063731 -0.016170 0.137316
-0.010205 -0.019255 -0.011546 -0.033481 -0.021877 0.042967
-0.006184 -0.005989 0.002684 -0.064173 -0.184752 0.096886
-0.000578 -0.027012 0.002388 -0.008873 0.049892 -0.022297
-0.032427 0.043673 0.066013 0.093924 -0.011348 -0.007104
0.061692 0.019336 0.068870 0.281959 -0.028632 -0.383707
0.030538 -0.008069 -0.028073 0.046135 0.090429 -0.107289
-0.004310 0.040859 0.022986 -0.029405 0.057534 -0.031456
-0.045472 -0.022023 0.078660 0.025746 0.040381 0.054572
0.014870 0.023670 0.012192 -0.011468 0.118930 0.318048
-0.048740 -0.130157 0.086127 -0.023609 -0.032865 0.115894
-0.089245 -0.088199 -0.003673 0.180565 0.460020 -0.386887
-0.001061 -0.049490 0.038248 -0.129243 -0.289837 -0.115144
0.029258 -0.020223 -0.015105 0.087640 -0.026169 -0.042053
-0.022733 0.061975 0.056955 -0.024945 0.043011 -0.056395
-0.124248 -0.040430 -0.007328 -0.098469 -0.153134 0.140559
-0.068454 -0.067356 0.021717 -0.023609 -0.029916 0.038426
-0.011104 -0.037010 0.030336 0.347160 0.285321 -0.416557
