0.090948 -0.097334 0.091261 0.050182 0.125460 -0.128039
-0.030285 0.023299 -0.028865 -0.219793 -0.203412 0.054857
-0.132777 -0.086655 0.048442 -0.264852 0.208820 0.160511
-0.101153 0.052853 -0.104856 0.069885 -0.088935 0.111835
-0.010377 -0.041224 -0.024009 0.261542 0.125406 0.017922
-0.073793 0.111787 0.105766 0.003870 0.000766 0.002520
-0.047908 -0.006733 -0.037220 0.086932 0.204801 -0.033129
-0.077712 -0.030965 0.058039 0.109497 0.166635 -0.166534
-0.102185 0.102261 0.097279 -0.007335 -0.261377 -0.259152
0.047697 0.085439 0.018616 0.248312 -0.318189 0.413814
0.056097 0.058689 -0.101370 0.395912 -0.269397 -0.352301
0.040737 -0.005785 -0.153548 -0.027308 -0.270131 0.160164
0.058996 -0.023960 0.010477 -0.121010 0.080708 -0.005435
-0.016902 0.021355 0.002087 -0.040369 -0.242953 0.112883
-0.048371 -0.057702 0.032243 0.172266 0.032930 -0.026616
-0.134145 0.065032 -0.129467 -0.126535 -0.171528 0.085020
-0.094420 0.020553 -0.080851 0.033214 -0.028939 -0.035122
0.009018 -0.017922 -0.009058 0.345524 0.265722 -0.397816
0.034440 0.044806 -0.019852 -0.183958 -0.013760 -0.138725
0.037277 -0.084372 -0.021789 0.024092 -0.164242 -0.422502
0.053521 -0.007456 -0.074798 -0.247190 0.202427 0.052872
-0.012401 -0.019020 0.043703 0.300413 0.259389 -0.035384
-0.001311 -0.004360 0.001249 0.153082 -0.042777 0.132981
0.099794 -0.032076 0.039185 -0.323299 -0.134838 0.025305
0.010221 0.009712 -0.009311 0.070164 0.156799 0.405365
-0.006340 -0.099332 0.061145 0.409351 -0.355590 -0.094247
-0.041415 -0.053794 -0.041458 -0.002320 0.013906 -0.024413
0.002579 -0.001814 -0.005282 0.158777 0.118218 0.223780
0.067653 -0.059822 -0.085178 -0.125890 0.067856 0.244918
0.042795 -0.037134 -0.058352 0.110300 -0.030990 0.065130
-0.023975 -0.038860 0.000923 -0.011136 0.015271 -0.009540
-0.066912 0.005340 -0.009561 0.071672 -0.307013 0.110606
0.111397 0.101287 -0.078745 -0.186806 -0.165515 -0.106090
0.018918 -0.044105 -0.038824 -0.150818 0.345053 0.349500
-0.043539 -0.027329 -0.060864 0.214464 -0.191264 0.254199
0.035523 0.051211 -0.047525 0.419781 -0.053427 -0.241497
-0.023125 -0.007614 0.019768 0.033213 0.036904 0.014738
0.002328 0.000485 0.008187 -0.170615 -0.116770 0.117684
0.038552 0.023107 -0.024649 -0.011382 0.005239 0.007043
-0.009520 -0.006182 -0.006703 -0.087053 -0.271606 -0.250687
