0.027719 0.101405 0.110458 0.146489 0.109281 0.068304
-0.001547 0.013735 -0.007181 0.127463 -0.269316 0.229912
-0.017116 0.004276 -0.006744 -0.017049 -0.017944 -0.059555
0.012196 0.013111 -0.006078 -0.013555 0.034643 -0.125582
0.011018 0.030678 -0.086860 -0.206628 -0.050270 0.138216
0.011857 0.008168 0.004852 0.057674 0.147020 0.015732
-0.044065 0.122402 -0.109504 -0.366234 -0.432442 0.059545
0.053583 0.013700 -0.126791 0.085846 0.120778 -0.088246
0.004782 -0.054744 -0.064997 -0.067664 -0.076287 0.209638
-0.026224 0.043370 0.013197 -0.041622 -0.031857 0.035970
-0.008210 0.001652 -0.001759 -0.336645 0.333263 -0.081415
0.018521 0.003792 -0.037676 -0.010238 -0.006075 -0.044977
0.007684 -0.001807 0.003124 -0.216351 0.340204 -0.194855
0.001650 0.003126 0.000835 -0.002981 0.014475 0.066558
0.019620 0.003522 0.000652 0.492786 0.267299 -0.087433
0.044335 -0.027350 -0.026755 0.291039 -0.319663 -0.335273
-0.012957 0.006370 0.016625 -0.000168 0.008358 0.020743
-0.094039 -0.039125 -0.080959 0.039583 -0.164283 -0.080567
-0.000407 -0.000382 -0.000250 -0.066763 0.265566 -0.103204
-0.007232 -0.120399 0.137160 0.020064 0.029086 0.183379
-0.028792 -0.001222 -0.013556 -0.006412 0.036474 0.032109
-0.011735 0.064482 -0.043131 -0.011618 -0.038312 -0.148453
-0.010544 0.065416 0.067227 -0.004858 -0.049873 0.002836
-0.072794 0.091252 0.134550 -0.103947 -0.029712 -0.126152
0.025142 0.071531 0.003095 0.196429 0.299563 -0.169712
0.112723 -0.001152 0.024692 -0.138241 -0.045578 0.112554
-0.021157 -0.051147 -0.021750 0.269448 -0.251369 0.021696
-0.059506 -0.079848 -0.029512 0.038947 -0.166327 -0.050942
-0.057242 0.002299 -0.009362 0.229834 0.318177 0.057892
0.062875 -0.016617 0.103004 -0.280946 0.045871 0.057790
-0.060130 0.014332 0.092497 0.088709 0.001158 0.179584
0.087695 -0.062394 0.105285 -0.103354 -0.231915 -0.144411
-0.070554 0.067928 -0.125183 -0.026916 -0.067640 -0.151010
-0.000441 0.001040 0.000243 0.123602 0.401218 0.055923
-0.018167 0.021294 0.042945 -0.008205 0.020640 -0.250972
-0.061819 -0.057065 0.079662 -0.232559 0.126209 -0.234493
0.056689 0.092635 0.080215 0.228336 0.179482 -0.156641
-0.006841 0.005192 0.000860 -0.004126 0.068084 0.067570
-0.011681 0.083835 -0.100239 0.039161 0.041667 0.025089
-0.023805 0.038222 -0.035819 0.026636 0.300594 0.227084
