-0.141523 0.085893 0.106453 -0.008110 0.008890 -0.003863
-0.114175 -0.102540 -0.019322 -0.064677 -0.029209 -0.093919
0.055212 0.108921 -0.117395 -0.166230 0.008148 0.039044
0.038552 -0.003236 -0.009738 0.023408 0.023886 -0.039220
-0.013310 0.034482 0.024410 -0.043445 0.022355 0.007954
0.012116 -0.112279 -0.010030 -0.322996 0.314719 -0.065894
-0.022409 -0.027540 0.009562 -0.233004 -0.169789 -0.070473
-0.033400 -0.126834 -0.109967 -0.081144 0.014282 -0.046235
0.080227 0.078207 -0.058947 -0.099793 0.151970 -0.070200
-0.070090 0.084059 -0.029465 -0.004158 -0.133780 -0.032466
-0.003038 -0.011137 0.018089 -0.233915 -0.201120 -0.238932
-0.050050 -0.048914 0.020652 -0.123679 0.077974 0.157023
0.010958 0.012311 -0.006529 0.274488 -0.227800 -0.348028
-0.059368 -0.065366 -0.072818 -0.049770 0.253929 0.017101
-0.060611 0.026425 -0.030538 0.296557 0.248467 0.230772
-0.055543 0.009019 0.045765 -0.005416 0.011330 -0.041092
-0.000096 -0.001890 0.001236 0.056496 0.126598 -0.225115
-0.087927 0.101361 -0.110711 -0.096274 -0.077901 -0.006679
0.151563 -0.040460 0.153537 -0.070417 0.160760 -0.228022
0.017441 0.027452 0.006716 0.292879 -0.151011 0.198167
-0.041785 0.007516 0.058616 0.208069 0.202263 -0.105137
-0.050789 0.016130 0.008617 -0.084933 -0.065638 -0.110278
0.021612 -0.022137 -0.023648 -0.092778 -0.107165 0.137434
0.006941 -0.007286 -0.008835 0.305310 0.131478 0.002084
0.017034 0.060019 -0.056811 -0.118031 -0.094775 0.267070
-0.006577 -0.053410 -0.015765 -0.257242 -0.037589 -0.273923
-0.012577 0.027396 0.015986 -0.019362 -0.040024 -0.053745
0.037666 -0.049037 0.107562 0.037417 -0.063488 0.026449
-0.040938 -0.066363 -0.049514 0.001160 -0.000198 0.000428
-0.007898 -0.018305 0.017009 -0.064465 0.106052 0.156131
-0.001979 -0.013799 -0.025138 -0.047851 -0.105369 0.102842
0.152264 0.160211 -0.104743 0.133986 0.095970 0.016763
0.060905 -0.006611 -0.027090 0.131565 0.102126 0.057485
0.050903 -0.106940 -0.125088 -0.094849 0.078939 0.277969
-0.007909 0.063007 0.069340 -0.114657 -0.279594 -0.262828
0.136073 0.082194 0.039918 -0.008209 0.134034 0.028039
0.003141 -0.013437 0.018248 0.420215 0.129619 0.197619
0.095069 -0.099098 -0.109213 -0.403048 0.256191 0.302325
-0.030182 -0.079866 -0.043785 0.049255 0.116646 -0.279628
0.054253 -0.012298 0.056433 0.424824 -0.058830 -0.456876
