-0.012373 0.017792 -0.002796 0.122727 -0.004676 -0.190016
-0.006224 0.009861 -0.002811 0.136994 0.080661 -0.039304
-0.013290 -0.122450 -0.021782 -0.297301 0.080872 0.012300
0.034817 -0.076563 0.029260 -0.192859 0.189047 0.034969
0.128915 -0.058298 0.099026 -0.122402 0.147771 0.003493
0.073380 -0.119022 -0.024478 0.007319 0.022811 -0.025115
-0.127380 -0.124805 0.116529 -0.001568 0.028706 -0.000273
-0.011038 -0.004995 0.001272 -0.102956 0.073588 -0.452052
-0.049772 -0.036014 0.020944 0.331113 -0.455507 -0.277911
-0.090028 -0.003557 -0.116664 0.128066 -0.199441 0.155693
-0.054415 0.011296 0.088035 -0.052161 0.093412 0.155260
0.017276 0.114528 0.089595 -0.074269 -0.208681 0.010969
0.113848 -0.030915 0.047873 0.120523 -0.043982 -0.043044
-0.032369 -0.019037 -0.001718 0.378413 0.044446 -0.413033
-0.012085 0.044485 0.011934 -0.073187 0.225679 -0.259070
-0.035480 0.021601 0.050444 0.095490 0.017729 -0.004684
0.046001 0.078864 -0.056098 -0.113003 0.091039 -0.003283
0.151866 -0.113993 0.139033 0.231992 -0.066247 -0.105644
-0.004199 0.000864 0.003276 0.034919 0.003293 -0.029269
0.006747 0.020246 -0.046893 0.014536 -0.130125 -0.133527
-0.078711 0.159948 0.003213 -0.104272 0.094168 -0.217728
0.001607 -0.002461 -0.007392 -0.028470 0.154704 -0.003810
-0.071327 0.072920 0.042101 -0.081270 -0.052404 0.035461
0.000093 -0.018258 0.024446 0.147470 -0.145133 0.154078
0.067876 -0.096191 0.023297 0.080252 0.007812 0.087883
0.001158 0.155716 0.134946 0.103860 -0.105040 0.163591
-0.010037 0.003552 -0.009183 0.469499 -0.380636 -0.429399
0.130264 0.098732 -0.098675 0.150451 0.068525 0.026432
0.133451 0.084240 0.142035 0.025376 -0.004482 0.016686
-0.110434 0.103417 0.042290 0.151400 0.286440 -0.083767
-0.067313 -0.012555 -0.065407 0.134264 -0.094310 -0.206396
0.017782 -0.016881 0.029202 0.160355 -0.070306 0.001647
-0.015065 0.065468 0.119300 -0.316582 0.197659 -0.028190
-0.022284 0.044078 0.037281 -0.080686 -0.064835 0.022129
-0.055511 0.039744 -0.003753 -0.074546 -0.364342 -0.210768
-0.016312 0.017167 -0.019483 0.045694 -0.009637 0.093485
0.004428 -0.002601 0.020042 0.067939 -0.137872 0.083535
-0.027108 0.026695 -0.013615 0.004488 0.003966 0.064127
-0.018613 0.093866 0.061224 -0.139042 0.107921 0.122219
0.076268 0.013139 -0.046657 -0.009672 0.041516 -0.069048
