0.010300 0.000750 -0.005203 0.096452 0.056164 -0.126717
0.095258 0.064634 0.054110 -0.187663 -0.186321 -0.212077
-0.008848 -0.027412 -0.004581 0.049271 0.008171 -0.001754
-0.003364 -0.003611 -0.009165 0.062575 0.219802 -0.018155
0.025046 -0.005803 -0.034169 -0.147394 -0.229008 0.265004
-0.012321 -0.019011 0.010634 -0.129435 0.072270 0.131493
-0.017855 -0.079325 -0.119357 0.058959 0.002821 -0.016840
0.058789 -0.104262 -0.109721 0.217807 -0.155611 0.107238
-0.014754 0.097766 -0.129292 -0.149523 0.228992 -0.105037
-0.011032 0.005494 -0.016553 -0.296316 -0.173846 0.259973
0.011952 0.009616 0.008779 0.122297 -0.238439 -0.215902
0.103749 0.105888 -0.056295 -0.050827 -0.031426 -0.077698
0.026219 0.025345 0.021014 0.245100 0.021332 -0.094032
-0.016519 -0.033304 -0.039291 -0.013418 0.079493 -0.119721
0.007725 -0.000986 0.001822 -0.435335 -0.354565 0.196270
0.012395 -0.011245 0.003202 0.042678 -0.339717 0.314022
0.006454 -0.001589 0.023738 0.000381 -0.000681 0.000448
0.021028 -0.021807 0.005759 -0.014154 0.044333 0.392178
-0.079422 -0.072975 -0.110262 0.194365 0.073237 -0.129901
0.031677 -0.008690 -0.053966 0.044438 0.051767 -0.010007
-0.028155 -0.010456 0.053576 -0.119423 0.148782 -0.064025
0.138825 -0.108318 -0.010194 -0.280417 -0.451848 0.246753
0.140250 0.095546 0.066788 0.017103 -0.021070 -0.037899
-0.004887 0.002831 0.001104 0.218423 0.018226 0.277825
0.002033 0.090331 -0.047151 -0.017124 0.149305 -0.042986
-0.033759 0.095464 0.034759 -0.020797 0.026280 0.010595
-0.045329 -0.009363 0.032209 0.310392 0.027060 -0.266135
0.041743 0.045971 -0.040369 -0.277097 -0.095750 -0.063814
-0.087122 0.037241 0.089480 -0.247818 0.443940 -0.256854
0.064053 0.030104 0.046253 0.004841 0.026509 0.008695
-0.023396 0.008147 -0.003493 0.019563 0.147399 -0.191297
-0.000802 0.033910 -0.053789 -0.421661 0.114923 -0.323660
0.006095 -0.022138 0.031712 -0.209898 -0.174535 0.200239
-0.125587 -0.077592 -0.100468 -0.302112 0.310702 0.326894
0.093818 0.077968 0.103887 0.084470 -0.305175 -0.416760
0.140007 0.043204 0.018083 -0.035817 0.028751 -0.034263
0.023347 0.013406 0.009979 -0.048266 0.060630 -0.046563
-0.005904 0.006019 -0.005297 0.069186 -0.245148 0.253688
0.120313 0.079123 0.044712 -0.195312 -0.172107 -0.229721
