-0.017535 -0.118054 -0.126187 -0.087570 -0.474211 -0.313877
0.001073 -0.016249 0.018640 -0.060258 0.133246 -0.121919
0.006254 0.004331 -0.005490 -0.360431 -0.282900 0.124164
-0.025303 0.081211 0.022416 -0.364166 -0.398995 -0.008590
0.002783 -0.002745 -0.019418 -0.208555 0.041619 -0.023878
-0.000242 0.000443 -0.000148 0.181830 -0.074339 -0.184506
-0.038061 0.070010 -0.068377 -0.205000 -0.022784 -0.152368
-0.009691 0.054263 0.009350 0.199451 -0.155661 -0.186953
0.047976 -0.051961 0.050915 0.157605 -0.083743 0.217661
-0.052334 0.094562 -0.026745 0.021983 0.055905 0.125340
-0.023942 -0.007092 0.024161 -0.014602 -0.046979 -0.041143
0.034882 0.003144 0.030923 -0.025471 -0.080565 0.077160
-0.039239 -0.011615 0.086499 0.000635 -0.000571 0.001160
-0.000111 0.002156 0.006075 0.069790 0.071616 0.101969
0.005823 -0.043861 0.008156 0.023711 -0.010462 0.101777
-0.004796 -0.007891 0.077007 0.114379 0.215692 0.184568
0.033164 -0.035220 -0.014146 -0.164229 -0.060660 0.200483
-0.019096 0.100021 -0.038048 -0.012547 -0.036664 -0.037636
-0.001527 -0.002575 -0.006189 -0.054581 0.040029 0.039829
-0.010707 -0.009905 0.002365 -0.116571 -0.206249 0.049260
0.011271 -0.001552 0.022260 0.023004 0.239748 0.069434
-0.023761 0.101881 -0.022927 -0.049707 0.159298 0.172965
-0.007218 0.001275 -0.012941 0.138914 0.194305 -0.252408
0.052560 0.029707 0.065351 0.049241 0.064593 0.069193
0.089704 0.147677 -0.112821 -0.049300 0.024842 -0.117817
-0.159393 0.014411 -0.074697 0.171082 0.009955 0.152427
0.000848 0.146078 0.017914 0.081605 -0.160714 0.202990
0.012190 -0.084393 0.000531 0.013359 -0.010943 0.001252
-0.008789 -0.002743 0.007538 -0.190634 -0.254137 0.136544
-0.008858 0.045711 0.036908 -0.317753 0.156091 -0.303105
0.083004 0.039542 -0.109285 -0.000084 -0.001016 0.001454
-0.006234 0.007374 -0.033938 0.335635 -0.260395 -0.096429
-0.008135 -0.006961 0.004982 -0.048195 -0.251473 -0.256167
-0.052754 -0.013862 0.046414 -0.161678 -0.080503 0.302570
0.068708 0.053763 0.046597 0.039429 0.092865 -0.092566
0.132274 0.026841 -0.064404 -0.213585 0.015800 -0.328819
0.035101 -0.007517 0.076412 0.047659 -0.004064 -0.104010
-0.007165 -0.005402 0.006018 -0.137986 0.014448 0.047060
-0.105880 0.088257 -0.106677 -0.015618 -0.109145 0.207119
0.000568 0.001597 0.000742 0.011396 -0.097580 0.164320
-0.014839 0.009967 -0.000217 -0.109734 -0.135268 -0.042855
