-0.024444 0.001949 0.037990 0.039043 -0.039005 0.018950
-0.010358 -0.013008 -0.006113 -0.086421 -0.115298 -0.060022
0.067278 0.004525 0.121955 -0.317370 0.112174 0.070816
-0.059984 0.024221 0.050471 0.189089 0.144892 0.063252
0.042198 -0.058294 -0.044713 0.075526 0.063344 -0.206982
0.001072 0.000344 0.043191 -0.237178 -0.398938 -0.286589
0.135325 -0.010931 -0.048752 0.049815 0.273880 0.172734
0.027259 -0.032414 -0.022809 -0.114822 0.068314 0.199199
0.007887 -0.010786 0.038742 0.095885 -0.407663 0.061921
-0.018311 0.009810 0.026232 0.090825 0.033653 0.205682
-0.002576 -0.009688 0.018761 0.171552 -0.116897 0.155611
0.067597 -0.018518 -0.077662 -0.390997 -0.264672 0.194907
-0.052703 0.111194 0.094071 0.012236 0.278597 0.203943
-0.038748 0.064956 -0.014000 -0.014668 0.072281 -0.052666
-0.003883 -0.031174 0.001938 0.081531 0.130161 0.319555
-0.014748 0.017823 -0.067118 0.140208 0.076029 -0.062916
-0.000104 -0.001359 -0.001615 0.029662 0.025438 -0.000746
-0.018316 -0.002969 0.003452 0.338166 0.074819 -0.040769
0.006615 0.014912 -0.027207 0.020316 0.000397 -0.018260
-0.089837 -0.029348 -0.101812 0.019346 0.004516 -0.098890
-0.021006 0.035356 0.023501 -0.151710 0.071720 -0.083807
-0.073712 0.077064 0.069905 0.006497 0.212395 0.191592
-0.035340 -0.067198 0.011520 0.128691 0.114540 0.147782
0.033160 -0.039296 -0.067519 -0.312246 0.390292 -0.322268
0.005203 -0.041972 -0.036139 -0.270946 -0.182962 0.433488
0.008872 0.003136 0.011190 0.015448 0.007710 0.015971
0.115593 -0.001331 0.046517 -0.017632 -0.016470 0.006617
0.035363 -0.031009 0.032998 -0.001478 0.002515 -0.003816
0.017217 -0.009593 0.019633 0.430875 -0.401825 0.234820
-0.040353 -0.042003 0.063108 0.115980 -0.125348 0.189263
0.013549 -0.002104 -0.023071 0.066390 -0.057267 -0.056797
0.010956 0.004716 -0.011466 0.065208 -0.020549 0.005861
-0.001456 0.028294 0.016537 0.132650 0.130914 -0.139602
-0.036644 -0.000853 -0.028168 0.240701 0.099003 0.105213
0.076772 0.054587 -0.017224 -0.182896 0.173765 -0.060606
-0.005990 -0.037226 -0.011311 0.325116 0.232503 0.321517
0.001867 -0.003652 0.000486 -0.063388 0.307303 0.363155
0.054770 0.024777 0.028594 0.019080 -0.007011 -0.054064
-0.045588 -0.014206 -0.143827 -0.132912 0.130619 -0.141185
-0.032479 0.016863 0.022910 -0.043849 0.047697 -0.045887
