0.006947 0.003323 0.009433 0.213160 -0.256968 -0.300832
0.010818 0.000282 -0.004570 -0.031695 0.120127 -0.124278
-0.040937 0.011730 -0.013328 -0.071258 -0.015750 -0.099496
-0.112632 0.004386 0.090047 0.060973 0.098114 0.070636
0.003733 0.070793 -0.042541 -0.014115 -0.067710 -0.071158
0.078063 0.023714 -0.033452 -0.068538 -0.106113 -0.227933
0.039351 0.040135 -0.034993 0.107705 -0.160188 0.131326
-0.000102 0.000288 -0.000492 -0.247288 -0.042019 -0.140201
0.053264 0.030647 -0.095289 0.036406 -0.049002 -0.019788
-0.017621 0.041833 0.099423 0.073556 -0.107536 -0.005619
0.018945 -0.016712 -0.016844 0.116797 0.025929 0.020096
0.033666 0.070236 0.060796 0.068752 -0.131476 -0.090264
0.067776 0.163186 -0.079013 0.100281 0.044465 0.163968
-0.001523 -0.043900 -0.033028 -0.060589 0.436502 0.279903
-0.018497 -0.024811 0.007717 -0.128479 -0.235180 0.092211
0.035436 0.055231 0.090919 -0.041041 -0.019707 0.013839
-0.101618 -0.036821 0.100389 0.031228 0.142622 -0.120683
-0.143756 0.114168 0.050022 0.339551 -0.211751 -0.199374
-0.040339 0.010720 0.001596 0.211599 -0.063172 0.090596
0.020953 -0.031126 0.049108 -0.047754 -0.171704 -0.007265
0.084207 0.075465 -0.010392 0.055627 0.093470 0.099077
-0.145592 0.154947 0.044045 -0.003132 0.051775 0.024398
0.120862 0.049052 0.002238 0.000155 0.000051 -0.000376
0.057993 0.060314 -0.006974 0.065272 -0.007831 0.160046
0.011481 -0.003044 0.051382 -0.025501 -0.084387 0.045146
0.032642 -0.011955 0.066816 -0.165119 0.201700 0.250198
0.038495 0.032634 0.007198 0.023163 -0.029152 -0.005580
0.007582 -0.064738 0.090376 0.194360 -0.359470 -0.127889
-0.116138 -0.139318 0.048771 -0.050124 -0.062371 -0.053208
-0.040136 0.013679 -0.020664 -0.308828 0.350291 0.293463
-0.000347 -0.010646 0.022345 -0.103034 -0.117942 0.135641
-0.113160 0.027968 0.002158 0.067986 0.130135 0.053503
-0.094194 0.076545 0.019578 -0.063186 -0.088856 0.078783
-0.037015 -0.045784 0.020398 -0.351588 -0.294131 0.109893
0.118026 -0.032764 -0.042474 -0.115308 0.097100 0.235195
-0.013783 0.010915 -0.006089 -0.275544 -0.271100 -0.300929
-0.020403 0.016890 0.038821 -0.067887 -0.004556 0.064638
0.027411 0.017082 0.052418 -0.017928 0.228947 -0.213037
0.003593 0.013070 -0.006173 0.042351 -0.311807 -0.026623
-0.066338 0.019449 -0.054978 0.009981 -0.020278 0.040624
