0.039139 -0.026431 0.020987 -0.263934 0.030549 -0.339946
0.030527 -0.080058 -0.053507 0.315877 -0.255970 0.023128
-0.032431 0.000425 0.066120 -0.122689 0.023638 -0.095493
-0.021276 0.007615 -0.028077 -0.095973 -0.084531 0.116059
-0.071406 0.098032 -0.041143 0.009626 -0.026528 0.078884
-0.013029 0.000625 -0.002120 0.045336 -0.074612 -0.010914
0.015345 -0.027536 0.002325 -0.008396 -0.008458 -0.006446
-0.075418 -0.092390 0.034946 0.078031 -0.362154 -0.344507
0.006819 0.004081 0.020379 0.311472 -0.114764 -0.016172
0.000503 0.000461 -0.000709 0.110599 -0.141552 0.221906
-0.063074 0.025516 0.050858 -0.104937 0.043043 -0.337677
0.001443 -0.011357 0.013075 0.152415 -0.268029 0.227952
0.025365 0.081897 0.049176 -0.056886 -0.152168 -0.139619
0.011345 -0.021191 0.014766 0.188321 0.470376 0.126023
0.019814 -0.003733 -0.039333 0.049137 -0.065077 -0.017876
-0.071225 -0.124217 -0.053006 -0.123544 -0.170187 0.041573
-0.014887 0.075525 -0.049396 -0.104219 0.076251 -0.140194
-0.008453 0.004709 0.007407 -0.166874 -0.092859 -0.176769
-0.003566 -0.000046 0.001453 0.015698 -0.054659 0.055756
0.091593 -0.025504 0.064709 0.070453 -0.100780 -0.045465
0.095966 0.073091 0.060854 -0.108018 0.091371 -0.064815
0.082234 -0.121173 0.028751 -0.029102 0.015719 0.080218
0.010141 -0.010420 -0.011528 -0.017762 0.029249 0.030572
-0.058139 0.021616 0.065338 -0.016090 0.120826 -0.149898
-0.014678 -0.064329 0.009577 -0.215490 -0.029555 -0.033360
-0.130074 0.027309 -0.103715 0.045702 0.110257 -0.093839
-0.098668 -0.106935 -0.041502 0.201095 0.075004 0.289858
0.109668 0.034179 0.117111 0.023204 -0.011359 -0.005333
-0.057809 -0.048798 0.036714 -0.059382 0.019407 0.074423
0.015525 0.016738 -0.018304 0.091976 0.224800 0.109250
0.061063 -0.134425 -0.040317 0.066797 -0.115283 -0.418351
0.002895 0.066828 -0.043656 -0.004492 0.016170 0.016472
-0.052669 -0.059191 -0.024427 -0.116090 0.285163 0.307001
0.060296 0.034329 0.039135 -0.253809 -0.289176 -0.141882
-0.067179 -0.074636 0.076856 -0.003228 0.017220 0.019889
0.006437 -0.004247 0.000829 0.043468 -0.033409 0.045821
0.036829 0.046018 -0.041134 0.097566 -0.270130 -0.270850
-0.029546 0.023166 0.045548 0.048075 0.116639 -0.080795
0.020850 -0.007396 0.004642 0.050479 -0.399744 0.280956
0.056242 -0.048524 0.028156 0.023451 -0.018819 0.040730
