0.043532 -0.023408 0.011944 0.348866 0.039787 -0.125696
0.046408 0.148660 -0.095810 -0.065407 -0.145080 0.009599
-0.127576 -0.125660 0.018402 0.381468 0.244532 0.317152
-0.052342 -0.012749 -0.032194 0.128789 0.082361 -0.004194
0.003084 -0.012065 0.010500 -0.039352 0.039240 -0.037236
-0.154578 -0.086206 0.032469 -0.253345 0.162953 0.268596
-0.093065 0.023322 -0.035398 -0.094279 0.120676 -0.165036
-0.085726 0.121672 -0.054807 0.031372 0.064334 0.032020
0.001972 -0.003221 0.003902 -0.151231 -0.180987 0.215213
0.095847 0.101033 -0.063665 0.045587 -0.093116 0.245837
-0.012007 -0.008446 0.003403 -0.066661 -0.059657 0.082432
0.030780 0.040269 0.033294 0.156171 -0.086865 0.005430
0.010483 -0.008172 -0.008448 -0.079611 -0.081028 -0.023497
-0.002455 0.006084 -0.006019 -0.000144 0.207747 -0.288650
0.068728 0.015253 0.056703 0.219915 0.277241 -0.049631
0.171697 0.168678 0.166370 0.003289 0.080971 -0.442458
-0.023056 -0.040091 0.039886 0.203453 -0.052739 0.006499
0.067524 0.001971 -0.018744 0.087124 0.074975 -0.088140
-0.027271 -0.060183 0.080961 -0.157007 -0.181543 -0.162359
-0.094738 0.081054 -0.003498 -0.040639 -0.153509 -0.029086
-0.023363 -0.013747 -0.023658 -0.090667 0.094447 0.118705
-0.124045 0.014365 -0.032422 0.141867 -0.098391 -0.121711
-0.067125 -0.025467 -0.020617 0.064450 -0.044902 0.133954
0.071783 -0.131800 -0.003820 -0.313766 0.293176 -0.216415
-0.002128 -0.127441 0.143703 -0.291447 -0.016438 -0.136510
-0.079826 0.133594 0.129066 -0.283760 0.255952 0.331445
0.001487 0.040879 -0.041313 0.003742 0.000896 -0.000891
-0.010972 -0.082336 -0.060763 -0.264755 0.416774 -0.229161
0.017510 0.041298 -0.032889 -0.177434 0.166325 -0.021205
-0.030567 -0.042417 -0.006573 0.003932 -0.001948 0.004331
-0.129793 -0.123681 -0.033995 -0.275022 0.222310 0.355076
0.017597 0.003155 -0.007624 -0.001793 0.071821 0.003207
0.090218 0.099604 0.092233 -0.117492 0.060893 -0.115628
0.000343 -0.003992 0.023932 0.006563 -0.299653 -0.158501
0.047168 0.066531 0.063195 -0.080771 -0.117153 -0.286722
-0.021821 0.065113 0.015041 -0.200169 -0.384125 -0.362412
0.047747 0.047711 0.040222 -0.075843 -0.042419 -0.017704
0.063044 0.074362 -0.044514 0.364267 -0.272587 -0.271683
-0.016763 -0.010035 -0.022040 -0.313739 0.352759 -0.044101
