0.024454 0.000676 0.006633 -0.224959 -0.021867 -0.240866
-0.028900 0.153141 0.007105 0.094135 -0.279989 0.105212
0.058412 -0.080490 -0.049134 -0.072924 0.098304 0.084147
0.003864 0.027440 0.016361 -0.133318 0.139875 0.111326
0.015901 -0.082486 0.001570 -0.311528 0.385042 0.339861
-0.029902 -0.038679 0.006194 0.155214 -0.026830 0.084113
-0.095447 0.136923 -0.081996 -0.258871 -0.178243 0.193873
0.029426 0.053595 -0.070969 0.173621 0.151306 -0.360300
0.054063 -0.014145 0.054738 0.050303 -0.025468 0.053203
0.135667 -0.059744 -0.060717 0.210254 0.115576 0.236061
0.092305 0.012918 -0.011586 0.021662 0.021688 -0.013711
0.024876 -0.015842 -0.001619 0.054096 0.015682 0.033678
0.109736 0.062436 -0.103336 -0.086995 0.226687 0.250489
0.036617 -0.107411 -0.076507 -0.254775 0.238116 -0.193903
0.021473 -0.008900 -0.017009 -0.155135 -0.191251 0.068663
0.010863 0.037449 -0.095262 -0.352448 -0.202124 -0.250859
-0.075545 -0.108492 0.028945 0.026300 -0.111934 -0.058907
-0.045223 0.005341 -0.015676 0.001131 0.014531 -0.065280
-0.016253 -0.007932 -0.019107 0.075832 -0.136355 -0.179235
-0.038529 -0.002269 -0.062227 -0.031304 -0.140086 0.155931
-0.001497 0.001278 0.000161 -0.156468 -0.019269 0.094929
-0.060622 -0.004558 0.101650 -0.397382 0.395041 -0.203510
-0.125532 -0.079776 -0.108811 -0.036713 -0.086968 -0.057801
-0.004518 -0.002139 -0.048428 -0.043352 -0.107285 0.040550
0.116722 -0.129139 0.157007 0.031755 0.275179 0.166810
-0.037828 -0.007531 0.010275 0.382350 0.122487 0.230991
-0.045430 0.093997 -0.070468 0.291396 0.269464 -0.218160
-0.001466 -0.019422 0.007343 -0.087476 -0.370706 0.015123
0.071257 0.077525 0.009922 -0.105759 0.261030 0.033832
-0.061350 0.119092 0.009145 0.025418 -0.323769 -0.372846
0.084474 -0.064852 -0.057944 0.062922 -0.204680 -0.177331
-0.070014 0.077604 0.013991 0.306644 -0.219070 -0.186927
-0.031070 0.003716 -0.018555 0.165530 0.087959 -0.121280
0.007407 0.049212 -0.073574 0.013167 0.022031 -0.037975
0.025310 -0.091577 0.027949 0.024708 0.029608 -0.006623
-0.097781 0.016138 0.100615 0.308349 -0.246242 0.173019
0.043416 0.017194 0.034683 -0.234738 -0.353870 0.295773
0.102835 0.029972 0.035276 -0.074108 0.012548 0.078546
0.011378 0.077466 0.075166 -0.401687 -0.375611 0.142700
