-0.001038 0.000869 0.003825 0.029795 -0.078361 0.002546
0.042190 -0.052101 -0.024836 0.074427 0.058211 -0.071147
0.102438 -0.084586 0.086135 -0.377217 -0.213075 0.456285
0.091412 -0.033773 0.048064 -0.018671 -0.013803 -0.029901
0.141574 0.124281 0.142023 0.070139 -0.170720 0.470072
-0.008683 0.070907 0.000070 -0.000265 -0.000214 -0.000352
0.011352 0.038640 0.107452 0.166415 -0.274936 0.100529
0.058851 -0.005092 0.021231 0.247755 0.323419 0.163708
-0.113141 0.096170 -0.058702 -0.232086 0.187845 -0.151468
-0.011531 0.009228 -0.036231 0.395576 0.275132 -0.286330
-0.042695 0.037318 0.081940 -0.041827 0.068808 0.026224
-0.108498 0.031549 -0.001482 -0.083642 0.082631 -0.226253
0.002256 -0.002454 -0.000927 0.075797 -0.066299 -0.114755
-0.030654 -0.033688 0.038670 0.040610 -0.025142 0.222879
0.092133 0.031361 -0.046536 0.019880 -0.008510 0.148097
-0.018533 0.022749 -0.004602 -0.245952 0.151873 0.272450
0.001326 0.040834 0.021302 0.018100 -0.072522 0.019597
0.046438 -0.017792 -0.024869 -0.004258 0.013616 -0.183538
0.056037 -0.014003 -0.123724 -0.052457 0.011416 -0.160755
0.001913 0.010547 0.010323 0.096497 0.170528 0.016909
0.057143 -0.032442 -0.027735 0.033889 0.034126 0.063161
0.077083 -0.140412 -0.107191 0.050028 -0.025053 0.005539
0.018997 -0.046155 -0.012595 -0.168590 -0.199011 -0.423799
0.006286 -0.013021 -0.006423 -0.021334 -0.032132 0.084439
0.108652 -0.076613 -0.009508 0.218208 0.221334 0.103562
0.040134 -0.012465 0.045048 -0.235795 -0.204532 -0.123782
0.008117 0.020557 -0.008566 -0.461632 0.437770 0.347280
0.008517 0.028138 0.022008 0.009634 0.016239 -0.008074
0.066825 -0.104201 0.043823 0.134752 -0.129734 0.090259
-0.078140 0.011822 0.021423 0.109510 0.305563 0.230548
-0.080535 0.080251 -0.110486 -0.406062 -0.332310 -0.114885
0.015158 0.026205 -0.004425 -0.068105 0.154059 -0.053608
-0.089375 -0.046850 -0.046318 0.132605 -0.013541 0.040606
0.118281 -0.035507 0.136573 0.003720 -0.032818 -0.006188
-0.041212 -0.049760 -0.037821 0.017604 -0.066446 -0.134412
0.062994 -0.024307 -0.037109 -0.040864 0.039786 0.126198
0.000244 0.000693 -0.000806 -0.061178 -0.019175 -0.105332
0.070162 -0.035744 -0.049195 0.002446 -0.001484 0.000904
-0.023889 0.018648 0.010504 -0.027616 -0.118217 0.074514
0.070039 -0.057775 0.038843 0.450175 0.456544 0.221669
