-0.000104 0.016048 0.012793 0.066613 -0.066504 0.062997
-0.036740 -0.059210 0.043186 0.003774 -0.057778 0.030615
-0.009454 -0.007390 -0.003914 -0.283896 0.145243 -0.145804
-0.077514 0.075553 -0.046900 -0.239027 0.264475 -0.018566
-0.138085 -0.132432 -0.108162 -0.102549 0.044808 -0.062384
0.011453 -0.059798 0.022941 -0.264624 0.230981 -0.233971
-0.060131 -0.002904 -0.023644 -0.036042 -0.054442 0.064380
-0.035324 0.076082 -0.040225 -0.039385 -0.349881 0.234760
0.020385 0.040711 0.029549 0.360075 0.140524 -0.046670
0.054264 -0.011956 -0.066170 -0.173331 -0.030996 0.101610
-0.024024 0.030907 -0.029522 -0.325555 -0.487128 -0.014380
-0.034244 0.118783 -0.026658 0.072003 -0.145104 -0.155349
-0.045715 0.053587 -0.014017 -0.226759 -0.050483 0.256960
0.035844 0.039034 -0.027326 0.118273 0.025371 0.002353
-0.055606 -0.008164 -0.045542 0.375584 0.073202 -0.057980
-0.047537 -0.081389 0.045121 -0.191105 0.252910 -0.237500
-0.104689 0.072473 0.125074 -0.049058 0.033692 0.017495
0.052118 0.062110 0.017758 -0.001374 -0.003761 0.000462
0.037945 0.053305 0.012091 -0.001755 -0.005471 -0.004717
0.071911 0.106651 -0.000080 -0.256803 -0.453139 0.245508
0.143337 0.040370 -0.101660 0.002110 -0.097608 0.067074
-0.038776 0.012994 -0.040354 0.048266 0.015539 -0.020715
-0.031982 0.032932 0.026751 -0.135646 0.127699 0.385720
-0.006887 0.012697 0.008621 0.017623 -0.067969 -0.024419
0.094812 0.031274 0.047455 0.024770 0.057745 0.058615
-0.120714 0.055793 -0.130050 0.311262 -0.189205 0.046277
-0.087855 0.063313 -0.056283 0.009809 0.043733 0.012413
0.092506 -0.030161 0.062052 -0.112361 0.117045 0.289480
0.004545 0.000634 0.004430 0.075685 0.158186 0.292877
-0.077068 0.064901 0.038452 -0.006769 -0.073358 0.176290
0.101984 0.123300 -0.027855 -0.215336 0.366103 -0.088636
0.012993 -0.030538 0.025680 0.114019 0.012837 0.018351
-0.000129 -0.015161 -0.018180 0.123132 -0.066437 -0.140754
0.019120 0.068273 -0.067869 0.042365 -0.278537 -0.221290
0.007884 0.008591 -0.010558 0.190778 0.028779 -0.067412
0.076442 0.014821 0.126622 0.305840 0.007504 0.239798
0.029053 0.019270 -0.013431 0.028350 0.255004 0.231470
-0.144902 0.115744 0.000360 -0.005931 -0.044816 0.041415
0.000281 0.000218 0.000092 -0.180987 -0.012592 -0.035881
0.108149 -0.035767 0.057772 0.439831 -0.458268 0.006277
