-0.016641 0.021833 0.042934 0.154643 -0.104277 0.059623
0.104335 -0.078104 -0.028177 -0.032063 0.105073 -0.026078
-0.036848 0.047829 0.041351 -0.075870 0.087964 -0.074457
-0.038569 0.003982 -0.040708 -0.267554 0.225567 0.330768
-0.018892 0.002907 0.071844 0.252259 0.259932 0.058806
0.054479 -0.052487 -0.047744 -0.096846 0.107657 0.031156
0.007509 0.142739 0.140296 0.075378 -0.096639 -0.054776
0.145633 0.100683 -0.032999 -0.051732 -0.142324 -0.325179
0.023736 0.021001 0.032306 0.029127 0.055266 -0.019512
-0.086121 -0.132595 0.062422 -0.042663 -0.027711 0.167007
0.055986 -0.160772 -0.086144 -0.301665 0.161965 -0.028994
0.021355 0.004837 0.013331 0.287773 -0.333461 0.099967
-0.070537 -0.017571 0.015255 0.123748 -0.090866 0.120432
-0.010004 -0.011121 0.008691 -0.079675 0.090326 -0.054365
0.011110 0.011466 -0.010307 -0.325245 0.377268 0.106850
-0.006572 -0.011665 -0.049457 0.179764 -0.192669 0.217539
-0.065865 -0.067485 -0.052503 -0.042915 -0.049624 0.012008
0.022487 0.006633 0.024288 -0.010622 -0.004072 0.002423
0.034491 -0.050680 0.043376 -0.066358 -0.003105 0.026931
0.054510 -0.062614 0.046936 0.093743 -0.109406 -0.232222
-0.003809 -0.023603 0.009946 0.165440 0.114319 0.064361
0.050002 0.118479 0.076428 0.007342 -0.002719 -0.002369
-0.040778 -0.006907 0.041574 0.059033 0.042834 0.058258
0.080001 0.014319 -0.077591 -0.043254 0.098122 0.013813
0.063174 0.010107 0.030844 -0.239304 0.102878 -0.306854
0.011935 0.024176 0.005979 -0.106047 0.100848 -0.078635
-0.053429 0.033242 0.041284 -0.156468 0.134484 0.072032
-0.032523 0.030704 -0.108859 0.042211 -0.291151 0.264175
0.013967 0.005824 -0.008496 0.099372 0.065458 -0.125593
0.078379 0.020954 0.119819 0.026388 -0.008890 0.094184
0.054585 -0.026814 0.031213 -0.277930 -0.184817 -0.120954
-0.008732 0.012055 -0.019857 -0.091047 -0.046259 -0.020528
0.072495 -0.084413 0.103611 0.000758 0.093813 0.073969
0.002735 0.000706 -0.002220 -0.071962 0.265936 0.292836
0.033995 -0.056588 0.149947 0.120892 0.204003 0.220885
0.042256 -0.058991 -0.120779 0.071102 0.022675 0.018872
-0.001181 -0.003006 -0.008848 -0.329114 -0.030551 -0.193682
-0.021225 0.008909 0.023128 -0.143065 -0.181695 -0.145860
0.168522 -0.005449 0.128785 0.115368 -0.157620 -0.361160
-0.008365 0.037615 -0.036340 -0.019446 -0.038067 -0.011390
