-0.022446 -0.032952 -0.100542 -0.019967 0.035787 0.029780
0.063038 0.016950 -0.056030 0.327413 0.364787 0.084952
-0.020615 -0.073394 -0.059262 0.070267 -0.064057 0.017477
0.084380 0.033913 0.048667 0.367249 -0.138724 0.103457
-0.007586 -0.014590 0.007558 -0.107910 0.078792 0.070369
-0.021857 -0.030614 0.021630 0.112039 -0.001154 0.068477
0.001112 0.033094 0.041053 0.273840 0.064815 -0.408903
0.028210 -0.022045 -0.011828 0.144808 -0.126994 0.093669
-0.008138 0.009328 0.006065 -0.085899 0.033870 -0.021801
-0.012767 -0.008977 0.011900 -0.189212 0.098099 -0.047785
0.003169 -0.044885 0.066932 -0.037400 -0.026913 0.062763
-0.015999 -0.021927 0.037676 0.005542 0.002394 0.003843
-0.061524 -0.037346 0.059017 0.111628 0.076716 0.176098
-0.007775 -0.032789 0.065979 0.137401 -0.125899 -0.038715
0.008128 -0.050187 -0.039499 0.046193 0.086134 -0.090907
-0.027227 -0.005894 -0.080865 -0.222914 -0.249232 0.442830
-0.040656 0.036472 -0.100616 0.195827 -0.075895 -0.058181
-0.034817 0.009659 0.007091 0.003603 0.011833 -0.052941
-0.136054 -0.131085 0.117059 -0.342801 -0.216612 -0.031337
0.165655 -0.072546 0.165345 0.021024 -0.012780 -0.256342
0.035308 0.045442 -0.021998 0.171528 -0.110286 -0.040990
-0.025708 0.061937 0.038966 0.292776 -0.000479 -0.236865
-0.043859 0.032888 0.053589 0.013260 -0.009954 0.023403
-0.093408 -0.136562 -0.140109 -0.143412 -0.363308 -0.376212
-0.050930 -0.035450 -0.045493 0.007261 -0.057062 0.244567
-0.008284 0.005907 0.009251 0.019182 -0.203376 0.037071
0.090062 0.067362 0.047762 -0.048841 0.011707 0.015224
-0.062914 -0.128778 -0.094254 -0.415381 -0.314570 -0.204413
0.039667 0.019167 0.011184 -0.015793 -0.007632 0.018681
-0.039399 -0.030542 -0.027378 -0.131624 0.084798 -0.109433
-0.010774 -0.016015 0.008975 0.077987 -0.051176 -0.069525
-0.045516 -0.015487 -0.086930 0.083921 0.105379 -0.040272
0.080108 -0.134722 0.029590 0.273465 0.034345 0.090701
-0.062245 -0.037312 0.063262 -0.000153 -0.000538 -0.000764
-0.025028 -0.024571 0.069001 -0.004338 0.003954 0.002888
-0.117231 -0.031304 -0.004374 0.284324 -0.318647 0.281004
0.018597 -0.027364 -0.116555 0.214213 0.102074 -0.146547
-0.137282 0.001614 0.125081 0.188385 0.135972 0.228952
-0.006819 0.001921 0.009656 -0.127932 0.023990 0.055782
-0.014823 0.013425 0.012813 -0.176808 0.168851 0.112465
