-0.062206 0.040165 0.065056 -0.078841 0.192443 0.179596
-0.016722 0.004596 0.004803 -0.409697 -0.370749 0.082917
-0.026404 0.021283 -0.043324 -0.045716 -0.082430 0.026042
0.050184 0.109051 0.096616 -0.130710 -0.120439 -0.109890
-0.002235 0.007685 0.006140 0.055257 -0.052910 -0.079515
-0.002249 -0.000653 0.001821 -0.059360 -0.068188 -0.045204
0.004417 -0.016219 0.020021 -0.172869 -0.080610 -0.063135
0.004670 0.011948 0.030017 0.013375 0.022990 0.044705
0.000753 0.003076 -0.017683 0.024870 0.179227 0.109909
0.016487 0.142902 0.088968 0.111756 0.073898 0.156482
-0.051175 0.030316 -0.012192 -0.057771 0.052905 -0.007499
-0.005752 -0.004157 0.008043 -0.068003 0.211847 0.107529
0.025306 -0.009706 0.016052 -0.039448 -0.138939 0.069730
0.104473 -0.023549 -0.116452 -0.011157 -0.161013 -0.234895
-0.079646 -0.006366 0.018289 -0.395446 0.365156 -0.111291
-0.043414 -0.003104 -0.035361 0.003097 0.259505 -0.112536
0.081468 0.002466 -0.024135 -0.306262 -0.323715 -0.161998
0.001475 0.000056 -0.001510 0.106380 0.141424 -0.139194
0.053617 -0.076740 0.023093 -0.059999 0.139403 0.235086
0.044250 -0.039354 0.043104 -0.136446 -0.330291 0.050570
0.080250 -0.007275 -0.060044 -0.339573 0.171091 -0.290527
-0.006785 -0.119699 -0.008403 -0.038410 0.066517 0.025299
-0.070100 -0.081956 -0.070044 -0.003289 -0.034574 0.163030
-0.050796 -0.020510 0.050450 0.071467 -0.105694 -0.098014
0.003403 -0.001158 0.002394 -0.163458 0.191732 0.016077
0.027681 -0.045028 0.057752 0.098631 0.111909 0.077984
0.018869 0.007097 -0.021080 -0.048283 0.129283 0.206322
-0.038832 0.079271 -0.043414 0.177638 0.203420 0.407805
-0.078420 0.050350 0.007820 0.284304 -0.185036 -0.234467
-0.025245 0.034554 -0.001660 0.255629 0.049264 -0.247196
0.032534 -0.031787 0.051624 0.004131 0.116632 0.036579
-0.141223 0.081877 -0.087119 -0.087667 -0.145342 -0.110551
0.093102 -0.109957 0.067049 0.021127 0.005316 0.000118
0.058951 -0.094606 0.050556 0.082102 -0.080582 -0.019209
-0.033943 -0.097764 -0.011645 -0.068460 -0.181006 0.203492
0.003456 -0.001793 -0.005802 -0.081782 0.046910 0.006307
-0.006502 0.026984 0.002763 -0.085362 -0.039501 0.096500
0.095769 0.035229 0.091336 -0.272447 0.275876 0.058453
0.050532 -0.075725 0.024988 0.120905 -0.189133 0.156824
-0.051003 -0.121548 0.090565 -0.000477 -0.000002 -0.018226
0.028553 -0.106051 -0.095796 -0.171029 0.238514 0.217503
