-0.105220 -0.015255 0.047526 0.245415 0.024438 -0.055489
0.062547 0.023071 0.015162 -0.009821 0.009606 -0.000840
0.112046 0.075629 0.055371 -0.081828 -0.180780 -0.078742
-0.010122 -0.026179 -0.007052 0.134824 -0.006934 0.230093
-0.023181 0.009386 -0.014057 -0.026705 -0.067667 0.253068
0.005158 0.008479 -0.005173 -0.003297 -0.024478 0.041202
-0.041301 -0.022332 -0.020826 0.328804 0.100829 0.286881
0.052840 -0.060130 -0.008768 0.184057 0.082536 0.089802
-0.033108 -0.094812 0.070810 0.098583 0.020939 0.225161
-0.055498 -0.006892 -0.093673 0.380928 0.168374 -0.018007
-0.001575 0.002218 -0.000635 0.011082 -0.009630 0.009093
-0.036219 0.028797 -0.025115 0.025425 0.031616 -0.002800
-0.019861 -0.026418 -0.007589 -0.370796 0.351274 -0.206540
-0.086011 0.075571 -0.043496 0.028498 0.061137 -0.089815
-0.006037 0.001347 0.003776 0.004552 -0.024952 0.049468
-0.005815 0.042303 -0.035947 -0.157085 0.141187 0.145444
0.052725 -0.000332 -0.119678 0.083892 0.169235 0.021371
-0.002787 0.001831 0.001375 -0.195507 0.154157 0.019791
0.002956 0.002719 -0.002217 0.001750 -0.078618 -0.018425
-0.044053 -0.021875 -0.073907 -0.174614 0.321577 0.251332
-0.026791 -0.081201 0.037741 0.025581 0.023691 -0.022353
0.050454 0.005646 -0.051047 -0.113012 -0.111412 -0.105947
-0.123796 -0.063638 0.047545 0.321232 0.107471 0.315067
0.000847 0.006314 0.032727 -0.018015 -0.265462 -0.086402
0.015925 0.007373 -0.006937 0.198122 0.173810 0.087032
0.010425 0.008062 -0.019835 -0.080780 -0.269096 -0.152917
-0.041955 0.002384 0.026950 0.091086 -0.074300 0.083145
0.031621 -0.038691 -0.064483 0.060108 -0.073946 0.123371
-0.007359 -0.016149 0.040991 -0.046991 -0.003645 -0.054711
-0.022651 0.062971 0.005496 -0.077624 0.013034 0.021158
0.084077 -0.080170 0.046058 -0.061828 0.069102 -0.106108
0.006077 -0.025509 0.025284 -0.485251 -0.301489 -0.164749
-0.155531 0.127783 0.012737 -0.029361 -0.047334 0.090074
0.015529 0.074377 0.013351 -0.296003 0.051700 -0.005561
0.003906 0.005798 -0.007113 0.109448 0.421288 0.259766
0.042895 -0.009709 -0.015078 -0.126447 -0.190982 -0.051114
0.002661 0.010341 -0.007187 -0.058091 0.040140 0.000705
-0.083796 0.077166 -0.058398 0.064414 0.034124 -0.010964
0.003549 -0.001624 0.003034 0.005468 0.037772 -0.019665
0.035108 -0.023316 -0.022325 0.278612 -0.259262 0.166756
