-0.018241 -0.006835 -0.001031 -0.165487 -0.116382 -0.137692
0.039683 0.030844 0.030614 -0.057810 -0.101668 0.100072
0.012712 0.035366 -0.041921 -0.089440 0.081325 0.109256
-0.010671 -0.005225 0.010835 0.200758 0.181127 0.221996
0.006527 0.094061 0.065441 -0.103964 -0.128272 -0.130991
0.066428 0.007900 -0.079544 0.030280 0.057295 0.033280
0.012197 -0.021723 0.000192 -0.302470 -0.085879 -0.022393
0.000707 -0.000043 -0.000330 0.325473 0.127494 -0.098181
0.122269 -0.045760 0.073158 -0.200813 -0.274729 0.002137
0.013953 0.005531 0.008626 0.226865 -0.056089 0.120607
-0.137973 -0.043163 -0.018724 -0.014305 -0.110347 0.083000
0.067492 0.015602 -0.048616 0.041642 0.068193 -0.057822
-0.028451 -0.004784 0.042993 -0.052633 0.160014 0.001900
-0.050744 0.057659 -0.049694 0.143921 0.087915 0.067221
-0.127701 0.102095 0.025577 -0.268388 0.362432 -0.126554
-0.000654 -0.116449 0.140565 -0.135942 -0.089939 0.037914
0.041222 -0.016143 -0.036015 0.195724 0.150576 -0.037409
0.014036 0.064678 -0.076843 0.127032 -0.109237 -0.054979
-0.040004 0.001866 0.111122 0.005954 0.206365 -0.153039
-0.016540 0.109443 0.149160 -0.068216 0.002199 -0.094932
0.009563 -0.014291 -0.010036 -0.027648 -0.051724 0.036783
-0.000810 -0.020509 0.063781 -0.192136 0.017879 0.058002
0.062934 -0.006526 0.111749 0.149900 0.042994 0.019726
0.013076 -0.006061 0.007802 -0.130407 -0.375202 -0.174357
-0.014839 0.075283 0.008524 0.004407 0.004061 -0.020378
0.021653 -0.081810 0.051189 0.006208 0.006510 0.046878
0.002491 0.000440 0.003690 0.146598 0.012946 -0.039346
0.012075 -0.007610 0.018297 0.005382 0.004498 -0.006213
0.032487 0.036670 0.121087 0.069611 -0.010024 0.080451
-0.011796 -0.009994 0.048558 0.162324 -0.194795 0.196851
-0.006574 0.003687 0.016904 -0.457922 0.345155 -0.306379
0.095029 0.155783 0.076956 -0.012187 0.127027 0.159214
0.100669 0.079625 0.128747 0.074671 -0.058952 -0.193906
-0.068162 -0.107496 0.026396 0.396754 0.304699 -0.295230
0.014308 -0.025878 -0.011423 -0.065226 -0.164414 0.096152
0.030491 -0.014975 -0.020496 -0.438308 -0.413748 -0.209876
0.056738 -0.018781 -0.027913 0.127632 -0.205586 0.088950
-0.002419 0.000037 -0.001099 -0.174048 0.012417 0.021553
-0.039354 -0.025942 -0.040237 -0.060669 -0.001726 0.076080
-0.010686 0.066055 -0.013336 -0.058889 -0.030045 -0.010343
