0.112468 -0.147332 -0.005443 -0.069013 -0.000202 0.027646
-0.044502 -0.030328 -0.020780 0.386363 -0.153586 -0.140480
0.003050 0.004371 -0.001463 -0.258863 0.112685 0.108054
0.003362 -0.001134 0.093881 -0.003376 -0.016416 -0.112265
0.043271 -0.020102 0.065559 -0.041273 -0.035446 0.026996
-0.024598 0.012074 0.023631 0.164036 0.171017 -0.274120
-0.056275 0.040571 0.049714 -0.001143 -0.002424 0.011073
-0.064353 0.022065 0.058007 0.285413 -0.302928 -0.228642
0.014851 -0.031256 -0.063377 -0.321199 -0.118526 -0.363597
-0.060645 0.022190 -0.086376 0.175655 -0.143995 -0.181157
-0.037806 -0.015981 -0.041824 0.019596 -0.108554 0.244371
0.146771 -0.050646 -0.083567 0.287973 -0.247502 0.147464
0.022589 0.038672 0.067670 0.002675 0.030318 -0.022186
-0.029314 -0.012688 -0.054831 -0.010934 -0.003864 0.051408
-0.112596 -0.056106 0.014508 0.207652 0.155996 0.053645
-0.084993 -0.047327 0.062842 -0.381716 -0.241687 -0.264491
0.026216 0.078397 0.058673 -0.243794 0.251679 -0.129331
0.047315 -0.046386 0.048127 -0.208196 -0.133178 0.178752
-0.142277 0.048884 -0.100114 -0.007294 -0.010441 -0.010572
0.013529 -0.044826 -0.008115 0.085161 -0.019687 -0.386710
0.101114 -0.082209 0.101766 -0.074340 -0.084841 0.043270
-0.005838 0.035224 0.035374 0.053483 0.018931 -0.036173
-0.052432 -0.020814 -0.018163 -0.269059 0.196855 -0.106124
-0.063026 0.054794 -0.151770 -0.024936 -0.061492 0.028367
-0.073174 -0.019128 -0.108563 0.024605 0.099063 0.113280
-0.066069 0.028288 -0.057593 -0.071864 0.046445 -0.189673
0.093701 -0.081889 -0.011248 -0.335558 0.371206 0.049022
0.083657 -0.136819 -0.135080 -0.239966 0.231935 0.198875
0.000358 -0.003494 0.004022 0.097238 0.114444 0.014279
0.027065 0.009544 0.029106 -0.313024 -0.363498 0.413773
0.015903 0.002950 0.012299 0.296448 -0.333298 0.338725
-0.038597 0.056404 -0.012172 -0.199637 0.134530 0.142100
0.041550 -0.063781 -0.046121 0.031414 0.022278 -0.033269
-0.030649 0.027658 -0.001745 -0.111542 0.053390 0.100557
-0.050818 0.054304 0.014432 0.142869 0.004541 0.072053
0.123672 0.016785 0.019276 -0.257271 -0.053603 0.202557
0.061034 -0.057608 0.079966 0.005988 0.050949 -0.055380
-0.000282 0.000040 -0.000285 -0.054925 0.025869 -0.003439
-0.067760 0.078715 -0.027010 -0.053176 0.025549 0.001346
-0.000271 0.001129 0.001416 0.015263 0.013834 -0.043412
