-0.010639 0.043809 0.044286 0.028184 0.276354 -0.378053
-0.003782 0.073266 -0.019405 0.142848 0.377663 -0.328507
0.023272 0.043206 0.015026 0.101042 -0.115207 -0.156099
0.001639 -0.083107 -0.034198 -0.357261 -0.044541 0.097192
-0.052509 -0.061280 -0.044450 0.212404 -0.176359 0.103825
0.000540 -0.027447 -0.026396 0.169607 -0.349060 -0.180323
-0.083430 -0.102495 -0.123532 0.108424 0.038909 -0.118505
0.014825 0.107966 0.123111 -0.177244 -0.108898 -0.044389
0.029863 -0.006437 -0.030295 -0.185081 -0.223755 0.180365
-0.020134 -0.013431 -0.030458 0.111989 0.068810 -0.273505
0.064952 0.163158 -0.065511 -0.239633 0.038905 0.292838
0.027784 -0.029374 -0.014752 0.060968 -0.086464 -0.071935
0.010505 0.004516 0.009361 -0.072724 0.074771 0.048283
-0.081200 -0.052880 -0.023094 0.351713 -0.241006 0.060469
0.057052 -0.060723 0.019325 -0.035447 -0.044192 -0.035522
0.026024 0.018765 0.022863 -0.467741 -0.114593 0.083716
-0.006704 0.019911 -0.000212 0.147457 0.388017 -0.064038
-0.008025 0.009436 -0.014718 0.025735 -0.021478 -0.023623
-0.005216 0.031400 -0.027956 0.015531 -0.038296 0.084127
-0.024687 -0.003913 0.067116 0.066730 -0.321582 0.124765
0.046881 0.033095 0.021586 0.033178 0.113450 -0.225279
-0.014647 0.101029 -0.043261 -0.012189 0.053891 0.045095
0.055948 -0.064336 0.000718 -0.443335 -0.405572 0.004333
-0.041650 0.063471 -0.033050 0.148854 -0.000602 0.158847
-0.029914 0.021855 0.005108 -0.045502 -0.038553 0.024804
0.155989 -0.022415 0.118685 0.137257 -0.365101 0.094825
0.028303 0.121238 0.035557 0.029436 0.007157 -0.014239
0.032330 0.063933 0.053095 0.052440 -0.162703 0.092943
0.111548 -0.062516 0.017116 0.064563 0.066699 -0.187459
-0.130064 -0.064291 -0.009247 0.054801 -0.024893 -0.230597
-0.049054 0.086688 -0.068213 -0.006071 0.006319 0.003192
-0.005180 -0.029475 -0.039173 0.210770 0.214108 0.172136
-0.074041 -0.098364 0.078551 0.120154 -0.251765 -0.327674
-0.013733 0.045562 0.005731 0.042784 0.087449 -0.001071
-0.093516 -0.087267 0.031731 0.239506 0.124112 -0.185920
-0.114089 -0.046975 0.036469 0.006940 0.008222 -0.036535
0.023183 0.024484 -0.028031 0.375165 -0.316546 -0.378566
-0.094196 0.053354 0.019490 0.003168 0.009763 -0.050784
-0.038258 0.036605 -0.022641 0.034036 0.039425 0.052617
0.093401 -0.023718 -0.048505 0.300563 0.091771 0.363488
-0.008052 -0.021651 0.019389 0.264024 0.138319 0.143973
