0.077340 -0.048399 -0.019470 0.067579 -0.039116 -0.154044
-0.057689 -0.054032 -0.099780 -0.125437 -0.036034 -0.041008
0.004570 0.021008 0.005192 -0.008429 -0.010255 0.002614
-0.017018 0.090398 -0.078414 0.105643 0.115572 0.068692
0.148965 -0.053158 -0.056906 0.044668 0.006291 -0.015869
-0.097057 -0.072581 0.039591 0.012658 0.009993 -0.005227
-0.089451 -0.093073 0.041458 0.124145 0.144212 0.061574
0.017845 0.000441 0.039056 -0.080107 0.037740 -0.012577
-0.003957 -0.000105 -0.004882 0.018659 0.038242 0.150209
0.053280 0.079352 0.014663 0.029468 0.008565 0.248235
0.059816 0.167411 -0.047210 -0.150635 0.131922 -0.085672
-0.130405 0.071752 -0.039146 0.121966 -0.093694 -0.264764
0.078014 -0.025294 -0.046737 0.302933 -0.056113 -0.200291
-0.007574 -0.047555 -0.057581 -0.030349 -0.067409 0.054376
0.085512 -0.019341 -0.025886 0.142620 0.174489 0.249053
-0.062422 -0.037398 -0.085166 -0.162997 -0.299303 -0.124533
0.111819 -0.011586 -0.109696 -0.040804 -0.267675 0.040006
0.127946 -0.024177 -0.053494 -0.008678 -0.055184 -0.019435
-0.019921 -0.000402 -0.045196 0.062435 -0.111235 -0.046946
0.037900 -0.034908 0.004154 0.003619 -0.031025 0.004487
0.054248 0.060129 0.093234 0.017953 0.076522 0.085945
0.062973 0.106553 -0.026067 0.248781 0.232100 -0.014097
-0.117803 0.045833 0.015687 0.186698 0.030401 -0.179428
-0.019625 -0.015971 0.010040 0.002035 0.001823 -0.000079
0.021884 0.062046 0.036498 0.208211 -0.013012 0.161444
-0.079038 0.005276 0.099187 -0.071165 -0.022019 -0.054575
0.049961 0.068640 0.062921 -0.025308 0.034996 0.222425
0.049751 -0.005303 -0.045428 0.196610 -0.387839 0.454685
-0.000137 0.000347 0.000032 -0.360492 -0.215739 0.121615
0.035264 0.119595 -0.032785 0.158670 0.007986 -0.041532
0.014221 -0.026860 0.023462 -0.107619 0.113621 0.098095
-0.108425 0.087780 0.072181 -0.001185 -0.081915 -0.065199
-0.065625 0.115988 -0.006072 0.147107 0.107591 -0.101252
0.037140 0.051022 -0.015217 0.021889 -0.055257 0.028068
-0.028929 0.009846 -0.049665 -0.108144 -0.265726 0.001240
-0.057866 0.013255 -0.055244 -0.306101 -0.319897 -0.442943
0.023335 0.115786 0.109313 -0.105016 0.048505 0.045663
-0.127101 0.065091 -0.082445 0.173839 -0.240833 -0.156180
0.061774 -0.049011 -0.031304 -0.381179 -0.379860 -0.139860
0.010099 -0.003166 -0.013206 0.120968 0.371876 0.094540
