0.083391 -0.088350 -0.090640 -0.045396 -0.089837 0.124361
-0.102074 0.079805 -0.082424 0.030459 -0.026856 -0.055908
-0.073421 0.036166 -0.017269 0.118674 0.053941 -0.100175
-0.003018 0.002247 0.002296 -0.236616 -0.169793 0.078776
0.103179 0.080746 -0.099723 -0.097353 -0.013321 0.063946
-0.014253 -0.012724 -0.031487 0.050817 0.011018 0.009880
0.010589 -0.006132 0.005201 0.097781 0.162544 0.324365
-0.088259 0.155536 0.122299 0.040619 0.081945 0.120967
0.086779 0.061542 0.105249 -0.320321 -0.183040 0.213766
0.042711 0.022324 -0.029456 0.100536 -0.277863 0.151702
0.039844 -0.047312 0.035019 -0.438081 -0.167780 0.258476
-0.011300 -0.007906 -0.078512 0.000124 -0.038519 0.027819
-0.041397 0.017860 -0.038582 0.021674 -0.032702 -0.258841
0.052259 0.020679 -0.124958 -0.019496 0.003974 -0.029671
0.053274 -0.042917 -0.035218 0.051369 -0.178724 0.204750
-0.060823 0.065298 -0.162960 0.206068 0.186159 -0.021515
-0.048161 0.026894 -0.020248 -0.140569 -0.056493 -0.014727
-0.031839 -0.150763 0.017017 -0.289003 0.256149 0.118647
0.081744 -0.062695 0.013275 0.126441 -0.157980 -0.085826
0.002768 -0.020665 0.078713 0.085452 -0.009704 -0.228205
0.005996 0.004426 -0.000724 0.184527 0.104111 -0.011939
-0.001830 0.046879 0.005021 0.411532 -0.413721 -0.375558
0.035466 0.127195 0.110817 0.089586 0.379680 0.235557
-0.010145 -0.022636 0.007281 -0.165687 0.219207 0.161908
-0.038302 -0.055773 0.038509 0.022136 0.186193 0.061777
-0.098482 0.117282 -0.109467 0.006488 -0.034155 -0.074378
-0.085494 0.060367 0.008102 -0.051791 -0.008435 -0.060105
-0.073791 0.064262 -0.109999 0.183446 0.143002 -0.397651
-0.056022 -0.097884 -0.052063 -0.323218 0.294331 -0.194023
-0.074381 0.074205 -0.037647 0.002923 -0.182819 -0.070150
0.016752 -0.044378 -0.022620 0.230372 0.121310 0.219612
0.050637 0.014107 0.033467 -0.027220 -0.303276 0.002728
0.002264 -0.005647 0.004161 0.245473 0.096262 0.084676
0.045906 0.016933 0.045134 0.042682 0.167172 0.098456
-0.003887 -0.005338 -0.006553 -0.045605 -0.155626 0.232333
-0.023895 -0.014945 -0.085894 -0.012332 -0.017510 0.007772
-0.031650 -0.029804 0.089255 -0.014854 -0.017707 -0.017549
-0.006957 0.078984 0.009385 0.076945 -0.233342 0.328912
0.028938 0.046798 -0.074748 -0.000975 -0.043164 -0.060345
