0.050627 -0.054872 -0.043932 -0.098090 0.075760 0.313023
0.032896 -0.118475 0.133373 -0.402050 0.342945 0.430899
0.035257 0.028964 -0.050468 -0.237275 -0.324604 0.030458
0.002274 -0.000320 0.001894 -0.180460 -0.008345 0.002386
-0.012999 -0.020358 0.023910 0.286286 0.010379 0.200615
-0.032794 -0.045497 -0.033779 -0.216036 -0.000173 0.064344
-0.006961 -0.011305 -0.005473 0.051425 -0.002008 0.117135
-0.022752 -0.014033 0.013020 -0.007974 -0.034692 0.017128
-0.002201 -0.004969 0.013128 0.006095 -0.328775 -0.077796
-0.029385 0.002131 -0.007016 -0.038997 -0.290494 -0.083547
0.046437 0.008811 -0.057369 -0.007083 0.021088 0.165440
0.058879 -0.092890 0.048618 0.006051 -0.018878 0.013016
0.111186 0.077285 -0.078746 0.270728 -0.263364 -0.108566
0.008455 -0.001135 0.003686 -0.372199 0.282083 -0.240149
-0.024135 0.045477 0.060897 0.246194 0.203217 0.053230
0.026917 0.000831 0.032188 -0.166630 -0.002101 -0.189578
-0.037264 0.021561 0.116668 -0.009335 -0.006677 -0.003351
-0.000705 0.004844 0.006204 0.064486 0.316487 -0.025770
-0.005876 0.001925 0.001390 -0.017018 -0.068040 0.130909
-0.071195 0.069331 -0.055979 0.005826 -0.039843 -0.042813
-0.003017 -0.004585 0.027016 0.129778 0.026914 0.128853
0.026439 -0.000679 0.000533 -0.020790 0.130203 -0.440678
-0.067005 -0.008647 0.012074 -0.152272 0.212393 -0.129844
0.050965 -0.051319 0.032882 -0.012843 0.001054 -0.001049
-0.045917 -0.029344 0.107954 -0.082352 0.066330 -0.087814
0.029447 0.145107 -0.109192 -0.073537 0.114822 0.075761
-0.030978 -0.035873 -0.045307 0.037934 0.112894 -0.111777
-0.123070 0.153300 -0.077331 0.286299 0.027959 0.116552
-0.134425 -0.101065 -0.031636 0.083862 0.164962 -0.135776
0.088390 0.002067 0.167623 0.116581 -0.075368 -0.006740
-0.037297 0.123806 0.091289 0.070598 0.136608 0.119006
0.027609 -0.090409 -0.094213 0.119982 -0.032673 0.109548
0.011260 -0.010318 -0.025543 0.049096 0.109790 0.172505
-0.056136 -0.127976 -0.133576 0.000326 0.003049 -0.001902
0.028502 0.136065 0.051414 -0.221308 0.132941 0.162735
0.069302 -0.124319 0.043049 0.318427 -0.066467 -0.200537
-0.017908 0.055234 0.024285 -0.090959 0.128841 0.153432
0.000020 -0.016274 0.021334 0.005655 0.197460 0.146622
0.143496 0.087730 -0.094376 0.101470 -0.167624 0.189501
-0.085727 0.067403 0.021668 0.101521 -0.262361 0.079541
