-0.015681 -0.015964 0.019785 0.355449 -0.246161 0.441106
0.001429 -0.008234 0.100848 0.172280 -0.215034 -0.183599
-0.005785 0.028882 0.015994 -0.229608 -0.078847 -0.243829
0.040297 0.011820 0.001390 -0.125799 -0.119297 0.185404
-0.013404 -0.004184 -0.015456 -0.035863 -0.009139 0.065116
0.017462 0.098353 -0.005455 0.082495 0.016123 -0.135826
0.016181 -0.001815 -0.014063 0.333265 -0.336348 0.152642
-0.137205 -0.010887 -0.137463 0.009705 0.050328 -0.044442
0.107392 -0.086449 0.000450 0.204536 0.185980 -0.307983
-0.001017 0.007567 -0.008457 0.218461 -0.026751 0.139449
0.000455 0.000252 -0.000356 -0.010478 0.001471 -0.016109
-0.009265 0.132332 0.070652 -0.153991 0.023109 0.100383
0.004315 0.051071 0.023982 0.147194 -0.172923 0.106863
0.125959 0.098587 0.053422 0.064882 0.158770 -0.010664
0.003603 -0.044622 -0.062281 -0.000846 -0.067607 0.038885
-0.038507 0.055652 -0.087241 -0.025151 -0.064197 -0.049972
0.142931 -0.033827 -0.112457 -0.324609 -0.158057 0.155907
-0.105208 -0.029181 0.121413 0.159944 -0.192787 -0.271418
-0.114950 -0.143115 -0.159878 0.000406 0.003491 0.000171
-0.046633 0.052432 0.057926 -0.045922 -0.141684 -0.038478
0.036076 -0.067610 0.149321 -0.023702 0.025983 0.001874
-0.006456 -0.013837 0.007426 -0.027898 -0.156927 0.190551
0.003260 -0.001545 -0.001566 -0.414175 0.392585 -0.202959
-0.006093 -0.013764 0.013025 -0.200729 0.007249 0.362718
-0.040088 0.019339 0.015596 -0.102013 0.156160 -0.023155
0.002131 -0.001066 -0.001477 -0.106914 -0.005555 0.041952
-0.001489 0.025769 0.040383 0.100309 -0.033359 -0.086047
-0.084053 0.012644 0.094155 -0.006890 0.014369 0.002845
-0.011479 0.003820 -0.006851 -0.057452 0.061855 -0.097097
0.013883 -0.016458 0.002767 0.017004 0.038519 0.010037
0.019465 0.004802 0.038377 0.100029 -0.135834 0.135467
0.028777 -0.032304 -0.017972 0.023830 -0.082652 -0.003652
-0.020744 -0.020930 -0.051274 -0.150329 -0.100025 0.027587
0.043402 -0.060792 -0.012485 0.020821 -0.091449 0.099701
-0.097467 0.036399 0.094175 -0.010280 0.105994 -0.081590
-0.015507 -0.017496 -0.004322 0.076438 -0.060350 0.137374
-0.012351 -0.005582 0.009583 0.012059 -0.041954 -0.001065
-0.006170 -0.003703 -0.009188 -0.005379 0.007464 -0.006874
0.079184 0.021707 0.013626 -0.159372 0.197457 -0.005994
0.000494 0.048772 0.046632 0.211733 -0.055922 0.335408
