-0.044491 -0.099288 0.110416 -0.168228 0.177551 0.179447
-0.064240 -0.034637 -0.081516 0.067005 0.038423 0.041877
0.142300 -0.126918 0.112748 0.388467 0.293788 0.387463
-0.003325 -0.000038 0.006237 -0.082033 0.118664 -0.011407
-0.059449 -0.007361 0.039141 0.003310 0.013017 -0.009937
-0.033782 0.009564 -0.038639 -0.004033 -0.180929 0.016385
-0.011757 0.058434 0.033795 -0.033811 0.058997 0.151164
0.008131 0.003308 0.007317 0.281737 0.020372 -0.304510
0.061647 -0.025866 -0.023393 0.442272 0.006207 -0.111006
0.058501 -0.067358 -0.074578 0.174289 0.111947 0.144206
-0.086925 0.043235 0.027782 -0.134073 0.283818 0.075004
0.020605 -0.045754 0.091013 -0.209035 0.236926 -0.107084
0.017031 0.095679 0.088654 0.294812 0.135257 0.133998
0.007910 0.004121 -0.007710 0.004527 0.004532 0.012581
-0.103378 -0.124844 0.010552 0.059129 0.240892 -0.099208
-0.037098 -0.051621 -0.053106 0.143515 0.132853 -0.181294
-0.006144 0.012778 0.022621 0.208187 0.263457 0.241999
-0.085583 -0.036868 0.077614 0.035353 -0.032072 -0.015270
0.105373 -0.024567 0.128617 0.030292 -0.011350 -0.016010
-0.026136 -0.018085 0.052068 0.077152 0.236382 0.161205
0.001810 0.007429 0.014525 -0.072909 0.241950 -0.293908
0.036214 0.046452 -0.027035 0.058749 0.033040 0.032217
-0.014203 0.004493 -0.006746 -0.008410 0.047322 0.243992
-0.124767 0.167918 0.008111 0.014443 -0.235008 0.116721
-0.003239 -0.013384 0.006481 0.000696 -0.000338 -0.003456
-0.102194 0.037154 -0.081385 0.171117 -0.031161 -0.184996
-0.063333 -0.073558 -0.046508 -0.084979 -0.150794 -0.134785
-0.038654 -0.020076 -0.039124 -0.010381 0.002057 0.019113
-0.040662 0.150136 -0.032099 -0.000739 0.306078 -0.325723
0.020966 -0.018509 -0.092194 -0.030707 -0.027816 0.046992
-0.001167 -0.000924 0.000782 -0.036651 -0.099886 0.388485
-0.020609 0.015175 0.034348 -0.391160 0.066257 0.228166
0.074780 0.003075 0.007692 0.031778 0.051338 0.042726
0.135289 0.136408 -0.031558 0.353618 0.287510 -0.016262
-0.041022 0.050485 0.004319 0.010291 0.145288 -0.109267
0.109992 0.011878 0.036720 -0.130359 0.017305 -0.044865
0.001114 -0.008651 0.008127 -0.110533 0.028652 0.050105
-0.064749 -0.046252 0.048276 0.174388 -0.082364 0.022478
0.106928 0.113563 -0.060778 -0.224606 -0.124966 0.091142
0.105042 0.125071 -0.106001 -0.092872 -0.019240 -0.187211
