0.024288 0.049938 -0.053762 -0.243534 0.025107 0.136087
0.103629 0.134173 -0.115807 0.015080 0.126105 -0.198691
0.018603 -0.015735 0.080378 0.000778 0.200942 -0.189164
-0.002088 -0.003882 -0.003361 -0.047818 0.143609 -0.307297
0.071904 0.027807 -0.093954 -0.185401 -0.210758 0.330730
-0.088732 0.058879 -0.056567 -0.081107 -0.004407 0.360653
-0.069348 -0.043307 -0.039653 0.027876 -0.039765 0.053588
-0.096756 -0.068954 0.021548 -0.060767 0.128544 -0.035086
0.000315 0.001302 -0.001466 0.341974 -0.116477 0.209620
-0.023448 -0.028539 -0.052735 0.138779 -0.052674 -0.015000
0.013262 -0.018979 -0.013973 -0.083916 0.085946 -0.058037
-0.037425 -0.018891 0.002371 0.225520 -0.194651 -0.111752
-0.017319 -0.006012 -0.018419 -0.025631 0.087359 0.058041
0.012384 0.023695 -0.039916 -0.003399 0.034006 -0.060942
-0.002270 -0.000800 -0.002875 -0.037823 0.402786 -0.104577
-0.002726 0.003025 -0.001048 -0.013255 -0.011256 0.018699
0.056953 0.001372 0.006058 0.014533 0.022905 -0.046683
-0.098992 0.010137 0.132876 0.179334 -0.034552 0.361241
0.050701 0.038158 -0.017170 0.134761 -0.179323 0.183153
-0.000323 0.053257 -0.013376 -0.250506 -0.126738 0.050105
0.013567 0.004883 0.036009 -0.172580 -0.008313 -0.112636
-0.052869 0.020866 -0.096484 -0.063963 -0.003462 -0.041658
-0.012582 0.023673 0.005434 0.069507 -0.056313 0.027005
0.114223 -0.087925 0.054999 -0.019319 -0.122461 -0.285861
-0.004270 0.081364 0.075516 0.151973 -0.273836 0.042524
0.096807 -0.072331 0.108958 0.139345 0.185069 -0.127884
-0.027323 -0.020343 0.025005 0.348802 -0.224012 -0.255897
-0.000004 0.021368 0.037698 0.014146 -0.038040 -0.060781
-0.014120 0.033198 0.003239 0.050340 0.152445 0.114164
0.103070 0.079628 0.008523 0.087136 0.157393 0.216908
-0.029235 0.012000 0.024486 -0.162804 0.296602 0.104512
0.009362 0.061941 0.033123 0.106002 -0.159563 0.041988
-0.039907 -0.041871 -0.014225 -0.016931 -0.002336 -0.189075
-0.149200 -0.003870 -0.042986 -0.002137 -0.004137 -0.007306
-0.041941 0.006295 0.009310 0.306971 -0.332598 0.031201
0.062127 -0.006581 -0.057350 0.177855 0.089772 0.272289
-0.020732 -0.097152 0.002095 0.006239 0.026224 0.019947
0.082624 0.002343 0.016111 -0.029267 -0.038155 -0.020244
0.073137 0.070586 0.078150 -0.162293 -0.188877 0.059112
0.119425 0.078536 -0.004077 -0.358322 -0.351722 -0.154863
