-0.061680 -0.106120 0.049691 0.071331 -0.008281 -0.024523
-0.089224 -0.002348 -0.085524 0.149414 -0.056973 0.473274
-0.028279 -0.031955 -0.006075 0.453378 0.210748 0.369150
-0.016214 0.033247 -0.080225 0.002797 0.113297 0.091949
-0.055782 0.036862 -0.043605 0.259990 0.110331 -0.197358
-0.007791 0.015424 0.015941 0.081344 0.058843 0.153547
-0.025885 -0.008832 -0.037293 -0.111302 -0.134099 0.099834
-0.028360 0.022182 -0.005223 -0.018617 0.070101 -0.027247
-0.026618 -0.021391 0.043946 0.074501 -0.086783 -0.108944
0.046755 0.053304 -0.059241 -0.152454 -0.045628 -0.272001
-0.057872 -0.125834 0.011680 -0.087976 0.047006 -0.045079
0.019568 -0.054848 -0.008289 -0.004671 -0.004882 0.002127
-0.107532 0.168071 0.111537 -0.009423 -0.008565 0.003192
-0.011367 0.014414 0.030254 -0.126587 -0.121486 -0.023521
-0.079245 0.081001 -0.075554 -0.071727 -0.203334 0.038437
-0.016663 0.126876 -0.006795 -0.115407 0.286345 -0.243440
0.018127 -0.017827 0.023864 0.174479 -0.104410 0.214178
-0.006552 -0.008930 0.001318 -0.183098 -0.187682 -0.047461
-0.015190 -0.046239 -0.078216 0.115768 0.082815 -0.004386
0.057488 -0.023146 -0.019941 0.181214 0.176665 -0.036380
-0.062176 0.068016 -0.074141 -0.041984 -0.033928 -0.071568
0.133133 -0.047899 -0.110363 -0.261363 0.207045 -0.178725
-0.023854 -0.064793 -0.015748 -0.120385 0.306900 -0.279314
0.087789 0.023761 0.106111 -0.061355 -0.060360 -0.077365
0.011389 0.091834 -0.034296 -0.068246 -0.042912 0.177805
-0.051266 0.031424 -0.013790 0.020714 0.243573 0.043999
0.029897 0.035523 0.014231 0.011573 0.406356 -0.141249
-0.008731 0.023343 0.002461 -0.280916 -0.275691 -0.249604
0.065112 -0.072904 0.006608 -0.009195 0.116354 0.116643
0.002521 -0.065482 -0.066770 -0.111399 0.363769 -0.336917
0.000398 0.001248 0.000957 0.174506 0.292553 -0.169963
0.006370 0.005527 -0.002852 -0.012221 -0.337793 -0.328019
0.057726 -0.093796 -0.034149 0.056105 -0.004419 -0.006626
-0.065428 -0.070566 -0.114605 0.000183 0.074620 -0.014156
0.027466 -0.024294 -0.037197 -0.128190 -0.356988 0.338242
-0.007023 0.016770 -0.003887 -0.163842 0.269926 0.328036
0.025531 0.074645 0.013249 -0.201187 -0.176617 0.314061
-0.052728 0.077224 0.021692 0.084546 -0.118253 -0.024165
0.044058 0.025726 -0.016381 -0.069352 -0.422567 -0.346184
0.027543 0.017096 -0.006823 0.021780 -0.039359 0.004550
