0.038153 0.000487 0.042005 0.040198 0.014799 0.223523
0.024733 -0.039849 -0.073526 0.106565 0.057341 -0.019038
-0.028817 -0.000879 0.000192 -0.002117 -0.247747 0.215513
-0.010117 -0.001923 -0.069870 -0.103806 -0.492554 -0.169233
-0.132240 -0.052134 -0.124970 -0.251719 -0.332289 0.049574
0.017059 -0.010577 -0.015757 0.026460 -0.200998 -0.259294
0.019642 0.033114 0.085120 0.063399 0.041011 0.138876
0.004565 0.038354 0.026208 0.216370 -0.286349 0.222803
0.114748 0.037991 0.049752 -0.145823 -0.128074 0.066288
0.002052 0.030664 -0.003307 0.341275 0.171060 -0.012858
-0.073384 -0.087580 0.090270 -0.222215 0.488447 -0.290459
0.001756 0.021655 0.012884 0.200703 -0.133631 -0.202333
0.045193 -0.006105 0.033136 0.001159 0.030531 -0.097313
0.019035 0.030302 0.041600 -0.104224 -0.014258 -0.028096
-0.024378 0.036196 0.014829 -0.101564 0.201016 -0.157567
-0.034756 -0.119037 -0.088799 0.224929 0.124113 -0.179015
-0.004886 0.010142 0.021369 0.059624 -0.119790 -0.098531
0.004530 0.003311 -0.000184 0.226205 -0.219802 0.204600
-0.031856 0.137867 0.003420 -0.376275 0.082013 -0.428318
0.030262 -0.008111 0.134572 0.201489 0.340522 0.212508
0.067437 0.054657 0.045441 0.069110 0.200494 0.250667
-0.001374 0.004010 -0.008827 0.088289 0.068554 0.050140
-0.069448 0.034885 0.024204 0.090332 0.274916 0.350453
-0.043616 0.026879 0.029451 -0.062478 0.037687 0.112325
0.101077 -0.078687 -0.090175 -0.131514 -0.133791 -0.033540
-0.001817 -0.005799 -0.000335 0.065388 0.283279 0.222093
-0.056708 0.060019 0.079602 0.093258 -0.043827 -0.049272
-0.000102 0.000182 0.000060 -0.354532 -0.002088 -0.081946
0.016364 -0.004072 0.049873 -0.252340 0.183710 0.217280
-0.037160 0.036022 0.000140 0.046662 -0.105484 -0.038257
0.003049 -0.009322 -0.013414 -0.359532 -0.069409 0.200751
0.062683 -0.087477 -0.061872 0.185634 -0.183339 -0.048788
0.018300 -0.009152 -0.001667 -0.185195 0.278509 0.362075
-0.071118 -0.018697 -0.030665 -0.075666 -0.037944 0.002293
0.028124 0.035939 0.062443 -0.307130 -0.309870 -0.204516
-0.022359 0.067368 0.029632 0.340870 0.091810 -0.201908
-0.066016 -0.071551 -0.011297 -0.024622 0.129735 -0.124575
0.054192 -0.000800 -0.039729 0.190278 -0.025404 -0.468813
0.031934 -0.053654 0.041619 0.083227 -0.044192 0.069511
-0.001537 0.007190 -0.046905 0.022811 0.075686 -0.047284
