0.096395 -0.044535 -0.132165 0.106502 0.058727 -0.053483
-0.092473 -0.099016 -0.054856 -0.055505 0.097114 -0.021200
0.079305 -0.141658 -0.020499 0.035641 0.480236 -0.520912
-0.008848 0.020942 -0.023209 -0.095984 -0.171717 -0.071753
0.048276 -0.058931 0.055991 0.006151 -0.018702 0.093684
-0.148853 -0.101740 0.052397 0.032144 -0.052259 0.066200
0.003707 0.016920 0.012581 -0.092234 0.048511 0.030165
-0.047353 0.044696 -0.014747 -0.138545 0.098923 -0.116879
-0.003293 -0.007423 -0.003023 -0.233128 0.219275 0.158083
-0.020305 0.001682 0.016388 -0.119877 -0.203396 0.252434
-0.025167 0.096823 -0.056906 0.012823 -0.019987 -0.025534
0.024604 0.006022 -0.023640 -0.124336 -0.170834 0.023350
0.140707 0.011864 0.006427 0.022183 -0.233418 0.141335
-0.010297 -0.005164 0.076845 0.035744 -0.069739 0.059876
-0.017959 0.070861 0.042796 -0.001168 0.001425 0.002688
0.062976 -0.073181 -0.084611 0.213115 0.263142 -0.002859
-0.001801 -0.001531 0.005225 0.003074 -0.018194 -0.015541
0.073024 -0.017671 -0.035509 0.113394 -0.121366 0.062713
-0.000166 0.015058 0.013446 -0.236716 0.350032 0.294811
0.009947 0.038702 0.005602 -0.017759 -0.010904 -0.058170
0.127428 0.038362 -0.014000 0.122345 -0.075306 0.054300
0.016434 0.000642 0.000788 0.064796 -0.089812 -0.090199
-0.004551 0.013831 -0.006983 -0.280235 -0.061156 0.244838
0.046248 0.031650 -0.000951 -0.103016 -0.130190 0.219323
-0.007957 0.019019 -0.047397 0.215443 0.149587 0.241003
-0.035988 -0.038460 -0.013329 -0.301693 -0.304489 0.056561
-0.068557 -0.061878 0.068128 -0.266684 -0.087367 0.200983
-0.010701 -0.069975 -0.007293 0.185572 -0.037994 -0.180743
0.028673 -0.035978 0.075555 -0.104375 0.224095 -0.043242
-0.089674 0.112480 0.049725 -0.084749 -0.044647 -0.065330
-0.080112 -0.131951 0.054370 -0.040184 -0.093175 -0.046274
-0.016844 0.026766 0.038573 0.231109 -0.124246 -0.052460
-0.019212 0.003331 -0.006040 0.124141 -0.203780 -0.117124
-0.010489 0.002055 0.002490 -0.026328 0.245882 0.044788
-0.133376 0.163993 0.091428 -0.021359 -0.133148 0.161634
0.065747 -0.100771 -0.099927 -0.195565 -0.084841 -0.178281
0.072209 0.096535 -0.143358 0.165954 0.487557 -0.378438
0.051637 -0.011850 -0.043594 -0.016579 -0.019710 -0.115113
-0.081627 -0.025813 0.058553 -0.256202 -0.130179 -0.274995
-0.028492 0.030438 0.041284 0.034940 -0.034836 0.029048
