-0.038618 0.083095 0.058144 -0.065195 -0.046053 0.070052
-0.089374 -0.060128 -0.001283 -0.035774 0.028807 0.036418
-0.045874 -0.077697 -0.138681 -0.126879 -0.026984 0.002795
0.087227 0.066218 0.034317 0.058423 -0.020348 0.077584
-0.025759 -0.110948 -0.007166 -0.034925 0.017586 0.025777
0.044314 -0.033641 0.091242 -0.066854 -0.056493 -0.108025
0.034793 -0.007554 0.060166 0.059121 0.069262 -0.077325
0.072561 -0.102126 0.042343 0.298349 -0.066038 -0.071555
-0.071514 -0.016487 -0.025510 0.285835 0.060597 0.195251
0.020138 -0.025404 0.009370 0.144625 -0.162206 -0.003340
-0.133138 0.063340 0.035783 0.167426 -0.123936 0.022583
-0.031540 0.023674 0.076927 0.147541 0.016782 -0.042094
0.015067 -0.022581 -0.006414 0.016680 -0.036606 0.036780
0.065966 0.011251 0.008966 0.333221 -0.125160 -0.147448
0.010808 -0.053257 -0.039625 -0.106945 0.468952 -0.181995
0.003129 0.035495 -0.013290 0.006053 -0.019085 0.006229
-0.020635 0.015010 -0.028860 0.006795 0.003760 -0.000447
0.101798 0.087794 0.004903 0.000892 0.013980 0.006194
-0.097012 0.041985 0.127223 -0.062400 -0.172302 0.143462
0.024446 0.031104 -0.039278 -0.095093 0.153029 -0.053469
-0.024218 -0.009244 0.000786 0.001259 -0.068019 -0.033886
0.045122 0.010604 -0.009310 0.034182 -0.376687 -0.071228
-0.014850 -0.011300 -0.031778 0.152958 0.188275 0.196797
-0.040520 0.017981 0.065545 -0.036405 0.012947 -0.099185
0.023793 0.010788 -0.019356 0.004170 0.001565 0.006826
0.151757 0.158513 -0.048784 -0.096136 0.439134 0.181439
0.003802 0.099819 -0.038778 0.444689 -0.024767 -0.369109
0.011568 0.004059 0.013602 -0.216107 -0.255883 0.046463
0.047009 0.133862 0.114347 -0.107331 -0.035152 0.060242
-0.062550 0.055167 -0.018137 0.364836 -0.108141 0.290057
-0.090335 0.028957 -0.023500 -0.028481 -0.077676 -0.051015
-0.055726 -0.075480 -0.047657 -0.098447 0.056264 0.004135
0.008866 0.052482 0.050745 -0.222430 0.313037 -0.223867
0.000812 0.002887 -0.002607 -0.044226 0.022597 -0.004081
-0.009558 0.006537 -0.013831 -0.120382 -0.181216 -0.067580
0.082591 0.012074 -0.032274 -0.357273 0.242932 -0.069934
0.143948 0.075217 0.135675 0.051906 0.043517 0.006287
0.025088 -0.005796 0.030230 -0.027848 -0.088263 0.040115
0.013781 0.010105 0.036260 -0.126793 -0.066963 0.114446
