0.069296 -0.120062 0.110757 -0.473078 -0.261758 -0.324762
0.131376 0.062330 -0.143175 0.205740 -0.240750 -0.009036
-0.022653 -0.018378 -0.016298 0.015200 -0.037504 0.019115
0.029007 0.018701 0.040748 -0.434528 -0.313444 -0.400226
-0.003130 0.002812 0.002973 -0.058901 -0.070721 0.027622
-0.035191 -0.041000 -0.021932 -0.033647 0.088854 0.182594
0.007429 -0.010217 -0.009447 0.008104 -0.009012 -0.021332
0.037698 0.036307 0.055342 0.071442 -0.104391 0.110517
-0.079324 -0.076903 0.053901 0.304899 0.140944 0.395493
0.004790 0.003296 0.000863 0.270928 0.059703 -0.207258
0.053872 0.155144 -0.105465 0.099415 -0.045751 -0.040604
-0.064477 0.099336 -0.097173 0.255848 0.262922 0.120368
-0.001013 0.001341 0.000580 0.010617 -0.142857 -0.017695
0.014727 -0.019321 -0.000629 0.459041 0.122223 0.035616
0.105919 -0.069463 0.000910 -0.006167 -0.010454 0.020497
0.032977 -0.047867 0.067338 0.013543 0.110369 -0.032379
-0.038848 -0.018672 -0.021039 0.003736 0.003565 0.001407
-0.031191 -0.046968 0.026988 0.099784 0.091471 0.139659
0.041807 -0.147384 -0.101282 0.235994 -0.077486 -0.294899
0.038037 0.014710 0.015442 0.090598 -0.007407 -0.127212
-0.095509 -0.069983 -0.024097 -0.041534 0.002962 0.215152
-0.016989 -0.063658 0.007653 0.147120 -0.174637 -0.209920
0.010417 -0.013271 0.014530 -0.073069 -0.113593 0.269877
-0.061571 0.040429 0.058587 0.219128 0.349704 0.016452
-0.038393 -0.072274 0.038152 0.078446 0.162721 -0.426436
0.008965 -0.019114 0.036218 0.037958 -0.032579 -0.257571
-0.033083 0.049433 0.037112 -0.085807 0.097551 0.088992
-0.132506 0.101929 -0.145317 0.197636 0.485467 -0.152810
-0.012474 -0.003754 -0.015177 -0.070615 0.151875 -0.065250
0.104602 -0.021477 0.042529 -0.028037 -0.107475 0.041760
-0.001341 0.000864 -0.000467 -0.079041 0.004649 0.127397
-0.101185 0.019451 0.064443 -0.013062 -0.013517 0.023542
0.103422 -0.072995 -0.058811 -0.103594 -0.014931 0.297303
0.017489 0.024676 0.034974 -0.019683 -0.033774 -0.026451
0.068456 -0.028281 0.069291 -0.107045 -0.171456 -0.177293
0.064413 -0.022822 0.062156 0.133323 0.048339 -0.108522
0.066230 0.119567 -0.077033 -0.024215 -0.011764 -0.014984
-0.008980 -0.005258 0.000922 -0.103477 -0.287247 0.067517
0.044686 -0.042501 0.037274 -0.176016 -0.179810 -0.180004
-0.045149 0.076105 -0.005981 0.158375 -0.215413 -0.149381
