-0.018355 -0.000718 -0.043752 0.069658 -0.026180 0.079182
-0.006781 -0.002578 -0.008228 -0.004462 0.014664 -0.040993
0.006279 0.005703 -0.003114 0.106823 0.112639 -0.026766
-0.010921 0.067075 -0.004277 0.202012 -0.059889 0.065122
0.041427 0.045180 -0.017109 0.394194 0.243761 -0.153626
-0.144915 0.141529 -0.081578 -0.011065 0.004222 -0.000632
0.083047 -0.055441 0.015751 0.023123 0.179098 0.087282
0.045866 -0.036643 0.120968 -0.100862 -0.129570 0.166087
-0.065870 -0.030189 -0.011436 -0.032238 -0.100294 -0.201909
0.081016 0.048992 0.068044 0.486629 0.218687 -0.308859
0.073639 0.153872 -0.042605 -0.234864 0.222473 0.085123
-0.006094 -0.002711 0.007765 -0.030851 -0.171999 0.124764
-0.014505 0.018167 0.013561 -0.110204 0.083108 -0.157386
0.038061 0.131883 0.025782 -0.000496 -0.000480 0.000446
0.044632 -0.018752 -0.060441 0.022119 -0.018990 0.018401
0.038970 0.026445 0.053567 -0.229319 -0.324240 0.176244
0.036020 0.001884 -0.068044 0.053257 0.057329 0.016126
-0.038320 0.008112 0.032973 0.369798 -0.347236 0.175822
-0.007272 -0.030517 0.046797 -0.054658 0.009708 0.124427
-0.024689 0.017995 -0.041382 -0.246058 0.144866 -0.068326
-0.104177 -0.067062 -0.019682 0.286972 -0.019584 0.204379
0.023180 0.034782 -0.043510 0.282044 -0.099535 -0.276288
-0.011908 0.019092 -0.012787 0.317230 -0.183334 0.078677
0.000817 0.035214 -0.015691 0.281059 -0.069249 0.365544
0.056680 0.089330 0.036650 0.108370 -0.035206 0.050858
-0.023288 -0.082985 -0.086624 0.027039 0.422263 0.304022
-0.001454 0.002339 0.004093 -0.026488 0.003868 0.021408
-0.001274 0.021278 -0.010458 0.363102 0.165299 0.207492
0.000701 -0.001800 0.000945 -0.031121 0.003618 -0.116244
0.109246 0.044852 0.008576 0.201880 0.181252 -0.138211
-0.056203 -0.125295 -0.104504 -0.370926 0.295641 -0.315685
-0.002934 0.002431 -0.001427 0.172455 -0.261063 -0.137371
-0.016452 -0.098529 -0.030659 -0.208829 0.437916 -0.065729
0.089279 0.019298 -0.018743 0.119155 0.047888 0.134983
0.021076 0.031175 0.031466 0.074093 0.082502 0.098115
-0.078518 0.007619 -0.087143 -0.134530 -0.142027 0.146670
-0.106562 0.118681 -0.123137 0.093915 -0.026858 -0.074412
-0.084775 0.082900 0.168192 -0.348337 -0.169227 0.045481
-0.121430 -0.080662 -0.049018 -0.063017 -0.118277 -0.234759
0.054197 0.040772 0.043617 0.093090 -0.336310 0.423844
