0.123241 0.032501 -0.072177 -0.165692 -0.133189 0.350433
0.033509 -0.076815 0.034955 -0.009252 -0.415282 0.001689
-0.002221 0.002838 0.000367 -0.008425 0.165868 -0.164725
0.022855 -0.032151 -0.006543 0.001513 0.281823 0.038510
-0.085183 0.139132 0.064459 -0.000187 -0.216366 -0.200919
-0.025081 -0.017799 0.022623 -0.116302 -0.312793 0.137718
-0.030213 0.009803 -0.024403 0.008986 -0.024993 0.028716
-0.016536 0.092455 -0.020063 0.025840 0.136326 -0.074762
0.058307 -0.069299 0.082283 0.138422 0.129990 -0.156763
-0.115547 -0.116685 -0.120723 -0.162936 -0.336787 -0.011765
-0.027900 -0.002832 -0.030805 -0.246938 -0.162495 0.133734
0.012982 -0.030166 0.009255 0.165186 0.267446 0.311661
-0.002086 0.011330 -0.004041 0.120100 -0.078751 0.080904
-0.085742 0.013276 0.025022 0.080352 0.081616 -0.078717
-0.002697 -0.022283 -0.010659 0.055332 -0.018599 -0.021682
0.002853 0.002220 -0.012274 -0.091567 0.052820 0.030256
0.027008 -0.033225 0.027538 0.144412 -0.106844 0.137365
-0.079511 0.091054 -0.088305 -0.121461 0.080622 0.083949
-0.058553 0.012663 0.087509 -0.331333 -0.270426 0.058909
-0.012307 -0.017031 0.040697 0.232792 0.449964 0.237839
0.022767 -0.020727 0.004491 -0.346542 0.157716 -0.456470
0.009943 -0.000138 -0.008956 -0.212533 0.064735 0.120386
-0.128793 0.079294 -0.099363 -0.295837 -0.080376 -0.303896
-0.154253 0.010509 -0.041498 -0.223831 -0.005045 -0.015666
0.159474 -0.125482 0.112820 0.021995 0.064540 -0.120093
0.006719 0.004202 0.008117 -0.166183 -0.093726 -0.221828
0.026037 0.033012 -0.035058 0.358053 0.372431 -0.382450
0.022759 0.008238 0.003672 -0.241637 -0.150550 -0.082506
-0.074934 0.160953 -0.086582 0.029112 -0.215442 -0.036271
0.028956 0.065575 -0.125337 -0.193108 0.199876 -0.145712
0.043295 -0.000360 0.005767 0.004714 0.026583 -0.022236
-0.095231 0.033350 -0.081303 0.001777 0.231865 0.014105
-0.033314 0.017540 -0.087556 -0.205462 -0.137561 -0.253517
0.137947 -0.125533 0.032895 -0.228941 -0.282109 0.248859
0.017338 -0.032857 -0.003341 0.197522 -0.078077 0.263572
-0.050922 -0.053953 0.038846 -0.305066 0.191577 -0.418022
-0.002837 -0.006570 -0.016485 0.145194 -0.241802 0.142353
0.008127 -0.003674 0.006981 -0.029636 -0.389764 0.402027
-0.060988 0.020330 -0.023265 0.014935 -0.075396 0.024431
0.041872 0.001751 -0.022440 -0.205039 -0.236226 0.010839
