-0.029073 -0.027448 0.069012 -0.341165 0.111954 0.224251
0.023003 0.075264 0.008076 -0.290781 0.026834 -0.278187
0.107166 -0.084891 0.027650 0.054924 0.174366 -0.128679
0.012721 -0.000615 0.047425 -0.132543 0.205679 -0.202851
0.031354 0.008458 0.106568 -0.064468 -0.207723 0.182825
-0.006838 -0.005597 -0.071414 0.093588 -0.108424 0.198171
-0.000619 -0.044075 0.054671 0.239985 0.097456 -0.185174
0.003647 -0.003911 -0.002428 -0.091499 0.338674 0.305129
0.094417 -0.041858 0.087216 -0.122401 0.251260 -0.264431
0.115401 -0.029395 -0.094880 0.051373 0.203059 0.028432
0.049715 0.045197 0.086404 -0.273240 0.119817 0.183055
0.011355 0.042749 -0.067410 0.190245 -0.167543 -0.042414
0.021108 0.036048 0.095995 -0.019096 -0.059077 -0.074791
-0.083646 -0.018674 -0.093141 -0.169035 0.139901 0.224208
-0.099166 0.061339 0.022469 -0.014828 0.062941 0.002219
0.028657 -0.001642 -0.001772 0.069462 0.070122 -0.098293
-0.003930 0.055281 -0.070814 -0.009970 -0.022582 0.074579
0.005677 0.014441 0.015274 -0.002987 -0.002561 -0.005416
-0.010526 0.016986 -0.014619 -0.003140 0.002201 0.005699
0.037551 0.058908 0.002311 -0.218262 -0.075376 0.131792
0.029723 -0.091910 -0.038377 -0.236592 0.285414 0.023760
-0.014316 -0.033925 -0.007716 -0.080975 0.014450 -0.049574
0.010071 -0.001377 0.014255 0.062517 -0.295853 0.312886
-0.114291 0.050636 0.109788 -0.147688 0.274880 -0.237189
0.115830 -0.046229 -0.107602 -0.057289 0.025957 0.040535
-0.010883 0.021950 0.002594 -0.002524 -0.301686 -0.099703
0.138913 -0.106122 -0.091007 -0.207037 0.078252 0.053364
0.011231 0.007556 -0.014318 0.015443 0.022410 -0.010421
0.142599 -0.059114 -0.127391 0.183491 0.184747 0.019557
0.037136 -0.074862 -0.063590 -0.014399 -0.010952 0.007419
-0.032274 0.015714 0.027066 0.351189 0.244946 0.050920
0.114571 -0.096395 -0.039812 -0.226405 -0.338566 -0.180207
0.035721 -0.019658 -0.013833 0.004851 0.050327 0.263958
-0.009115 -0.041975 -0.035037 -0.314836 0.223857 0.382069
0.139711 0.028948 0.029301 -0.400497 -0.237580 -0.112422
0.025681 0.039396 0.043513 0.103310 0.445404 0.097877
0.037259 0.020996 0.039217 0.241650 0.286185 0.274429
0.065840 -0.016850 0.009077 -0.063629 -0.045249 -0.002516
-0.037987 -0.054569 0.068784 0.010611 0.032869 0.405757
-0.105924 -0.088926 -0.137400 0.288289 -0.065454 -0.165002
