-0.108234 0.086187 0.066194 0.280539 0.190763 -0.338011
-0.020879 0.101791 0.099429 0.128560 -0.211374 -0.109033
-0.069524 -0.106043 0.060034 0.437982 -0.067071 0.290106
-0.074437 0.011365 0.007593 0.082053 0.017880 -0.133828
0.041491 0.058746 -0.062643 0.340749 -0.190384 -0.290861
0.002616 -0.024705 0.029651 -0.143993 0.367782 -0.123104
0.021768 0.064612 0.058424 0.024286 0.004971 -0.025763
0.013975 0.019758 0.000030 0.031994 0.180915 0.184931
-0.073088 -0.040234 -0.038473 0.003621 0.031969 0.276060
-0.027876 -0.032346 -0.062424 -0.169584 -0.101281 0.252400
0.030752 -0.104757 -0.143960 0.137714 0.034469 -0.027508
0.037035 -0.111665 0.025847 -0.418958 -0.036359 -0.287649
-0.007444 0.067437 0.105848 -0.009816 -0.000361 0.017764
0.014355 -0.023370 -0.002784 0.272824 0.021796 0.045339
0.039387 -0.067738 -0.083389 -0.131682 -0.225293 -0.254630
-0.146782 -0.122040 0.070942 0.087674 0.022139 0.281460
-0.036485 0.049840 -0.065477 0.224529 0.023318 -0.117399
-0.002814 -0.001658 0.010692 0.201447 -0.255438 -0.009371
0.006775 -0.041908 0.039558 0.131974 -0.372314 0.290466
0.007679 0.124054 -0.001176 -0.108662 0.381954 -0.086537
-0.108307 0.022164 -0.073281 -0.239022 0.195626 -0.244629
-0.068412 0.010432 0.037464 -0.293398 -0.126328 0.246103
-0.033037 -0.018156 -0.024760 0.158191 0.395539 -0.164772
0.104284 0.034330 -0.029908 -0.005311 -0.123717 0.432706
-0.035704 -0.040509 -0.003828 0.021431 -0.247761 0.050484
0.023191 -0.037099 -0.039981 -0.052015 0.009293 0.021003
-0.084437 0.102750 -0.047046 -0.167324 -0.321615 -0.058281
0.032787 -0.003744 -0.008524 -0.189262 0.266512 -0.116804
-0.009547 -0.000340 -0.001123 -0.110874 0.351402 -0.078578
0.036491 -0.067981 0.123668 -0.007061 -0.175545 0.080751
0.009111 -0.006414 -0.027037 0.187553 -0.247524 0.249343
0.005878 -0.001285 -0.003601 0.011118 0.008437 -0.000589
-0.015230 0.006393 0.001973 -0.013966 0.117952 0.064585
0.094972 -0.087750 0.094399 -0.236842 -0.205618 0.405248
0.094208 0.027870 0.092597 -0.047242 -0.031306 -0.062427
-0.119650 0.081219 -0.039323 0.033582 -0.029809 0.108980
0.052869 0.109783 0.020148 -0.107051 0.072659 -0.179264
-0.000088 0.002332 0.005090 -0.180668 -0.242001 0.003497
-0.011900 0.015532 0.002634 0.099459 0.179459 0.421853
0.063520 -0.003842 -0.024889 0.042149 0.002197 0.048087
-0.025669 -0.035840 -0.140506 -0.298478 0.266614 -0.241059
