-0.000944 -0.000135 0.001198 0.122193 0.122542 -0.206558
-0.058629 0.038815 0.114726 0.192663 -0.022820 0.000410
-0.074391 0.019780 -0.042504 -0.274799 0.283614 0.369429
-0.051640 -0.076673 0.051804 0.092828 -0.312995 -0.306142
-0.063131 0.133045 0.148186 -0.078717 -0.001479 0.032601
0.003847 0.086725 -0.024881 -0.193190 -0.191158 -0.223962
0.058029 -0.005699 -0.067868 0.068312 0.200726 -0.322422
-0.016811 -0.021201 0.008844 -0.140712 0.112032 0.206756
-0.000568 0.019019 0.006142 0.012767 -0.004770 -0.001813
-0.002751 -0.001555 0.007851 -0.102709 0.053928 0.132709
-0.043865 0.080936 -0.005214 -0.030443 -0.218524 0.299733
0.015437 0.071977 -0.068682 0.021530 0.022186 0.053277
0.021464 0.025837 0.026281 -0.137325 -0.023592 0.101306
0.050066 -0.044597 -0.097599 0.078802 0.051842 -0.016307
0.058225 0.018769 0.061280 0.117566 -0.000623 -0.065527
0.071514 -0.062815 0.078021 0.016325 0.342416 -0.338319
0.005023 -0.055133 0.005252 0.011565 -0.010514 -0.008770
-0.027307 -0.020062 -0.019028 -0.353441 0.262493 0.076272
-0.039488 -0.028239 0.034748 -0.163762 -0.093012 0.168149
-0.035977 -0.012620 -0.009418 0.271283 0.012452 0.073527
0.050982 0.031787 -0.026995 -0.012138 0.013188 0.008723
0.001913 -0.017678 0.003288 -0.029433 0.031434 0.025782
-0.084158 -0.096339 -0.044924 0.052529 0.011421 -0.017769
-0.116645 -0.065695 0.055850 0.000193 -0.000189 -0.000258
-0.029610 -0.136581 -0.114565 0.029369 0.160657 0.109942
-0.100212 0.102715 -0.114762 0.015261 0.040503 -0.021355
-0.003652 0.031203 -0.050017 -0.174146 -0.277908 -0.068901
0.023171 0.048269 0.112556 0.122234 -0.132822 -0.119213
0.020438 -0.017231 0.052245 -0.020617 0.107853 0.069904
-0.020208 -0.003489 0.052591 -0.026820 -0.002574 -0.052814
-0.045663 0.050724 0.017060 0.011597 -0.022076 0.018862
0.015314 0.006435 -0.018552 0.070384 0.035124 0.003747
0.017822 -0.003400 0.031439 0.137740 0.006650 0.110967
0.033041 0.015009 0.036342 0.170831 0.031621 -0.023203
0.008366 0.004050 0.011046 -0.328260 0.004833 -0.377695
0.093304 -0.076976 -0.067278 -0.015191 -0.119279 0.206995
-0.066463 -0.068504 0.046087 -0.191202 -0.169037 0.116454
0.006221 0.000597 -0.001762 -0.159351 -0.057548 -0.113651
-0.142713 -0.153623 0.039961 0.010464 0.033539 0.061861
0.014620 0.021433 -0.003663 -0.026629 -0.292863 0.028165
