-0.047473 -0.023951 0.056691 0.230123 -0.302119 0.303624
-0.157178 -0.153799 -0.105682 -0.079030 -0.102073 0.000947
0.000340 -0.018393 0.003702 -0.339000 0.324861 0.328158
0.138690 -0.033240 -0.028874 -0.142296 0.214111 -0.128498
-0.116736 -0.028039 0.010971 0.034407 -0.100139 -0.016076
0.012254 -0.019712 -0.036580 -0.079187 0.057076 0.083552
-0.008389 0.011041 -0.008711 -0.093021 0.005976 0.076313
0.010408 -0.023532 -0.053832 0.140287 0.083883 0.002003
-0.005568 0.097434 0.097600 0.259178 0.173742 -0.216974
-0.009973 -0.009604 -0.026746 -0.012644 -0.264604 0.018842
-0.059914 -0.022004 0.095583 0.002997 -0.042753 0.013959
0.016122 -0.096857 -0.029090 0.206627 -0.265423 -0.286922
-0.149598 0.160029 0.016032 -0.081842 0.041347 -0.199305
-0.033479 0.052892 -0.123655 -0.014912 0.051004 -0.054270
-0.033258 0.009450 0.072692 -0.005236 -0.003990 0.011306
0.000725 -0.000030 -0.000888 -0.097063 0.197879 -0.130773
0.029241 -0.089266 0.142767 0.026148 -0.013153 0.056524
-0.043672 -0.044141 -0.024089 -0.045263 -0.038992 0.087867
0.058465 0.027661 -0.043499 -0.249777 0.086789 0.148235
0.014097 0.025578 -0.020894 -0.022317 0.231368 -0.248791
0.027841 -0.075280 -0.043233 -0.016264 -0.071639 0.055610
0.052345 0.076121 0.026028 0.283295 -0.289546 -0.110496
-0.076316 0.049092 -0.077587 -0.272692 -0.225743 0.098625
-0.079375 -0.065365 -0.009389 -0.000308 -0.116393 -0.098874
0.002415 0.000847 0.010929 -0.105218 0.012618 -0.132520
-0.008184 0.106107 -0.085722 -0.232093 -0.246514 0.224031
-0.017330 0.004615 0.020063 0.225608 -0.150131 0.072275
0.033298 0.110011 -0.059800 -0.051575 -0.134043 0.156436
0.117218 0.039990 0.033071 -0.288813 0.021620 0.308001
-0.001169 -0.032819 0.024392 -0.197678 0.194702 0.157512
0.031750 0.100907 0.107725 0.151162 -0.053541 -0.121304
-0.076010 0.082904 -0.020608 -0.053129 -0.073539 -0.108693
-0.029059 0.037858 -0.006860 -0.027444 0.046330 -0.211060
0.026701 0.024323 -0.087165 0.441206 -0.291590 0.043684
0.090701 0.054235 0.115208 -0.002143 0.007094 -0.003791
-0.041990 -0.110856 0.029592 0.024907 0.026104 0.038507
-0.007303 0.000014 -0.022106 -0.023553 -0.019034 0.000309
0.018617 -0.010918 -0.001875 -0.453678 -0.182724 -0.380157
0.000267 -0.004578 0.006262 0.097627 0.022646 -0.207471
-0.117079 -0.019328 -0.093052 0.456054 0.233894 -0.266764
