-0.044108 0.028088 0.013668 0.000219 -0.001444 -0.000612
0.123759 -0.157772 0.046447 0.037537 0.063863 -0.211704
-0.061651 0.053056 -0.025729 -0.043453 0.177667 0.306273
0.113626 -0.042625 -0.125438 -0.066319 0.181268 0.017673
-0.014308 0.110725 -0.064987 -0.017727 0.002516 -0.019563
0.012766 -0.028718 -0.034751 -0.005542 -0.111047 -0.074334
0.069864 -0.056816 -0.117549 -0.028529 -0.012754 -0.074670
0.033810 -0.029082 -0.006073 -0.063580 -0.183014 -0.136181
0.061770 -0.007035 0.023180 -0.125086 -0.086891 -0.004631
0.081433 -0.001937 -0.018465 0.311653 0.006388 -0.449459
-0.017375 0.035652 -0.012510 0.056284 -0.044167 -0.027851
0.049743 0.000667 -0.043454 0.019792 -0.023978 0.008844
0.110227 0.031738 0.041387 -0.057640 -0.019179 -0.211900
0.000133 0.005448 -0.005625 0.006928 0.034718 0.188947
-0.038924 -0.157167 -0.024162 -0.001702 0.284628 0.017680
-0.109191 0.094469 -0.090349 0.152371 -0.107034 0.036562
-0.004021 -0.041215 0.027541 0.011191 -0.353948 0.462031
0.008038 0.011146 0.103916 0.223786 0.141493 -0.258796
0.044767 0.050992 -0.020759 0.018536 0.019039 -0.000864
-0.000764 0.001397 0.000747 -0.033381 0.265188 -0.261208
0.002883 -0.012709 -0.019187 0.276429 -0.071162 -0.133374
0.092383 0.028062 0.142362 0.013042 0.056672 0.016888
0.001553 0.031113 0.004213 0.212495 -0.265786 -0.019480
0.005916 0.025040 0.087497 -0.009387 -0.071747 -0.079686
0.038237 0.055874 0.009876 -0.175192 -0.162875 0.035043
0.072775 0.028745 0.100590 -0.031318 0.076543 0.026007
0.019969 -0.006141 0.009827 -0.244088 -0.068368 -0.425175
-0.010950 -0.060830 -0.072454 0.216386 -0.211076 0.328007
-0.003484 0.125795 0.141134 0.217110 -0.167912 0.064287
0.059699 0.045737 -0.044239 -0.022632 -0.156189 -0.121969
0.002758 0.018744 0.011817 -0.014998 0.027484 -0.020358
-0.072891 -0.068889 0.095476 0.186476 -0.183557 0.133303
0.002645 -0.040143 0.010832 0.032755 0.031645 -0.040545
0.007087 -0.002823 0.012569 0.002328 0.013249 0.005990
-0.052472 0.009451 -0.018394 0.008808 0.234598 -0.178196
-0.003719 0.000442 0.069949 0.012694 0.011782 0.049661
-0.030599 -0.100237 -0.064467 0.154501 -0.104314 -0.030970
-0.029382 0.062535 0.022594 -0.335810 0.039310 0.037616
-0.065207 0.013639 0.049600 0.176095 0.175855 -0.132224
-0.008420 0.002047 -0.047584 0.174485 -0.152466 0.047003
