-0.004439 0.001369 -0.010051 0.307482 0.474442 0.178776
0.031599 -0.020060 -0.000897 -0.041379 -0.001735 -0.027361
-0.008546 -0.007128 -0.006812 -0.001793 -0.199424 -0.030405
0.029228 -0.090443 0.060639 -0.004043 0.254535 -0.194306
0.048374 0.069745 -0.117247 -0.007238 -0.000657 0.008709
-0.066111 0.067251 0.089368 0.095673 0.101314 -0.172838
0.062959 -0.145491 0.041234 -0.000309 -0.094809 0.088328
0.017338 -0.001180 0.015639 0.327374 0.405902 0.173757
-0.078938 0.066483 0.022214 0.054630 -0.020346 -0.007072
-0.032229 0.073162 -0.082606 -0.390750 -0.324873 -0.386384
0.009336 0.002471 0.002981 0.274283 0.221426 -0.375752
-0.000327 0.000381 0.002090 0.277394 -0.329127 0.034865
0.020647 0.020127 0.084965 -0.162048 0.159028 -0.089826
-0.073659 -0.035956 0.062945 -0.067099 0.052783 -0.019710
0.091666 -0.018962 0.002697 0.129452 0.191316 0.131229
0.013151 -0.020087 -0.025004 0.038918 -0.028543 -0.235726
0.005744 0.017723 -0.076808 -0.172010 -0.186455 0.182644
0.145477 0.051987 -0.090873 0.013337 -0.169223 0.269442
0.052652 0.019191 0.005260 -0.023450 0.073341 0.067130
0.008120 -0.059091 -0.007122 0.083929 -0.370184 0.148326
0.034451 -0.022093 0.020552 0.002789 -0.140385 -0.164933
0.097291 0.151208 -0.123105 -0.221938 0.039211 0.107491
0.009329 0.011203 -0.011527 0.007044 0.024323 -0.015440
0.022531 0.014795 0.032504 -0.060892 0.175281 -0.138596
-0.046356 0.017565 -0.046937 -0.180040 0.177643 0.120191
0.022420 0.053985 -0.072076 -0.071698 0.125190 -0.136384
0.084648 0.062592 -0.009940 -0.057591 0.055317 -0.158590
0.143576 0.000940 -0.113584 0.008769 -0.040541 -0.075353
-0.099585 0.091187 -0.115595 0.044001 -0.052310 -0.078901
-0.033529 0.080210 0.051340 0.020601 0.073353 0.037396
0.100684 0.038162 0.002566 -0.126119 0.105764 -0.059927
0.074850 -0.072904 0.096329 -0.004675 0.035751 0.021762
-0.030117 -0.019450 -0.017165 -0.173309 0.292690 -0.122112
-0.024971 -0.000893 -0.009846 -0.022764 0.057746 -0.018168
-0.029073 0.098913 0.117634 -0.005929 0.420703 0.444435
-0.085630 0.155000 0.114122 0.101218 0.261204 -0.031404
-0.023038 0.059750 -0.027457 -0.077333 0.146066 0.082536
0.077855 -0.004421 0.063280 0.084887 -0.061497 0.068568
0.125252 0.105525 0.060211 0.216193 0.031328 0.193363
0.010008 -0.056848 0.000808 -0.004503 0.001944 -0.001099
