0.012768 -0.010341 0.014412 0.234791 0.055912 0.278642
-0.001621 0.069494 0.031071 0.233554 0.146299 0.075178
-0.021779 -0.069683 -0.034842 -0.060658 -0.096248 0.067790
-0.034393 -0.106949 0.044208 -0.064942 -0.143665 -0.051951
0.021799 -0.055128 -0.026428 -0.027816 0.032608 0.030006
-0.046690 -0.000528 -0.032849 -0.398662 0.178228 -0.177090
0.110234 -0.105546 -0.046509 0.011442 0.001351 -0.001414
0.135505 0.006042 0.123004 0.043980 -0.116946 -0.043383
-0.082786 0.150909 -0.118158 0.018522 0.021485 -0.001850
-0.050904 -0.112775 0.121274 0.138537 -0.178039 -0.179312
0.020606 -0.017590 0.006101 -0.030057 -0.140530 0.132128
-0.001254 -0.035697 -0.032436 -0.052606 -0.212324 0.122323
0.070088 0.123650 0.003601 -0.009672 0.029026 0.025852
0.024871 -0.001619 0.015464 -0.294705 0.090068 -0.081321
0.005313 0.013727 0.005810 0.076579 -0.109048 0.003349
-0.049888 0.051290 -0.037326 0.092073 -0.237220 0.088118
-0.058283 -0.058798 0.072468 -0.034116 0.035445 -0.035870
0.030785 0.054395 -0.056332 -0.059471 -0.307725 -0.040406
-0.022424 0.007816 -0.022918 0.335223 0.164667 -0.332328
0.014197 -0.008937 0.006686 -0.278929 0.253762 -0.144721
0.012535 -0.017841 0.008565 -0.258170 -0.131268 0.174188
-0.066574 -0.027677 -0.075712 0.027298 -0.096615 0.088150
-0.035764 0.040709 0.053162 0.014706 0.003054 -0.010475
-0.035060 0.007325 -0.000060 -0.089024 -0.325405 0.268859
0.042272 -0.000247 0.059176 -0.280784 -0.009364 -0.251314
0.113225 -0.127361 0.114138 -0.049141 -0.291874 -0.291007
0.011631 -0.015527 -0.095333 -0.347896 0.179048 -0.463373
-0.004351 0.002059 -0.002751 0.098176 0.050872 0.063474
0.013199 -0.004826 -0.008558 0.367092 0.030012 -0.101131
0.061405 -0.073251 -0.035450 -0.394221 -0.265872 -0.265759
0.075613 0.058704 0.106564 -0.407678 -0.159395 -0.014196
0.024019 -0.021432 0.018271 -0.004455 0.017976 -0.083839
0.010025 0.085017 -0.029025 0.258083 -0.400446 0.161902
0.048553 -0.021309 0.041037 -0.012754 0.028113 -0.017908
-0.019196 0.019316 0.022807 0.108024 -0.084965 -0.076519
0.015599 -0.010969 -0.011174 -0.037370 -0.264883 0.040958
0.029353 -0.057073 -0.051963 -0.320199 -0.056297 -0.047465
0.014418 0.107980 -0.081124 -0.136675 0.059833 -0.243999
-0.022086 -0.093509 -0.013517 0.103013 -0.050715 -0.110710
0.106241 -0.092133 0.080899 -0.018951 0.021637 -0.035893
