-0.079522 -0.104973 0.081701 -0.278636 -0.116165 0.277419
-0.064551 0.096925 -0.037897 0.076393 -0.004171 -0.106564
0.038225 -0.051919 -0.033722 -0.214828 -0.323979 -0.104047
0.051046 0.035396 -0.042688 0.149462 0.310598 0.213468
0.040620 0.046326 -0.049418 -0.341318 -0.247090 -0.065397
-0.055990 0.096031 -0.035389 0.137368 0.023725 -0.029279
-0.015875 -0.043329 -0.025644 0.159479 -0.146073 -0.259913
0.034602 -0.018283 -0.100547 0.221155 -0.124116 -0.058807
0.003851 -0.112159 -0.139303 -0.375578 0.226695 0.306187
-0.012800 -0.020345 -0.014801 0.035098 -0.067190 -0.097143
0.163054 0.030809 0.050266 -0.002018 0.002026 0.001022
-0.096625 -0.068041 -0.034484 0.129023 0.080725 0.038324
0.023728 -0.133519 -0.065381 -0.002435 -0.044924 -0.049294
-0.059319 0.000275 -0.036870 -0.429106 0.185020 -0.218001
-0.008963 -0.087648 -0.088782 -0.059082 -0.187850 -0.056754
-0.043723 -0.025654 -0.059153 -0.240416 -0.240845 0.115311
0.129576 -0.030670 0.132965 -0.085977 0.202293 -0.117282
0.031210 -0.084820 0.069318 -0.186586 -0.038836 -0.110690
-0.012802 -0.017835 -0.038621 -0.125905 -0.428417 0.247799
-0.108871 0.031332 -0.023922 -0.051332 0.033959 0.033984
0.018321 -0.038620 0.034938 0.189963 -0.205409 0.189325
-0.056546 -0.013301 0.016090 -0.036790 0.027632 0.075596
0.026753 0.041837 0.047208 -0.044607 -0.002464 -0.076227
-0.115098 0.036531 -0.062436 -0.136407 0.083716 -0.160583
-0.002014 -0.013758 0.016742 0.206918 0.242354 0.307713
-0.034522 0.025138 0.016530 -0.048574 -0.162972 0.041093
0.020350 -0.033858 0.056923 0.237862 -0.463309 -0.103345
0.007646 0.004476 -0.030664 -0.060785 -0.010032 -0.050220
0.040091 -0.014327 -0.043752 -0.041208 -0.034850 -0.094930
0.000924 0.000240 -0.000595 0.082759 0.084598 -0.015856
-0.084058 -0.007931 0.092731 -0.064457 -0.172993 -0.436458
-0.003357 -0.007495 -0.004498 -0.325324 0.123455 -0.181580
-0.115527 0.055149 0.119696 -0.312492 -0.009799 -0.173704
-0.095829 0.023641 0.052584 -0.013978 0.002219 -0.009351
0.010686 -0.020987 0.030758 -0.000732 -0.000970 -0.001640
0.074199 0.052796 -0.024811 0.045490 -0.020649 0.016415
-0.026710 0.010791 -0.017819 -0.028858 0.005377 0.076217
-0.047017 0.100851 0.135591 0.133827 -0.318033 0.139844
-0.009584 -0.021675 0.001413 0.324804 0.088008 0.224546
-0.003567 0.014363 0.016743 0.449983 -0.074083 0.098115
