-0.140700 0.137518 -0.132805 0.114808 -0.035102 0.090968
-0.027882 0.074733 0.032627 0.146031 0.252626 -0.119155
0.004897 -0.002289 -0.007907 -0.004419 0.022037 0.013971
-0.049680 0.075087 0.103230 -0.383447 0.126906 0.434681
0.036232 -0.030842 0.049817 -0.244667 0.086736 -0.074447
0.054375 -0.063187 -0.024640 -0.072935 -0.024419 0.064414
-0.054041 -0.062015 0.031005 -0.243060 -0.246391 -0.263217
0.032842 -0.007152 -0.010654 -0.005329 -0.018051 0.007933
-0.000670 -0.020841 0.017334 0.143064 0.114352 0.118304
-0.008705 0.055610 0.084457 0.042194 0.099282 -0.024468
0.048594 0.025191 -0.015192 0.297106 0.361128 -0.298542
-0.048190 0.150169 -0.025261 -0.119138 -0.028223 0.136127
0.046690 -0.040006 -0.047069 0.036170 -0.005208 0.021691
0.061667 0.036416 -0.061858 -0.066807 0.095929 0.286581
0.022398 -0.044696 0.011622 -0.048453 0.028816 0.031535
0.005999 -0.025111 -0.000490 0.002515 0.015913 -0.024132
-0.063220 0.083579 -0.083908 0.138487 0.362045 -0.025406
0.029955 -0.015608 0.025090 -0.035984 -0.158561 -0.375378
0.040389 0.015219 0.014408 0.463122 -0.373548 0.487077
-0.066572 -0.007178 0.039307 -0.168095 0.056514 -0.033989
-0.056672 -0.038363 -0.034005 0.191667 0.279427 -0.238259
-0.021413 -0.025967 0.034818 0.199823 -0.238994 0.257717
0.010870 -0.015830 -0.021550 0.232720 0.461400 -0.105181
-0.074702 -0.103757 -0.025140 0.382429 -0.295139 0.081892
-0.014441 0.038329 -0.053224 0.071625 0.030607 0.198488
0.034276 -0.030791 0.040269 -0.188733 -0.250919 -0.174656
0.133985 0.115495 0.154389 0.271430 0.141851 0.041920
0.038933 0.007848 0.062682 0.251994 0.235518 -0.358255
-0.048834 0.044544 -0.024516 -0.132598 -0.071558 -0.010158
-0.143673 0.073935 -0.094384 -0.029995 -0.014594 0.070433
0.025151 -0.069639 -0.041735 -0.034650 0.346866 -0.260760
-0.005249 0.086008 -0.117190 -0.008738 -0.002357 -0.001577
-0.001764 0.001630 0.003126 0.016258 0.055549 -0.064429
0.069434 -0.062776 -0.030546 0.030255 0.127627 0.099600
-0.011060 -0.011937 0.006137 -0.136175 -0.125652 0.121530
0.018334 -0.001912 0.009448 -0.193729 -0.160214 -0.234877
0.009566 -0.010184 0.005170 -0.053766 0.106108 0.080970
-0.050827 0.004438 0.077809 0.061340 -0.003285 -0.055352
0.010904 0.003409 -0.016598 0.109528 0.239396 0.147992
0.031111 -0.002991 0.112079 0.187865 -0.311358 0.272044
