-0.008232 0.016766 0.001477 0.024929 -0.012205 0.002401
-0.117936 -0.050342 0.153512 0.030435 0.044666 0.042093
0.063696 0.028785 -0.082446 0.084644 -0.028505 0.014420
0.000621 0.004601 -0.003503 0.082595 -0.104391 0.075253
-0.033918 0.038211 0.032045 0.091223 -0.385792 -0.105422
-0.007966 -0.033154 0.069928 -0.183291 0.166183 -0.218236
-0.000605 0.000279 0.000539 -0.055576 0.316957 0.096653
0.074678 -0.093445 0.089203 -0.023777 0.002697 0.027857
0.128810 0.109504 0.044115 0.082088 0.002937 -0.107379
-0.010621 0.004895 -0.010240 0.108952 0.137396 0.167989
-0.006097 -0.002009 0.005752 0.353633 0.376457 0.049506
-0.046209 -0.036481 -0.035525 -0.258132 0.253260 -0.142967
-0.113362 -0.125029 -0.001289 -0.004518 0.187723 0.153502
-0.131265 0.104156 0.109620 -0.008107 -0.008809 -0.008019
-0.138670 0.065155 0.094874 0.078900 -0.293257 -0.339391
-0.039464 -0.048098 0.016097 -0.025558 -0.445327 0.165902
0.008394 -0.002669 -0.004428 -0.054983 0.018805 0.098246
-0.011224 0.015548 0.001520 -0.079702 -0.026959 0.035782
-0.076808 0.068243 -0.133740 0.174387 0.228898 0.218928
-0.009750 -0.006577 0.006276 0.030143 -0.023085 -0.062949
0.060174 -0.010926 -0.082979 -0.000399 0.004221 0.020893
-0.053708 0.027146 0.007338 -0.028184 -0.063785 -0.012069
-0.077274 -0.086671 0.105567 0.411633 0.275197 0.378331
-0.066456 -0.017559 0.087907 -0.284929 -0.216876 0.290061
-0.003357 0.015885 0.014384 0.046878 -0.158458 0.331578
-0.000642 0.000626 -0.000566 0.122982 -0.120448 -0.036345
0.012737 0.000060 0.005645 0.193483 0.049500 0.122105
0.046901 -0.026581 -0.025398 0.070286 -0.081904 0.021697
-0.068205 0.066824 0.043907 0.025855 0.097045 0.041179
0.072441 0.081162 0.000249 0.336413 -0.273974 -0.094815
-0.061910 -0.075328 -0.033817 -0.174178 -0.321943 0.122848
-0.049472 -0.047531 0.019924 -0.085446 -0.037753 0.007597
-0.042356 -0.033963 0.027194 -0.088440 -0.018446 0.101917
-0.035942 -0.001848 0.029664 0.143939 -0.119332 -0.094883
-0.031578 0.028954 0.035840 0.016574 0.030362 -0.018040
0.019464 0.006791 -0.016138 0.314331 -0.174063 -0.133060
-0.021041 0.027611 -0.036570 -0.094474 0.188439 -0.023012
0.146290 0.093569 0.035881 0.011136 0.014853 -0.014719
0.055538 -0.048856 0.018484 0.035728 -0.016099 -0.022029
-0.039433 0.047741 -0.015703 -0.035966 0.034512 -0.060898
0.066830 -0.055266 -0.039155 0.209619 0.039501 0.177359
