0.115994 -0.013489 -0.097533 0.366847 0.503824 0.312212
-0.016369 0.012227 0.026761 -0.107347 0.088888 0.084547
0.054675 -0.023804 0.009543 0.370088 -0.231966 0.339115
0.077231 -0.043372 0.007088 -0.026000 0.064466 -0.152343
-0.026597 0.007820 0.053391 -0.068171 -0.249549 -0.117206
0.042611 -0.033164 0.024750 -0.019524 -0.067403 0.087862
0.122981 -0.023141 0.046395 0.135590 0.026796 -0.068060
-0.059521 0.036826 -0.012417 -0.071913 -0.101163 0.019665
0.110423 0.084210 -0.069109 -0.042784 0.223626 0.015350
-0.075593 -0.134417 -0.157921 -0.053435 -0.024434 -0.026057
-0.098382 0.052493 0.071908 0.083688 0.195322 0.200533
-0.068242 0.075281 -0.033744 0.075172 -0.193276 -0.014237
0.048881 0.137221 0.127107 0.035232 0.007233 0.165429
-0.043405 0.021434 -0.027352 0.242400 -0.144434 -0.183633
-0.075041 -0.003872 -0.019573 0.003561 0.002966 0.000733
0.001363 0.000732 0.003759 -0.447720 -0.433610 0.417043
0.025850 -0.044928 -0.043793 0.371320 -0.327791 -0.269750
-0.050825 0.041419 0.074277 -0.002076 -0.007635 -0.014222
-0.097409 0.031181 0.009288 0.046350 -0.100859 0.045193
0.050966 0.052751 0.021279 -0.214915 -0.018052 -0.112230
0.047273 -0.023622 0.067836 -0.013229 -0.027574 -0.051023
-0.001794 -0.057574 0.030957 0.383568 -0.046077 -0.271771
0.076479 0.072836 0.011943 0.147056 0.017687 -0.032155
0.016704 0.015323 -0.021081 0.100026 -0.019363 0.087664
-0.002981 0.001759 -0.041258 0.247952 0.114996 0.210619
-0.041175 -0.043974 -0.018117 0.080987 -0.060476 -0.015591
-0.039625 0.034928 -0.001519 -0.002691 0.014749 -0.005337
0.116258 -0.097032 0.041972 0.201023 -0.068811 0.219255
-0.039955 0.064546 -0.048713 0.019921 0.026330 -0.031552
-0.038785 0.006216 -0.044843 -0.009413 0.184975 -0.151647
0.049707 -0.002714 0.040375 -0.072577 -0.303839 -0.272056
-0.028154 -0.023618 -0.090744 0.124231 -0.090625 0.012721
0.037138 0.045327 0.087251 -0.355551 -0.275916 0.352186
0.014808 -0.010686 -0.015012 0.004983 -0.006978 -0.006711
0.025887 0.060712 0.004080 0.049722 0.037895 0.038306
-0.099289 -0.105056 0.045059 0.347552 0.004177 0.039534
0.074383 -0.044166 0.042120 0.003688 -0.051852 -0.102293
0.019735 0.020639 0.014980 0.408716 0.375227 0.043187
-0.011989 0.012962 0.000649 -0.070220 0.173835 -0.088087
-0.052778 -0.087278 -0.034525 -0.011844 -0.067353 -0.121170
