-0.096544 0.056481 0.078055 0.126984 0.170018 -0.004262
-0.029744 0.061625 0.023970 0.176133 0.201540 -0.204164
-0.112901 0.070723 0.013239 0.011100 -0.006626 0.008055
0.072222 -0.007413 -0.034253 -0.143748 -0.089016 -0.086649
0.030158 -0.035649 0.016624 -0.172811 0.388113 -0.211825
-0.088745 -0.024830 -0.010416 0.060691 -0.022228 0.034259
-0.031635 -0.018665 -0.013457 -0.046762 -0.059031 -0.084901
-0.014839 0.022185 -0.075248 0.039397 -0.283710 -0.291634
0.037059 0.006891 0.005602 0.038377 0.017701 -0.007224
0.021977 -0.061737 -0.001522 -0.155848 0.294788 -0.012866
-0.062564 0.068631 -0.026543 -0.092201 0.071016 0.097361
-0.060001 0.005710 -0.047349 0.057028 0.254650 -0.265592
-0.010253 -0.008416 -0.001770 0.002659 0.115446 -0.114653
0.020436 -0.057948 -0.008644 -0.164653 0.015326 0.051424
-0.036620 -0.069736 0.066297 0.036223 -0.041467 0.109924
0.095547 0.016486 -0.052260 0.288375 -0.385674 -0.341388
0.015985 -0.022696 -0.003148 0.017653 -0.008382 0.003844
0.054968 -0.019050 0.093942 0.143920 0.079912 -0.210780
0.108011 0.031305 -0.010448 -0.259866 -0.286453 0.168647
-0.033718 0.057552 0.021257 -0.008148 -0.041934 -0.060714
-0.123919 -0.125197 0.001025 0.200884 0.081898 -0.410917
0.009885 0.024528 0.027966 -0.025294 -0.118378 -0.011856
0.021147 0.049272 0.049040 0.025814 0.030726 -0.086718
-0.116602 0.150913 -0.076382 0.038824 0.146036 -0.052410
-0.060879 0.012592 -0.064893 0.229783 0.311121 0.097740
0.002910 0.001370 0.011889 0.207527 0.090211 -0.144024
-0.024777 0.022071 0.032259 0.270415 -0.184626 -0.309242
0.004092 0.020632 -0.025150 -0.170073 0.014652 0.166077
0.002131 -0.002926 -0.001778 -0.056514 0.026310 0.053424
-0.005416 -0.000178 0.025952 0.201741 0.267699 0.170745
0.025649 0.172125 0.041023 -0.105019 -0.013047 -0.379139
-0.023965 -0.025379 -0.007503 -0.342608 -0.247309 0.268162
-0.095458 0.056440 0.130088 0.000164 -0.000049 0.000713
0.003752 0.003992 0.006339 -0.017154 0.143654 0.176462
0.016590 -0.007813 -0.043416 -0.115231 0.108963 0.087772
-0.101201 -0.080062 -0.006541 -0.022383 0.052923 -0.103264
-0.003962 -0.003874 0.000928 -0.057784 -0.103228 -0.126592
-0.038008 -0.054957 -0.045940 -0.016322 -0.108909 -0.022034
0.042169 0.015121 -0.104659 0.068772 -0.060392 -0.031695
-0.015087 0.007469 0.017513 0.004188 -0.049989 0.010192
