-0.004022 0.002768 -0.005392 0.008015 -0.242407 -0.031749
-0.066788 -0.033852 0.001100 -0.006702 -0.222474 -0.056718
0.030027 -0.032589 -0.026611 -0.159514 0.104472 0.083185
0.034220 -0.025962 -0.046399 0.000588 0.001879 0.001532
0.004079 0.064756 -0.019027 -0.221668 -0.076569 -0.303645
0.005896 0.093120 0.040255 0.122576 0.307129 -0.136264
0.000851 0.017556 -0.004629 0.004992 0.180434 0.122076
-0.051159 0.037363 -0.078684 0.207351 0.188170 0.066459
0.037060 0.053619 0.068604 0.420379 -0.344645 0.381652
0.007946 0.030534 0.029459 -0.059665 -0.190414 0.265439
0.057303 -0.077877 0.019424 0.030570 0.025799 0.006617
0.025894 0.043728 0.047492 0.010623 -0.071866 0.022652
-0.009728 0.009035 0.002556 0.028727 -0.066453 -0.092238
-0.019426 -0.030981 0.013248 -0.155122 0.077119 0.116902
0.030342 0.027874 0.022117 0.034712 0.106456 -0.045120
-0.109008 -0.130937 -0.028833 -0.067539 0.107363 0.044904
-0.078805 -0.103394 -0.148018 -0.003788 0.060984 -0.098328
0.009813 0.008665 0.012774 -0.103411 0.192930 -0.101242
-0.075487 -0.083747 0.005252 0.005111 0.035454 0.040957
0.030511 0.022527 0.016851 0.061329 0.023684 -0.092373
-0.019845 0.014851 -0.024321 -0.029654 -0.000657 -0.098996
0.061663 0.069831 0.004887 -0.293046 -0.279114 0.353148
-0.010461 0.096952 -0.072789 0.007166 -0.170663 -0.252579
-0.001601 0.016844 -0.034130 -0.168174 0.414529 -0.135758
-0.000137 -0.003144 0.000169 -0.004213 -0.007169 0.005511
0.055866 0.072704 0.078247 0.204475 0.138492 0.177595
0.000405 0.000883 0.000471 -0.019594 -0.122667 -0.051424
0.059033 0.079799 0.077888 0.067852 0.335051 0.038088
0.027858 -0.143744 0.005313 0.219449 0.437442 -0.161689
-0.001888 -0.003409 -0.003651 -0.364698 -0.190935 -0.414493
-0.038366 -0.049060 0.114218 0.172037 -0.197403 -0.074279
-0.049744 -0.002014 -0.023001 -0.058892 -0.031939 0.106955
0.026301 -0.015265 0.013629 0.118300 -0.199567 0.368025
-0.101629 0.022733 -0.071791 -0.047323 0.017232 -0.057605
0.014022 0.014342 0.014814 -0.001284 -0.046286 0.037018
0.003617 -0.009517 -0.017398 -0.054537 0.046279 -0.219789
-0.032962 -0.007963 -0.011295 0.414889 0.417720 0.310573
0.044620 0.025444 -0.003718 -0.371966 -0.390667 -0.243938
0.016979 -0.002066 -0.023324 0.000879 0.000970 0.000576
-0.026573 0.075136 0.047998 -0.280110 0.245546 -0.342438
