0.106252 -0.136312 -0.115103 -0.003267 -0.005522 -0.018779
-0.127693 -0.124355 0.001000 0.050524 0.017045 0.221554
0.053027 0.024961 0.040459 -0.146178 0.279555 0.014583
0.018728 -0.002967 -0.141017 0.198374 0.020007 -0.065111
0.119753 0.129661 -0.000765 0.011749 -0.013627 0.021929
0.008013 0.008211 0.043891 -0.237383 -0.192366 0.263708
-0.000260 -0.022379 -0.074068 -0.075618 -0.172085 -0.154691
0.024138 0.043035 -0.078792 0.358718 -0.040255 -0.295877
0.019547 0.014272 0.025347 -0.070017 -0.236733 -0.320835
0.071602 -0.039987 0.020451 -0.219309 0.359632 0.178611
-0.077139 0.066270 -0.092629 0.134192 0.028400 -0.089295
-0.136217 -0.115147 -0.086631 -0.153938 -0.233461 -0.271598
0.004427 0.069614 -0.013977 -0.003957 0.000776 0.002218
0.081378 -0.018517 0.096091 0.363253 -0.031546 -0.067765
0.096395 0.088206 0.057018 -0.024740 0.148624 -0.069181
-0.044123 0.064194 -0.062346 -0.023088 -0.019606 -0.073686
-0.099190 -0.085507 -0.037340 -0.134639 -0.079490 0.019207
0.018311 0.008730 -0.036283 -0.096656 0.056009 -0.084520
0.072320 0.070301 0.036941 0.096648 -0.091418 0.064699
-0.093327 0.053224 0.027183 -0.176043 -0.107162 -0.339999
-0.018246 -0.123638 0.125038 -0.174436 -0.157119 0.005468
-0.037584 -0.101695 0.097039 0.344631 0.142094 0.207664
0.066916 0.050477 0.110821 0.036844 -0.071597 -0.064514
0.014076 -0.008794 -0.007026 -0.129416 -0.413742 0.247659
0.066441 -0.002634 -0.067128 -0.042146 -0.085981 0.040536
-0.055276 -0.060368 0.007646 -0.003615 0.116124 -0.132180
0.115817 0.094748 0.041893 0.166431 -0.068126 0.077096
0.056541 -0.080357 0.158790 0.226849 -0.040210 -0.238556
0.041683 -0.068885 -0.072809 -0.163360 0.146538 -0.145604
-0.015000 -0.004763 0.012246 -0.027426 0.051350 -0.057424
0.001407 -0.011358 0.006671 0.011631 0.001170 0.003793
-0.071692 0.030787 0.070519 0.061563 0.034179 0.230025
0.005053 -0.003164 -0.003536 -0.246987 0.060779 -0.128609
0.023688 0.034026 -0.013926 0.084589 0.074108 -0.034515
-0.000049 -0.002462 -0.002566 0.211381 -0.064363 0.200007
-0.117157 -0.108929 0.113187 -0.081050 -0.163856 0.111304
-0.036256 0.055668 0.046711 0.080969 0.141011 0.055429
-0.002881 -0.009162 0.000629 -0.104166 0.059699 0.014625
-0.025013 -0.085607 0.140252 0.258925 0.093570 0.227428
