-0.027005 -0.057081 -0.036772 0.263684 -0.317723 0.117994
-0.000062 0.000095 0.000489 0.200032 -0.219943 -0.177154
0.106869 0.063274 -0.064554 -0.206609 -0.358173 0.365017
-0.142966 0.027323 -0.135023 -0.330732 0.151262 -0.125716
-0.026884 -0.003898 -0.014686 -0.393405 0.202643 0.013985
0.058759 -0.015195 0.048243 -0.003950 -0.026722 0.001212
0.090702 0.032273 -0.022228 0.047310 0.019862 -0.101135
0.076956 -0.047517 0.008096 -0.120168 -0.095930 0.115011
0.001943 -0.082519 0.070369 -0.021632 -0.117689 0.046207
0.044382 0.008271 -0.050149 -0.016995 0.018300 -0.085515
-0.023574 0.051136 -0.021936 -0.047404 0.264705 0.015293
-0.001258 0.025065 0.026913 0.304276 0.212175 0.003559
0.007146 0.004478 0.003038 0.347722 -0.102205 0.297266
-0.022107 0.050360 -0.059068 0.042068 -0.416342 0.144662
-0.061758 -0.046137 -0.104576 0.054760 -0.220443 0.189463
-0.013840 0.038034 0.009952 -0.132602 -0.159275 -0.021217
0.009165 0.032579 -0.022051 0.060171 0.288533 -0.179498
-0.019590 0.001727 0.032530 -0.067582 0.022783 0.116759
0.008402 -0.013516 0.020040 0.403554 -0.085582 -0.029312
-0.007795 0.030533 -0.016028 -0.022496 0.103622 0.017091
0.099782 -0.038119 0.022531 0.025769 0.096468 -0.339550
0.010043 0.002226 0.001387 -0.048410 -0.386835 0.149213
-0.049216 0.066934 -0.033647 0.312277 0.082545 -0.122372
-0.004088 0.013368 0.086116 0.339797 0.056432 -0.371899
0.017318 -0.070832 -0.016463 -0.212132 0.112213 0.206113
0.049172 -0.136997 -0.074055 0.376212 0.119450 -0.320755
-0.023194 -0.029091 -0.025841 -0.054950 0.007340 0.049684
-0.010081 0.024702 -0.048507 -0.003129 0.004997 0.008560
-0.038646 0.052637 0.015261 0.036243 -0.021090 -0.016791
-0.081212 0.005481 -0.141278 -0.009403 0.000073 -0.012988
0.013083 -0.077497 -0.075080 0.233216 0.079336 0.130030
0.024756 -0.019838 -0.020888 0.138967 -0.043861 0.015036
0.003240 -0.001997 0.004160 -0.079474 0.109473 0.089377
0.072964 0.008747 -0.080707 0.080471 -0.000637 0.059114
0.002668 0.016696 0.061762 -0.099197 -0.099463 -0.145998
-0.042823 -0.088194 -0.002315 0.003570 -0.006076 -0.002932
-0.085504 -0.055388 0.089614 -0.003713 -0.004194 0.024824
0.011495 0.077226 -0.048571 0.464102 -0.204037 -0.049109
0.022840 -0.012260 -0.051770 -0.000513 -0.000376 -0.000212
-0.098938 -0.007540 0.086099 -0.022073 0.087897 -0.023623
