-0.002001 -0.001819 -0.000006 -0.271204 -0.205196 -0.189281
0.128170 -0.022734 0.135982 0.093740 0.014006 0.037750
0.035201 0.041272 -0.054564 0.054440 -0.260243 0.291323
-0.076960 -0.134094 -0.034957 -0.015917 -0.048489 0.134806
-0.015041 0.014756 0.065064 -0.201793 0.091852 -0.346774
0.061399 -0.095175 -0.085777 0.211572 0.182344 -0.398308
0.125799 0.016584 0.047065 0.054827 0.006247 -0.050266
-0.029026 -0.006768 0.015800 0.391248 0.190610 0.161897
-0.043346 0.043110 0.032917 -0.094399 -0.135836 -0.142853
-0.077585 -0.054557 -0.031278 0.020952 0.017609 -0.035277
0.001954 -0.004605 0.012010 0.321269 0.203055 -0.135355
-0.133811 -0.078519 -0.084323 0.214153 -0.165070 0.103676
0.008775 0.004605 -0.009248 0.393970 -0.415272 -0.231148
0.143651 -0.145300 0.059323 -0.001353 0.001107 -0.009932
-0.016549 -0.006848 -0.028962 -0.312546 -0.049531 -0.067908
-0.038337 -0.043572 0.022405 0.097376 0.053056 0.089134
-0.057221 0.079712 -0.082584 0.031596 0.059134 -0.025679
-0.012208 0.005964 0.041286 0.144715 0.261883 -0.190734
-0.043679 0.093954 0.044710 -0.060874 0.059877 -0.094684
0.089593 0.093055 0.059780 0.288703 0.197451 0.067916
-0.050367 -0.046879 0.065025 -0.215911 0.030676 -0.372879
0.001461 -0.000143 0.001344 -0.138830 0.145398 -0.138588
-0.053090 0.049740 -0.010829 -0.173327 -0.082432 0.005262
-0.040302 -0.028455 -0.044725 0.106309 -0.216375 -0.049120
0.021796 -0.064082 -0.030943 -0.094083 0.380309 0.390693
-0.001339 -0.013043 0.000549 0.172656 -0.002814 0.310213
-0.015617 0.038975 0.088893 -0.342986 0.202147 -0.262019
-0.050184 0.045452 -0.001761 0.093846 -0.108472 0.044595
-0.026301 -0.020869 0.011713 -0.168972 0.121222 0.041187
0.001824 -0.000283 -0.004362 0.129072 -0.112856 0.096705
0.067027 0.019720 -0.129209 -0.241496 -0.216317 0.149051
-0.009841 -0.015108 -0.023761 -0.051651 -0.245886 -0.266560
-0.084125 -0.123035 0.149369 -0.010512 0.014624 0.051437
-0.093900 0.095562 -0.080812 0.166733 0.016335 -0.125936
-0.027612 -0.046623 -0.060916 -0.042967 0.040295 -0.024185
0.026321 0.042908 -0.048631 -0.002081 -0.012071 -0.010070
-0.035014 0.038373 -0.009087 0.092220 -0.118685 0.054431
0.014034 0.030127 -0.021299 -0.000646 0.006148 -0.024675
-0.006495 0.004308 -0.004285 -0.014888 0.156279 0.264621
