0.001837 0.000582 0.000891 0.199547 0.234504 0.045219
0.048684 -0.055945 -0.096848 -0.079152 -0.047931 0.087752
0.109190 0.153213 0.156887 0.118486 0.056863 -0.072368
0.049426 0.085126 0.026141 -0.106737 0.074403 -0.185860
-0.150331 0.051251 -0.131757 -0.025197 0.057260 0.069645
-0.009791 0.004022 -0.005505 0.201856 0.023826 0.276786
-0.030289 0.039595 0.013362 -0.017201 -0.008903 -0.005917
0.025962 -0.018135 0.022721 0.263549 -0.351840 0.335823
-0.002548 -0.037805 -0.030885 -0.220387 -0.122631 0.295065
0.005440 -0.005012 -0.002260 0.109701 0.033700 -0.024331
0.052141 -0.003327 0.035055 0.083669 -0.005333 0.071262
-0.003863 0.006114 -0.006478 0.116190 -0.006448 0.272963
-0.055794 -0.091529 -0.083109 0.112363 0.215471 0.219071
0.007226 0.007421 0.006151 0.005468 -0.013300 -0.009452
0.007720 0.010579 0.009486 -0.073273 -0.147806 0.047612
0.019393 -0.016178 0.024693 0.438859 0.290031 0.115957
0.035692 0.016652 -0.009682 0.233633 -0.249697 0.187382
0.124731 -0.009482 -0.132992 0.314574 0.140719 -0.003735
-0.038090 -0.002590 0.048193 0.059877 -0.064743 0.041601
0.002313 0.001488 0.007317 -0.023382 -0.109025 0.066519
0.111002 -0.096441 -0.061572 -0.030974 -0.036968 -0.062721
-0.008149 -0.004872 -0.065186 -0.104586 -0.051239 -0.313519
-0.030211 0.085407 -0.109314 0.178027 0.057542 0.151543
0.006080 0.008547 -0.013481 0.237976 -0.051986 -0.141775
-0.015689 -0.023117 -0.041916 -0.002610 -0.000603 -0.000758
-0.019757 0.011649 -0.000657 0.032415 0.006217 0.030753
-0.000811 -0.003058 -0.017638 -0.065482 -0.112914 0.004920
-0.006963 -0.039356 0.021029 0.016296 -0.039164 -0.029631
-0.047530 -0.046023 0.047700 -0.066831 -0.345387 0.346907
-0.037052 -0.035176 -0.029997 0.186557 -0.183202 -0.255646
-0.002980 -0.008348 -0.013162 0.061663 0.059934 -0.064451
0.050459 0.061351 -0.046567 0.024508 -0.063760 -0.070119
-0.049477 0.043553 -0.039070 -0.048226 -0.000344 0.061203
-0.019171 -0.022299 0.006124 0.036044 -0.071430 0.040331
0.035812 0.150335 -0.062090 0.279954 0.257750 0.335816
-0.003644 0.005698 0.004009 -0.069311 -0.060374 0.065635
-0.002122 -0.002246 0.000893 -0.028279 -0.010176 0.025812
-0.068593 0.023999 -0.009039 0.081395 -0.075005 0.105702
-0.042233 0.115890 0.044517 -0.116439 -0.118020 0.061508
0.016211 -0.040431 -0.018909 -0.020512 0.029687 0.019221
