0.051054 0.011877 -0.017173 -0.129078 -0.142444 -0.139474
-0.124600 -0.076061 -0.044105 -0.143411 -0.166376 -0.164614
0.015010 -0.032542 0.020621 -0.130486 -0.327126 0.294287
0.058400 0.019868 -0.063746 0.122565 -0.328468 -0.313683
0.021820 -0.067495 0.052906 -0.179978 0.159218 0.361201
-0.004999 0.065439 -0.010882 -0.028595 0.120499 -0.109835
0.003530 0.007797 -0.014500 -0.028774 -0.022470 -0.138327
0.010553 0.056391 0.044187 -0.002814 0.123830 0.281155
0.005965 -0.016853 0.039627 -0.350151 -0.128332 0.020284
-0.104466 -0.035780 0.103040 0.039439 0.078011 -0.284054
0.006064 -0.000610 -0.037087 0.342534 -0.384669 -0.148938
-0.096162 0.020519 -0.111528 0.192275 -0.073737 -0.181691
-0.025630 -0.043662 0.027314 -0.460319 0.330795 0.003722
0.001805 -0.011407 0.003899 0.223960 0.073827 -0.349001
-0.009976 -0.053606 0.081513 -0.015753 0.034099 -0.022283
-0.001680 -0.002328 0.000278 -0.006645 0.007907 -0.006230
-0.050662 -0.037906 -0.081631 0.022716 -0.058559 0.035154
-0.000238 0.000761 -0.000869 0.045155 -0.350104 -0.334620
-0.042178 -0.013650 -0.049364 0.180554 -0.156900 0.256096
0.012539 -0.013311 0.050673 0.011238 -0.091688 -0.045855
-0.008823 0.000297 0.003915 -0.029630 0.031981 0.051819
0.008124 -0.017043 0.058691 -0.005816 -0.084895 0.095637
-0.070013 0.084009 0.024556 0.303185 0.247732 0.014740
0.018142 0.026859 0.003792 0.121202 0.022675 -0.182019
0.010567 -0.020206 -0.090399 -0.292336 -0.049100 0.132259
0.056173 0.099733 0.055756 0.048508 0.020090 0.040923
-0.015224 -0.087337 -0.001613 0.318731 -0.096324 0.303897
0.000419 -0.001260 0.001368 -0.010091 -0.166315 -0.182287
-0.002291 0.023759 0.076742 -0.086268 -0.104919 0.031034
0.020130 -0.025126 0.017100 0.106514 0.015579 0.014034
0.065938 0.055949 -0.052687 -0.140102 -0.163088 -0.122261
0.001752 -0.012392 -0.001938 0.023832 0.011956 -0.025636
-0.018667 0.015378 0.026321 0.089058 -0.081026 -0.031305
-0.081712 -0.039418 -0.035687 0.146625 -0.088112 0.179888
-0.096342 0.125197 -0.106279 -0.152668 0.216475 0.094641
-0.033435 -0.053128 -0.000212 0.045900 -0.026091 -0.033409
-0.061188 -0.055684 0.082201 -0.002140 -0.002705 0.001969
0.035134 0.033356 0.055760 0.301709 0.077491 -0.116411
0.003280 0.003081 -0.014259 0.035601 -0.006003 -0.139044
0.022576 -0.062784 -0.000350 -0.083753 0.035558 -0.027988
