0.057489 0.029029 -0.078054 -0.278954 0.267109 -0.068746
0.012892 -0.096735 0.104825 -0.398706 0.070339 0.052241
0.015264 -0.023892 -0.047395 -0.024976 0.071401 0.106673
0.032620 -0.056442 0.044696 -0.352451 -0.274169 -0.003288
0.060591 0.068156 0.029008 -0.014300 -0.012794 0.012941
-0.134519 0.110538 -0.047672 -0.015532 -0.163675 -0.131561
-0.013608 -0.004945 0.033653 -0.280232 0.290029 -0.076467
0.107161 0.021520 0.066498 -0.244013 -0.290948 0.254195
-0.101223 0.000257 -0.096084 -0.014210 -0.010486 -0.028351
0.009887 -0.020696 -0.010353 -0.087169 0.032842 0.141741
0.082242 0.112439 -0.070636 -0.166810 -0.001186 -0.246395
-0.019386 0.004326 0.013731 -0.033489 0.063726 0.001302
-0.009739 -0.018674 -0.039277 0.049161 -0.007855 -0.028369
0.019495 0.044745 -0.022108 -0.005597 0.008276 -0.007505
0.013158 0.013625 0.022424 0.138722 0.064574 0.078410
-0.017761 0.004914 0.114609 0.221672 -0.121223 0.250321
0.005857 0.009152 -0.002655 -0.251247 -0.110214 0.229195
0.051796 0.091405 -0.088858 0.083022 -0.033325 -0.057379
0.001733 -0.001952 0.005609 -0.205277 0.205559 -0.010697
-0.034424 0.005376 0.045858 -0.002832 0.020858 0.068918
-0.084714 -0.078079 -0.047362 -0.131320 -0.106393 0.188457
0.095767 0.100113 -0.101971 0.120031 -0.095528 -0.175849
0.010618 -0.029507 -0.025846 0.022996 0.066835 0.029451
0.096922 0.054283 -0.030735 0.329229 -0.352552 0.261387
0.014836 0.019528 0.023608 -0.035209 0.032574 0.041503
-0.047444 -0.081627 0.091770 0.093742 0.232168 -0.187178
0.012423 0.038697 -0.035015 -0.026973 -0.029511 0.018695
0.058097 0.087290 0.072946 0.072926 -0.176318 0.125622
0.009394 0.033993 -0.000076 0.125019 -0.136494 0.103555
0.005668 0.025296 0.025876 0.047580 0.031113 0.299532
-0.069678 0.148657 0.060905 0.093951 0.040093 0.095404
-0.002650 0.020675 -0.012266 0.173881 0.068337 -0.358539
0.047048 0.071755 -0.049942 0.009103 -0.032960 0.015615
-0.045271 -0.076021 -0.013806 0.060093 0.015665 -0.275896
-0.156758 -0.057808 0.052401 -0.035595 0.044451 0.034932
0.048355 0.038105 0.037971 0.201417 -0.119774 -0.059445
0.008642 -0.012920 -0.016539 -0.038317 0.098952 -0.062667
0.002700 0.061860 0.003668 0.164422 0.171373 -0.223403
-0.011377 -0.089784 -0.065590 -0.002559 -0.038281 -0.113202
