-0.081062 0.079505 -0.087337 0.059507 -0.005569 -0.042421
-0.051482 0.148686 0.040703 0.319883 -0.123922 0.324351
-0.041482 -0.044244 0.021612 0.162896 -0.246169 -0.081392
0.034215 0.041389 0.004042 0.001135 -0.015278 0.003558
-0.007045 0.006959 -0.011687 -0.169189 -0.212329 0.303635
-0.001990 -0.057126 -0.013012 0.145495 0.347856 -0.075181
-0.000082 0.011356 0.003176 -0.101712 -0.226924 0.039639
-0.094706 0.064411 0.003687 0.109656 -0.013073 -0.044945
-0.059828 -0.079561 0.019437 0.021016 0.000803 0.003828
-0.028843 -0.019215 -0.025719 0.345506 0.351687 0.353445
-0.062967 -0.054710 -0.012568 -0.048676 0.007632 0.046511
-0.003693 0.101433 -0.123299 0.332032 -0.300104 0.287950
0.041963 0.045281 -0.047416 -0.204002 -0.244196 -0.262619
0.067027 0.084993 -0.079209 -0.114742 -0.039000 -0.007651
0.050727 0.041622 0.051206 -0.019417 0.030289 -0.028420
-0.025975 -0.039296 -0.000479 0.392629 -0.396578 0.131380
-0.020514 0.029753 -0.049880 -0.006332 -0.006034 0.002338
0.101753 -0.038324 0.068792 -0.035304 -0.111456 -0.003555
-0.019106 -0.009014 0.008777 -0.046537 -0.038559 0.038003
-0.013760 0.007185 0.014116 0.020318 -0.102662 0.284480
-0.079892 0.040908 -0.097271 0.037768 0.338693 0.211840
-0.001436 -0.016619 -0.031572 0.007593 -0.033060 -0.039682
0.018638 0.026600 0.005801 0.092097 0.023348 0.091809
0.030227 -0.049627 0.059289 0.259230 -0.039815 -0.423350
-0.102869 -0.035514 -0.046537 0.153529 -0.082893 0.067781
-0.026724 0.051000 0.047946 -0.157262 0.332209 0.409569
0.017914 -0.013430 -0.021471 -0.042158 -0.017761 -0.052268
-0.035346 -0.049818 0.014222 0.222224 -0.345404 -0.385885
0.016830 0.031282 0.023373 -0.119803 -0.126008 0.122231
-0.087170 0.091144 -0.098446 -0.050124 0.068046 -0.030166
0.012400 0.013311 -0.019939 -0.048865 -0.046924 -0.135049
-0.026253 -0.036744 0.048853 0.075198 -0.109945 0.076856
-0.041327 0.012785 0.023397 -0.338706 0.059245 0.320686
0.057719 0.001454 0.065049 -0.055807 0.036194 -0.184842
-0.037083 -0.020938 -0.032929 -0.033904 0.066059 0.033778
-0.004166 -0.089461 0.096549 0.109699 0.120986 -0.063856
-0.037779 0.006756 0.067184 -0.003643 0.008953 -0.003260
-0.050051 0.020949 -0.043260 -0.003620 -0.039600 0.037975
0.019117 -0.010337 -0.033850 -0.098282 -0.116732 -0.187339
0.020735 0.009188 0.043776 0.100111 -0.363978 0.411300
