-0.089487 0.009092 -0.082980 0.052250 0.096818 0.241923
-0.015006 -0.000451 -0.002249 -0.052576 -0.058796 -0.018587
-0.008824 0.018255 0.002267 -0.214573 -0.330072 0.425210
0.034418 0.067947 0.009377 0.344703 0.317863 -0.240933
-0.146524 -0.061519 0.103870 -0.047321 -0.207237 -0.115033
0.065137 0.039282 0.100231 0.307206 0.035087 0.132716
-0.012992 -0.007447 -0.003723 -0.038379 0.015693 0.026324
-0.037119 0.130272 -0.150918 -0.186216 0.285750 0.173475
0.023394 0.121189 -0.068633 -0.218916 -0.240699 -0.006477
0.014631 -0.015861 0.003114 -0.219337 -0.158256 0.092041
-0.064122 0.035637 0.024640 -0.054686 -0.003096 -0.070527
0.037678 -0.038877 -0.053084 0.288772 0.384883 0.313347
-0.028692 0.004915 0.028283 -0.271838 -0.088109 0.145223
-0.070658 -0.036122 0.024640 0.066027 -0.027649 0.058330
0.057389 0.040750 0.072697 -0.014128 0.047682 0.242725
0.007062 -0.013743 -0.046561 0.204846 -0.203626 -0.179286
-0.144638 -0.110815 0.072695 0.059043 0.098106 -0.033943
0.148169 0.156939 0.123476 0.390503 -0.087977 -0.181642
0.008888 0.118587 0.065473 -0.073946 -0.422044 0.152991
-0.006202 -0.001719 -0.008501 -0.220792 0.221360 -0.180441
0.079083 0.020024 0.084597 0.091080 -0.114931 -0.016043
-0.019193 0.125859 0.074189 -0.066086 0.060959 0.063674
-0.019725 -0.005345 0.115176 -0.117512 -0.096212 0.015047
-0.008520 0.050376 0.014213 -0.011018 0.001768 0.114777
-0.056834 -0.067246 -0.070567 -0.091356 0.339380 0.041485
0.097783 0.115202 -0.071648 -0.042050 0.028782 -0.080553
-0.074617 0.046332 -0.018589 -0.183077 0.117624 -0.162984
-0.135082 0.030887 -0.014639 -0.250179 0.123657 0.071710
0.099019 0.029177 -0.084736 0.070288 0.075003 -0.241080
-0.013434 -0.053344 0.034735 -0.071348 -0.082644 0.164535
0.014864 0.029994 -0.037606 -0.007956 -0.013156 -0.006945
-0.022813 -0.024941 -0.033984 0.003503 0.014094 0.026314
-0.015813 -0.013674 0.011809 0.315774 0.039532 0.392954
-0.010592 -0.006477 0.010582 0.111160 0.111898 -0.179029
0.028966 0.049477 -0.077703 0.027149 -0.053207 -0.225921
0.105212 -0.009459 -0.056228 -0.050969 0.075958 0.032645
0.040176 -0.051753 -0.037105 0.186143 0.142740 -0.009250
0.045114 0.031031 -0.031702 0.136859 0.033837 -0.021009
-0.011801 -0.026968 0.060046 -0.109568 0.178343 0.124747
