-0.034172 -0.125768 -0.006848 0.360130 0.137462 0.229031
-0.006299 -0.008830 -0.000208 -0.009480 -0.002824 -0.001706
-0.038638 -0.009973 -0.006852 -0.046328 -0.034387 0.093292
-0.131621 -0.098766 0.102455 -0.145198 -0.060951 -0.083650
-0.074919 -0.015515 -0.046011 0.062806 0.070889 -0.055161
0.158189 0.117221 0.078416 0.109985 -0.183142 0.201434
-0.058238 -0.100525 -0.017849 0.073689 0.251825 -0.326461
0.048840 0.009349 -0.043672 0.161745 0.133460 0.143035
-0.025735 0.024229 0.005752 0.002500 -0.002205 -0.001161
0.002762 -0.003531 0.000533 0.007106 0.064848 -0.258334
0.104056 -0.108302 -0.105297 -0.043923 -0.242445 -0.152375
-0.086394 -0.046191 -0.009539 -0.035263 -0.030933 0.020994
0.081688 -0.057858 0.131978 0.335588 -0.187708 -0.087361
0.005760 0.004737 -0.005694 0.016993 0.012440 0.048602
0.041021 0.059529 0.076767 0.007696 0.002873 -0.029175
-0.108237 -0.025041 -0.060762 0.024930 0.022010 0.025597
-0.050949 0.039438 -0.007558 -0.000885 -0.003071 0.004518
0.056299 -0.096340 -0.040334 -0.020303 -0.045285 -0.178153
0.034730 -0.029916 0.009988 0.059775 -0.065633 0.034740
-0.002787 0.003601 -0.000009 0.190103 0.214647 -0.049164
0.025707 0.003768 0.006833 -0.009012 0.255886 -0.221774
0.164578 -0.072981 0.151697 -0.226723 0.286935 0.341415
-0.009034 -0.000681 -0.013804 0.349397 0.290903 -0.245705
0.007416 -0.028493 0.008082 0.026437 -0.022535 0.019217
-0.083809 0.146742 0.162412 0.093304 -0.034252 -0.068258
0.051653 -0.076570 0.036710 -0.328564 -0.146843 0.050599
-0.043592 0.003600 -0.035289 0.394503 0.090654 -0.218536
0.061394 -0.011273 0.031337 -0.029531 -0.079233 0.074230
0.039093 0.081122 0.078181 0.142938 -0.230503 0.136942
-0.003377 -0.067606 0.034877 0.144448 -0.021569 -0.221593
-0.059029 -0.021395 0.009994 0.147469 -0.224119 0.105356
0.076889 0.064452 -0.012219 0.028546 -0.047989 -0.060684
-0.024134 0.046283 0.027343 0.072315 -0.195623 -0.015096
-0.040228 -0.001460 -0.034314 0.035059 -0.001685 -0.031403
-0.020614 -0.069300 -0.067182 0.390516 0.318069 0.399265
-0.049134 -0.014937 0.025053 -0.009521 -0.028491 -0.010535
-0.131282 -0.055475 0.029082 0.042815 0.013641 0.049102
0.034438 -0.002227 -0.099399 0.222541 -0.426700 -0.421397
-0.008914 0.049869 -0.137665 -0.005792 -0.071742 -0.068831
-0.099805 0.028024 0.000314 0.011919 -0.029311 0.098981
