0.034564 0.086608 -0.007986 -0.005382 -0.015366 0.003109
-0.012181 -0.016689 0.000978 0.009696 -0.000782 0.006841
0.006335 0.012459 -0.017140 0.043808 -0.002439 -0.042362
0.095634 0.024006 -0.009039 -0.172045 0.089950 0.269810
-0.034643 -0.014690 -0.037021 0.153720 -0.040015 0.128858
-0.012688 0.014276 -0.040998 -0.326739 -0.260101 -0.418027
0.014109 0.024027 0.011595 -0.039160 0.045658 -0.019742
0.058428 0.107933 -0.051714 -0.022437 0.017349 -0.017781
-0.041577 0.049475 -0.038644 -0.005560 0.005829 0.006697
-0.031563 -0.008120 -0.030956 0.082601 -0.064544 -0.306455
0.017334 0.002075 0.028832 -0.015812 -0.002676 0.023899
-0.021449 -0.044126 -0.027130 0.216358 0.402635 0.252622
-0.004460 0.078230 0.105638 -0.047421 -0.036547 -0.006986
0.113132 0.025099 0.110701 -0.057026 0.183149 -0.145361
0.014186 -0.092579 0.110152 0.014990 0.007617 0.055385
0.053007 0.092008 0.118097 0.020701 0.018819 0.052806
0.036103 -0.033797 0.042789 -0.026423 0.039292 -0.163755
-0.038170 0.033580 -0.065891 0.135109 0.142445 -0.414353
0.057544 -0.008561 0.059185 0.205527 0.064849 0.003057
0.104659 -0.020488 0.029862 -0.068900 0.325334 0.186926
-0.020065 0.029340 -0.088169 0.037482 0.110590 0.020749
0.020445 0.059085 -0.080811 -0.110607 -0.179131 0.067337
-0.031701 -0.013217 0.030585 -0.086797 -0.272597 -0.296619
0.018324 0.089276 -0.058290 -0.069671 -0.088900 0.009262
-0.100916 0.058596 -0.021613 -0.113848 -0.051519 0.211134
0.025640 -0.020617 0.046467 -0.237716 0.146907 -0.236695
-0.028393 -0.041822 -0.029115 -0.147082 0.191592 -0.148676
-0.037212 0.005340 -0.007829 -0.010562 0.135355 0.136931
0.036995 0.016680 -0.037615 0.133521 0.260864 -0.302448
-0.034569 0.024955 0.023572 -0.014477 -0.007201 0.014094
0.019684 0.032677 -0.129332 -0.269796 -0.280760 0.173946
-0.013920 0.009255 0.003873 -0.214841 0.009636 -0.153911
0.075578 0.063935 0.023461 0.066566 -0.148251 0.109134
0.091514 -0.046848 0.009763 -0.015484 0.013476 0.034497
0.030156 0.001055 0.019628 -0.238425 0.255454 0.212517
0.104454 0.050308 0.042187 0.410767 -0.007215 -0.105863
0.048725 0.042601 0.103486 -0.084031 -0.008047 -0.050103
0.016976 0.018611 -0.030727 -0.213387 0.004706 -0.034927
0.019680 -0.015873 -0.087958 -0.002037 -0.012313 -0.010056
0.036373 0.071830 -0.052289 0.029514 -0.278514 0.281050
