-0.102917 0.089604 -0.069438 0.336569 -0.054955 0.144955
-0.006119 0.008106 0.066968 -0.068526 0.066695 -0.050770
0.010640 -0.016696 0.022931 -0.211673 -0.167757 0.409619
-0.016256 0.002231 0.015681 0.023199 -0.077602 0.015441
0.148102 -0.039580 -0.113966 -0.113310 0.001103 0.090692
0.005099 0.008952 -0.006191 0.043890 0.087254 -0.347972
-0.017971 -0.069067 0.043370 -0.063245 0.189612 -0.227617
0.033661 0.078390 -0.054258 -0.119576 0.160620 0.061871
-0.148596 -0.064827 -0.120391 0.021271 -0.037090 0.021545
-0.007768 0.011718 -0.026825 -0.074843 0.067687 0.267946
-0.002760 -0.057850 -0.041901 -0.392707 0.110323 -0.361134
-0.012248 -0.005956 -0.008864 0.163500 0.065507 0.024517
0.021858 0.086809 0.107076 -0.109848 0.120505 -0.166016
0.001693 -0.000036 -0.000957 0.068914 0.303213 -0.271447
0.004706 -0.003969 0.005009 -0.000883 0.000729 0.000539
-0.027929 -0.021650 0.007695 0.002986 0.180428 -0.051796
-0.065261 0.029562 0.138057 0.046711 0.081357 -0.027161
0.065692 0.140778 -0.060923 0.073487 0.084012 0.057231
-0.069595 -0.018505 -0.029352 -0.105551 0.356347 -0.219564
-0.067839 -0.009575 0.139330 0.162000 0.077098 0.353796
-0.025526 0.026151 0.021633 -0.234855 0.055240 -0.169375
0.022353 0.010413 -0.014259 0.215634 0.137285 -0.315936
0.013890 -0.015852 -0.020658 -0.004009 0.018200 0.027395
0.108493 0.096201 -0.083878 0.253074 0.146048 0.061111
0.098455 0.025134 0.031070 0.111067 -0.200410 0.156614
0.101567 -0.005533 -0.033514 -0.012107 0.055379 0.024694
0.012638 -0.005200 -0.004833 -0.016856 0.210909 -0.176918
-0.038317 0.093526 0.045339 0.101593 0.144509 -0.110040
-0.006640 -0.000817 0.002867 0.085806 -0.235067 -0.120985
-0.041558 0.019905 -0.054411 0.171304 0.195022 -0.321307
-0.003439 -0.013839 -0.030116 0.130022 0.036111 0.360370
0.084724 0.025655 0.044129 -0.464072 -0.114830 -0.271138
-0.007076 0.001713 0.002881 -0.160791 -0.042107 -0.243378
0.083971 -0.047731 -0.031765 0.206416 -0.084566 0.089597
-0.040702 0.030470 0.033466 -0.142276 0.007308 -0.176701
0.053726 0.058208 0.068600 0.230678 0.238086 0.224237
0.138904 0.048259 0.053195 -0.027544 0.050289 -0.077854
0.038509 -0.069140 0.030718 0.093835 -0.032088 -0.184515
0.044706 -0.118104 -0.043914 -0.029696 -0.036604 0.009848
-0.084247 -0.087246 0.094890 -0.025560 -0.036110 0.070744
