-0.022138 0.151132 0.092967 0.021899 0.036552 0.335740
-0.062755 -0.028703 0.058967 0.181320 -0.040799 0.171409
0.001564 -0.112484 0.035519 0.172523 -0.031915 -0.424768
0.165738 0.073459 -0.137935 0.338848 0.278002 0.044641
0.004922 0.069107 -0.013652 0.004266 -0.008686 -0.007373
-0.007049 -0.046111 0.003695 -0.038528 0.088038 0.016483
-0.085042 -0.118273 0.011314 0.006884 -0.020203 0.039130
0.013658 -0.032874 -0.025913 -0.199966 -0.033827 -0.185080
0.022958 -0.103442 -0.095773 0.032462 0.019244 -0.019607
-0.018287 -0.022707 0.022750 0.186787 -0.102538 0.164843
0.130243 0.050754 0.070578 0.402935 0.208919 -0.104886
0.035581 0.035005 -0.030893 -0.334208 0.015685 0.138305
-0.064111 0.000772 -0.028490 -0.163617 -0.022041 0.000165
0.029022 0.011838 -0.031894 -0.041965 -0.488949 -0.152031
-0.075283 0.021345 -0.078200 -0.190161 0.025706 0.127795
0.017992 -0.109618 -0.074074 -0.104111 -0.115666 0.033403
0.015692 -0.000565 -0.011524 0.238935 -0.063821 -0.259590
0.040958 -0.031386 0.096712 0.077001 0.047088 -0.026937
-0.048427 0.022359 -0.004439 -0.114232 0.010236 0.130470
0.109699 -0.153203 0.033434 -0.391969 0.437931 0.161359
-0.037929 -0.062251 0.035728 -0.043753 0.118543 0.002627
0.001283 -0.111059 0.044017 0.173461 -0.049080 -0.049060
0.012861 0.008766 -0.002633 -0.294357 0.011327 0.035760
0.104735 -0.032871 0.019296 -0.234308 0.093094 0.232210
-0.036973 -0.069613 -0.022117 0.144784 0.113034 0.106926
-0.036030 -0.008980 0.023844 0.034804 0.015648 0.054707
0.058797 -0.013335 -0.058793 0.150745 -0.344443 -0.296841
0.052414 -0.014717 -0.078966 -0.040640 0.156147 -0.115085
-0.045790 -0.070558 -0.060221 0.081127 -0.350033 -0.290858
-0.047426 -0.103449 0.048274 0.204563 0.097056 0.029133
0.009423 -0.049585 -0.016960 -0.024908 0.136971 -0.022126
0.093690 -0.143515 -0.132825 0.019036 0.012734 0.064209
0.076267 0.020747 0.010413 0.149324 0.203975 0.331950
0.133647 -0.094385 0.093562 0.396929 0.103818 0.079896
-0.094011 0.047967 -0.024633 -0.208859 0.062508 -0.255145
-0.040477 0.027637 0.012473 -0.005270 0.009742 0.017210
-0.119351 0.013652 -0.118437 0.046479 0.000246 -0.128530
0.001048 0.048020 0.038933 -0.047687 -0.051141 -0.052784
-0.016076 -0.013656 -0.012111 0.317066 0.419719 -0.326132
0.015227 -0.009883 -0.011195 -0.103780 -0.269207 0.136909
