0.012276 0.006165 0.009064 -0.048599 -0.324771 0.025339
-0.047731 -0.030693 0.097293 -0.123085 -0.131229 -0.055346
0.162632 0.092145 0.021476 -0.001794 0.000897 -0.018220
-0.011960 -0.011014 -0.050666 0.363793 0.390446 -0.400288
-0.004780 0.039532 -0.026339 -0.082890 -0.264360 0.226583
0.000101 0.006713 -0.052510 -0.067456 0.165668 -0.247324
-0.004469 -0.085351 -0.016536 -0.123770 0.078521 0.142026
0.023867 0.139093 0.042130 0.008764 0.068002 -0.035940
-0.066272 -0.076451 0.054346 -0.002908 0.002749 -0.001885
-0.015619 -0.016266 -0.000337 -0.084431 0.209269 0.073430
-0.013143 -0.039351 -0.012850 0.068910 -0.146909 -0.109690
0.023457 0.066710 0.051037 0.027592 0.027094 0.005574
-0.016297 0.015745 -0.004073 0.438584 -0.095804 0.405028
0.082070 0.024578 0.157968 -0.114625 -0.114686 0.051319
0.106143 0.014305 0.019058 -0.191180 0.080533 0.136146
-0.061955 -0.012502 0.030079 0.214113 -0.178229 -0.150302
-0.011691 -0.091150 -0.032648 0.033047 0.005882 0.007478
-0.041967 0.004825 0.039566 -0.036077 0.185563 -0.026600
-0.076307 -0.021177 -0.015127 -0.136122 0.261065 -0.045143
0.000816 -0.000689 0.000460 0.124474 -0.107975 0.010177
-0.065498 -0.039859 -0.106956 -0.077404 0.233016 -0.253378
-0.124461 0.053991 -0.022975 -0.165591 -0.201544 -0.162529
-0.106810 0.089641 0.112782 -0.005251 0.003712 0.043491
0.049432 0.041866 -0.002262 0.166674 -0.168786 -0.053247
-0.014185 -0.027742 -0.013469 0.118072 0.372596 -0.308322
-0.008966 -0.001165 0.008533 -0.014595 -0.204318 -0.116689
0.007098 0.043759 -0.073752 0.126365 0.011187 -0.277212
-0.046360 0.044122 -0.044327 -0.317136 0.212112 0.225732
-0.015925 -0.000810 0.011598 -0.178908 -0.201510 -0.229826
0.128204 0.075187 -0.096554 0.275108 -0.044601 0.309777
0.007810 0.002146 0.015548 0.211117 -0.162501 -0.201190
-0.017170 -0.060243 0.009159 -0.322291 0.333557 -0.304006
-0.003935 0.003705 0.022450 -0.010689 0.010987 -0.010205
-0.043863 -0.069320 -0.138907 -0.085533 -0.088161 -0.087726
0.010262 0.000920 -0.012694 0.407312 0.277030 0.335384
0.000299 0.024664 0.053023 0.264817 0.116181 -0.061749
0.001016 0.003970 0.005492 0.007027 0.077704 0.231142
0.027446 -0.011020 -0.000720 0.064996 0.085983 -0.039465
-0.013784 0.013349 -0.001520 0.340789 -0.149811 0.118143
-0.000763 0.023096 -0.021745 0.051507 0.124272 0.026475
