0.007885 -0.012288 -0.007446 -0.410413 0.422157 -0.461593
0.046791 0.005519 0.003126 0.118094 -0.005868 -0.017746
-0.037381 -0.137554 -0.142820 0.072501 -0.006247 0.062604
-0.063100 -0.067100 0.041126 0.017654 -0.022018 0.008193
-0.009329 -0.012537 0.030553 0.050395 0.055217 0.038077
0.006022 0.012325 -0.008370 0.099693 -0.173284 -0.045026
-0.011287 0.010156 -0.018410 0.288267 0.207868 -0.008838
-0.000749 -0.000055 -0.000419 -0.281639 0.013141 -0.203896
-0.014939 0.011821 0.016026 0.048850 -0.037030 -0.004346
0.010656 -0.011437 -0.060843 -0.003669 0.002913 0.015559
-0.053237 0.037210 0.068919 0.025479 0.141196 0.201799
-0.012879 -0.040276 0.056766 0.378867 -0.175244 -0.115708
-0.016638 0.013204 -0.008105 0.189212 -0.108341 0.184959
0.000264 -0.003411 0.002092 -0.022819 -0.070808 0.042560
-0.039491 0.095020 -0.003397 0.022868 0.092753 0.219438
0.017450 0.021493 -0.010891 0.044481 0.062560 0.003453
-0.055823 0.061393 0.059963 -0.111444 -0.085135 -0.086277
-0.098596 -0.009982 -0.127337 -0.252086 -0.150903 -0.277883
-0.038375 0.009054 0.012471 -0.355940 -0.221173 -0.386643
0.016482 -0.021161 0.071731 -0.270121 0.187379 0.382699
0.011391 -0.047012 -0.004510 -0.005818 -0.005906 0.011107
0.015999 0.023330 -0.047106 -0.204139 -0.200025 0.256212
0.016123 -0.021978 -0.035747 -0.063635 0.008391 0.065717
-0.005175 0.009137 0.008099 0.060218 0.093721 -0.199606
0.014976 0.009817 0.012634 -0.006761 0.026267 0.113059
-0.005426 -0.022305 0.020255 0.098570 0.219810 -0.194006
-0.088895 -0.115774 -0.054782 -0.001395 -0.221343 -0.388576
0.009468 0.023225 -0.017523 -0.002977 -0.032461 0.025933
-0.016871 0.003867 -0.016896 0.018444 -0.083801 0.080075
-0.070588 0.056514 -0.018213 -0.370883 -0.153591 -0.093075
0.101721 0.108288 0.033296 -0.166442 -0.123238 -0.034613
0.046489 0.031107 0.002115 0.149109 0.194761 0.124358
-0.011172 0.002111 0.057358 -0.089915 -0.093572 0.126618
0.126321 -0.035210 -0.057431 0.149973 0.019056 0.053645
-0.000180 -0.000358 0.000126 -0.299422 -0.124428 0.358739
0.070917 0.074293 0.043620 -0.071623 -0.024604 -0.276324
-0.103125 -0.075208 -0.030788 -0.063769 0.000278 -0.065759
-0.014599 0.006514 -0.072704 -0.006384 0.019270 -0.045915
0.011156 -0.027343 -0.022679 0.082512 -0.183002 -0.135314
