-0.001117 0.013289 0.005883 0.082648 0.047406 0.059219
-0.093196 -0.039093 0.082327 0.079197 -0.060659 0.003077
-0.019639 -0.119329 0.127432 0.001714 0.003416 -0.190661
-0.075325 -0.042571 0.020943 0.021378 -0.106191 -0.105225
-0.008114 0.007780 -0.005147 -0.006414 0.006113 0.005036
-0.042766 -0.109109 0.086089 -0.279467 -0.372353 0.149005
0.001878 -0.013138 0.004300 -0.028876 -0.036409 0.174373
-0.045801 0.059392 0.075193 0.143203 -0.049440 0.330283
-0.016425 0.027349 -0.018958 0.177173 -0.080899 0.368786
-0.040245 -0.079416 0.090727 -0.322265 0.360218 -0.308292
0.017396 0.039590 0.029442 0.016057 -0.037642 0.057546
0.085951 0.006189 -0.003594 -0.068383 0.272866 0.017416
-0.033390 0.044923 0.032892 -0.272646 0.226425 -0.061943
0.004752 0.003934 -0.001922 0.010898 0.002269 -0.022747
-0.050739 -0.009774 0.038535 -0.346231 -0.264210 0.170459
-0.001423 -0.014843 -0.028313 0.295072 -0.101524 -0.036243
0.000654 0.010410 0.090253 0.284432 -0.216423 0.380685
-0.134499 -0.005075 0.016691 0.252202 0.395154 0.067839
-0.034097 -0.029711 -0.024170 0.066062 0.125746 0.101012
0.073378 -0.060923 -0.075717 -0.238932 -0.024334 0.338428
0.012746 -0.052862 -0.004746 -0.416890 0.121936 -0.374971
0.062207 -0.050517 -0.065495 0.165563 -0.145997 -0.078444
0.006936 0.064898 -0.122634 0.116240 -0.031613 -0.129900
-0.028057 0.109339 0.128281 0.177163 0.003936 0.384825
-0.003221 -0.000454 0.044550 -0.127510 -0.092322 0.071252
-0.053418 -0.071457 -0.030185 -0.332539 -0.300181 0.385929
0.119921 0.067432 -0.118931 -0.076225 -0.093136 0.021665
-0.045377 -0.028860 0.004287 0.150578 -0.166332 0.163464
-0.010212 0.003965 -0.013943 -0.055382 -0.009599 -0.302105
-0.011722 0.032154 0.015202 -0.011288 -0.062016 0.125602
-0.001844 0.011135 0.028482 0.003754 -0.001852 -0.010110
0.018203 0.003830 -0.016179 0.009276 -0.028322 0.054397
0.037465 -0.046960 -0.070381 0.299338 0.214085 -0.028105
0.023802 -0.023662 -0.012389 0.003879 -0.000800 -0.003346
-0.012106 -0.029650 0.063872 -0.095901 0.108249 -0.041758
-0.001499 0.035542 -0.021401 0.084736 -0.026129 -0.009249
-0.047380 0.073068 0.089281 -0.123368 -0.189968 0.183206
-0.098942 -0.027530 -0.018346 0.007598 -0.002241 -0.009646
0.002099 -0.036964 -0.045718 0.323612 0.355767 0.095790
0.002374 -0.044153 -0.065616 -0.139175 -0.139206 0.180224
