-0.018234 -0.033880 -0.016846 -0.019014 0.037434 0.067576
0.029322 0.014039 -0.085719 0.163159 -0.066433 0.029463
0.137826 -0.045271 0.125324 -0.172783 -0.134501 -0.074950
0.003088 0.056799 0.009995 -0.012126 0.015428 0.097756
0.034640 -0.056284 0.039266 0.027807 0.052175 0.008508
-0.045528 0.039302 -0.035368 -0.097712 0.004497 0.047605
0.025976 -0.092135 -0.062300 -0.221439 0.006653 0.169964
0.047239 0.042626 -0.049850 -0.275416 0.181592 -0.264730
-0.042941 -0.063756 0.007124 0.107624 0.093906 0.108785
-0.036767 -0.001481 0.043442 -0.072444 0.050400 -0.075429
0.004461 -0.002564 0.002559 -0.136545 0.110038 -0.188609
-0.026202 0.024615 -0.028083 0.092536 0.086291 0.164479
-0.033541 -0.021280 -0.037356 -0.149092 0.064223 0.209351
0.001730 0.016527 -0.011234 0.147912 -0.099142 0.355500
-0.007077 -0.012461 0.008332 0.026231 0.011253 -0.013390
-0.090532 0.095714 0.028917 -0.109727 0.163663 0.004033
-0.098128 -0.009066 0.037160 -0.018650 0.002966 -0.062272
0.132762 -0.047347 -0.107991 0.212723 0.125199 0.078417
-0.013839 0.006300 0.017216 -0.006197 0.013349 0.034177
0.003668 0.101687 -0.079158 0.091853 0.180329 0.063635
-0.132995 0.016809 0.084131 0.013013 -0.007638 -0.018262
0.098179 0.006082 -0.007641 0.037494 0.009748 -0.002884
0.023067 0.028541 -0.042243 0.020783 0.061635 -0.006341
-0.023625 0.034373 -0.013871 0.131479 0.287344 -0.037333
-0.109518 -0.100642 -0.069596 -0.006746 -0.014894 0.018005
-0.012416 -0.008007 -0.095493 -0.064940 0.049336 -0.153450
0.104426 0.004701 0.106711 0.030523 -0.086591 0.022553
-0.007321 0.015130 0.006115 -0.250515 -0.389672 0.019356
-0.008564 0.006588 0.006092 0.028330 -0.061165 -0.048027
-0.115801 0.127949 -0.031902 0.025164 -0.007031 0.026719
-0.037551 -0.027917 -0.064595 -0.114982 -0.067414 0.117553
0.136199 -0.053927 -0.094784 -0.040297 0.009130 -0.027264
0.003472 -0.003567 -0.002693 -0.075319 0.030061 0.088424
0.014622 0.042103 -0.023002 -0.172364 0.028649 -0.053521
-0.003265 -0.003455 0.004208 -0.033558 -0.007462 0.004972
-0.007558 -0.128390 -0.074103 -0.059707 -0.077611 0.124699
-0.080832 0.038976 -0.049895 -0.243229 -0.058548 0.289601
0.008693 0.082618 0.085651 -0.177357 -0.329810 -0.226977
-0.150712 0.074592 0.136756 -0.325866 0.361633 -0.198050
0.072913 0.033244 -0.004481 0.155709 0.241582 -0.118980
-0.061892 -0.053930 -0.060045 0.183966 0.392509 -0.051113
