-0.002402 -0.013982 0.017398 -0.101850 0.339182 0.146049
0.012480 -0.002735 -0.003293 0.134045 0.269565 -0.068292
-0.146831 -0.110138 -0.006862 -0.002367 0.006002 -0.004030
-0.007504 0.011516 -0.019581 -0.074219 0.065120 -0.087850
-0.034346 0.024796 0.162775 -0.018953 0.011581 0.006078
0.046733 -0.039072 -0.004947 -0.165660 -0.066866 0.184240
-0.017450 -0.003407 0.044402 -0.052278 0.048452 -0.008306
-0.068634 -0.036368 -0.169010 -0.014423 -0.049722 -0.014801
-0.014364 -0.039658 0.014315 0.243632 -0.166347 -0.247054
-0.003461 -0.002222 -0.003260 -0.002477 0.022103 -0.008413
0.075929 -0.029312 0.086773 0.117967 0.108720 0.098584
-0.012080 0.018404 -0.004780 -0.049576 -0.062455 -0.083568
-0.101678 0.113189 -0.092082 -0.070499 -0.254124 0.156726
-0.071719 0.066834 -0.011385 0.055713 0.396102 -0.429145
-0.002286 0.149225 -0.119430 -0.285603 -0.079885 0.067635
-0.028246 0.031814 -0.015058 0.091251 -0.009844 0.095409
0.000512 -0.010228 -0.004687 -0.119624 -0.062326 -0.168499
0.005465 -0.001273 0.002754 -0.205390 -0.183470 -0.416063
0.023315 0.023922 0.014652 -0.021417 -0.062670 -0.117547
0.113414 -0.042798 0.013156 -0.326900 -0.421789 -0.066605
-0.029420 -0.066516 0.057709 -0.249440 0.290079 -0.071468
-0.081901 -0.053990 -0.030533 0.021474 -0.054523 0.004969
-0.062888 -0.053352 -0.035961 -0.172661 0.077217 0.094406
0.005054 -0.037342 -0.030700 -0.049397 0.021333 0.007309
-0.092772 -0.119343 0.037251 -0.186905 -0.160228 0.324596
0.002188 0.014189 0.058330 -0.192531 0.345577 0.076347
-0.019665 -0.016839 0.014328 0.001878 -0.002094 0.001299
0.147252 0.053587 -0.014393 0.034993 0.107177 -0.153721
0.045314 -0.137405 -0.095421 -0.105482 -0.002382 -0.176729
-0.056251 -0.121099 -0.101031 0.078620 0.286508 0.274743
-0.115210 0.043005 0.045384 -0.055809 0.052045 -0.081264
-0.000767 -0.007361 0.000859 0.145413 -0.192313 -0.213948
0.069903 -0.087108 0.082189 0.085914 -0.024361 0.057004
0.027391 -0.021984 0.044187 0.119020 0.117422 0.067169
-0.000075 -0.041421 0.081454 -0.125598 -0.016135 0.017674
0.037942 0.096879 -0.034836 -0.186597 0.152183 0.108486
-0.049957 0.046752 0.003373 -0.078639 -0.033886 -0.104448
0.082108 -0.044814 0.081774 0.064995 0.024124 -0.061366
-0.069291 0.003093 0.066586 0.144354 -0.065059 0.027520
