-0.073939 0.083423 -0.084483 0.003303 0.000944 0.002101
-0.085803 -0.045090 0.098421 -0.145803 -0.000117 0.192203
0.005441 -0.061073 -0.118121 -0.015438 -0.097938 -0.000334
0.005799 0.028223 -0.026741 -0.084410 -0.157194 0.128435
-0.044030 -0.093908 -0.016628 0.038271 0.048385 -0.147547
-0.009908 -0.076653 0.090365 -0.000444 0.011741 0.001208
0.027969 -0.099064 0.071565 0.313576 -0.090525 0.025169
-0.024247 -0.001952 0.014562 0.192805 0.005772 0.203614
0.099920 0.018111 0.129728 0.369844 0.240654 0.155855
0.002304 -0.018136 0.042662 0.319485 0.362657 -0.418094
0.055779 -0.013880 0.053916 0.294964 0.264114 0.191123
0.023792 0.038153 -0.045929 -0.061801 0.072824 0.023328
-0.126087 0.051844 -0.075551 0.199116 -0.510120 0.418534
0.016474 -0.039334 -0.015587 -0.067875 0.036544 0.084407
-0.146859 -0.100291 -0.020567 0.260779 -0.088702 -0.099926
-0.041650 0.047891 0.012162 -0.020429 -0.017022 -0.015585
0.082857 0.010344 -0.037565 0.064671 0.071744 -0.031258
-0.128530 -0.012970 -0.035218 0.023267 0.013788 -0.019460
0.015721 -0.100256 0.115367 0.171328 -0.194292 0.045745
-0.000437 0.008484 0.004970 0.036394 -0.005991 0.029453
-0.056010 -0.010305 -0.011433 0.306577 0.180150 -0.059435
-0.061428 0.044863 0.008628 0.070811 0.094561 -0.077441
0.143391 0.020151 0.109122 -0.086537 0.073744 -0.017681
0.084653 0.050617 -0.123104 0.044730 0.015324 0.007649
0.076172 -0.003725 0.000849 0.081046 0.147684 -0.069108
-0.023719 -0.023314 0.017686 0.053315 -0.022869 0.050766
0.050467 0.068474 -0.145258 -0.195126 0.157065 0.098122
-0.021648 -0.032279 -0.033506 0.109769 0.126888 -0.049167
0.035862 0.002847 -0.021494 -0.046741 -0.276587 0.039644
0.002406 -0.023761 0.002225 0.012168 -0.087516 -0.211898
-0.006882 0.001248 0.005746 0.083246 0.076246 -0.099369
0.137494 0.105467 -0.055421 -0.401100 -0.256575 -0.054999
-0.004085 0.004042 0.001255 -0.025014 0.205403 0.004041
0.057642 0.111456 0.038540 -0.015802 0.121195 -0.055928
-0.039694 0.032021 -0.021851 0.005077 -0.001166 -0.002420
-0.039500 0.084148 -0.008404 0.006359 -0.059346 0.070436
0.007150 0.016769 0.049590 0.039143 0.120342 0.134823
-0.013625 0.051467 -0.022272 0.006924 -0.002708 -0.008483
-0.004909 -0.002087 -0.014169 -0.049461 0.040714 -0.059713
-0.039804 -0.033155 -0.051387 0.175450 0.097072 -0.016871
0.114547 -0.005416 0.121666 0.074702 0.020643 0.096310
