0.139227 0.117035 0.031885 -0.193843 -0.232797 -0.140401
0.006839 -0.049490 0.096523 -0.397720 0.356546 0.469791
0.063639 0.007357 -0.086549 -0.079452 -0.055541 0.252660
0.093728 -0.062645 -0.040643 -0.147040 0.112394 -0.273969
0.092697 -0.062788 0.073731 0.188331 -0.051169 0.039382
0.061670 -0.058385 -0.117616 -0.465209 -0.017017 -0.072853
-0.023420 -0.062391 -0.081519 -0.210891 -0.350711 -0.159564
0.078649 -0.030295 -0.025804 0.176779 -0.049300 0.002114
0.045963 -0.014817 -0.015308 0.281763 0.241108 0.323557
-0.018505 -0.003693 -0.018011 0.089179 0.006943 -0.000724
0.045854 -0.077737 0.025251 0.031843 -0.016673 -0.001753
-0.019427 0.016977 0.012093 -0.071598 0.117805 0.107934
0.024206 -0.000716 0.050369 -0.173830 0.148830 0.021981
0.120951 -0.106331 0.074834 -0.007657 0.233015 0.192347
0.006544 -0.034628 0.098409 0.001963 -0.061502 -0.071832
0.000559 -0.001870 -0.000653 -0.276850 -0.457916 0.442198
0.041009 -0.057390 -0.074944 0.019994 -0.182933 -0.038333
-0.075089 0.042347 -0.023774 0.094735 -0.079144 -0.058284
-0.076462 0.057995 0.051180 -0.052349 0.084494 0.022332
0.123300 -0.021766 -0.112071 0.173676 0.015343 0.114137
0.030663 -0.000687 0.122556 -0.238128 0.143136 -0.198313
0.054953 -0.058928 0.071709 0.109795 -0.109534 -0.105597
0.048935 -0.055905 -0.038940 -0.199815 -0.248301 -0.247930
-0.031834 0.064963 0.037082 -0.061165 0.065571 -0.014109
-0.022116 0.135028 0.084617 0.023867 0.126959 -0.069292
0.068220 -0.010868 -0.006920 -0.012486 -0.033115 0.034188
-0.102410 -0.061901 0.062249 -0.427317 -0.297609 -0.079727
-0.016807 0.047002 -0.079106 0.038129 0.184553 -0.069904
0.051602 0.062428 -0.043704 -0.042249 0.112793 0.131106
0.165471 0.134633 -0.056096 0.401337 0.294643 -0.306344
0.078780 -0.152396 -0.018963 0.212154 0.290902 -0.505553
0.005221 0.042343 0.038869 0.210502 -0.285995 0.227120
-0.015866 -0.001236 -0.014475 0.105546 -0.047905 -0.077545
0.018432 -0.146958 0.037980 -0.146238 -0.165317 0.076130
0.052003 0.042036 0.055078 0.038969 -0.236782 -0.279831
0.047140 0.010413 0.027193 0.092784 0.187448 0.317861
0.000443 -0.000924 -0.000977 -0.228929 -0.172120 -0.196339
0.021607 -0.019617 0.014322 0.021465 -0.059490 -0.054681
-0.028973 0.038734 -0.104833 -0.011076 -0.025605 0.032419
-0.018196 -0.036113 0.164956 -0.002289 0.000644 -0.003924
0.062266 0.018317 -0.077534 0.328636 0.331817 0.097068
