0.091689 -0.103576 0.028433 0.247807 0.167040 0.177216
0.028063 -0.004307 0.004472 0.040314 -0.025555 0.115899
0.064471 0.106223 -0.048563 0.004583 -0.046030 -0.036208
0.004313 -0.001700 -0.000649 0.072206 0.193765 0.206876
0.047985 -0.037085 -0.008720 -0.121696 0.235894 -0.101859
0.081269 -0.121086 0.159534 -0.015358 0.014943 -0.008609
0.053085 -0.065388 0.135539 -0.134591 0.093540 0.011102
0.010797 -0.007865 0.031510 0.082152 0.055794 -0.266582
-0.037866 0.030888 -0.060555 0.084138 -0.037056 -0.129141
0.030460 0.041952 -0.040293 0.056053 -0.069594 0.082602
0.100881 0.137916 -0.102609 0.167937 -0.098381 -0.310579
-0.090551 -0.095079 0.028207 0.025322 0.332235 0.151531
0.025536 -0.018681 0.028042 0.198688 -0.214922 0.156277
-0.073368 0.083686 0.080563 -0.048858 -0.078116 0.035634
-0.090857 -0.072713 0.038239 -0.089181 0.207451 0.279317
-0.040935 0.054045 -0.063279 0.027887 0.082725 0.064609
-0.014009 0.078110 0.017262 0.146732 -0.330567 -0.236462
0.067090 -0.085121 -0.016657 -0.043948 -0.047678 0.048839
-0.018020 0.016632 0.011269 0.226632 -0.140697 -0.003634
-0.038770 0.009270 -0.013472 -0.164519 -0.403727 -0.354558
-0.013276 0.006206 0.011876 0.249844 -0.272866 0.234471
-0.110344 0.087071 0.129727 0.034843 0.038706 0.021849
0.010511 0.018305 -0.017712 -0.022658 -0.020794 0.040310
0.002786 0.007600 -0.006834 -0.037921 -0.056540 -0.015871
-0.074927 -0.016255 0.068899 0.011309 -0.021325 0.013799
-0.004158 0.005667 0.001701 0.183875 0.057167 0.122666
-0.103959 -0.074104 0.047363 -0.093463 0.108928 0.122068
0.091316 -0.080624 0.021851 -0.012349 0.026313 -0.003662
0.031096 0.116770 -0.080285 -0.144549 0.077834 0.101138
-0.006649 0.005819 0.004175 0.166969 0.217562 0.104316
0.013559 -0.032836 -0.044935 -0.382808 -0.099961 -0.196738
-0.124268 0.132741 0.088007 0.132029 -0.095727 0.067830
0.003357 -0.003166 0.005212 -0.003473 0.048999 -0.008173
-0.023195 -0.012966 -0.040443 0.018507 -0.010706 0.019832
-0.041457 0.014109 -0.056763 0.249635 -0.073689 -0.109219
0.000768 0.001880 0.001288 -0.155930 -0.176208 -0.072627
-0.001456 0.009085 0.005516 -0.125952 -0.171081 -0.059558
-0.013159 0.007663 -0.004002 -0.051536 -0.145524 -0.138776
-0.021988 0.045531 -0.014128 -0.016565 -0.084974 0.037045
-0.011951 -0.027424 -0.033843 0.074294 -0.018665 0.142032
