0.016654 0.011195 -0.012984 -0.063945 -0.087833 0.042027
0.074907 0.089152 0.113216 0.222647 0.117074 0.175632
0.005445 0.020623 0.009043 -0.046485 0.029954 -0.015021
-0.012879 -0.095982 -0.023419 -0.043344 -0.203306 0.165712
0.008052 0.012048 -0.012085 0.228682 -0.145770 0.136373
0.000023 0.021224 -0.017787 0.056921 0.010108 -0.065300
0.002966 0.001320 0.001124 0.010360 -0.052578 0.144167
0.059978 0.063901 -0.051249 -0.022309 -0.054702 -0.059074
0.043132 -0.083323 0.041150 -0.103851 -0.135878 -0.090987
0.003112 -0.002942 0.018231 -0.106544 -0.274520 -0.152238
0.003917 -0.001600 -0.001816 -0.000475 0.072960 0.116847
0.070746 0.058450 -0.033537 0.016479 0.001549 -0.161228
0.044651 -0.121946 0.121845 0.049094 0.053770 -0.058104
-0.019084 -0.035532 0.039538 -0.189039 -0.214527 -0.125280
-0.048931 0.095461 0.063634 -0.132962 0.182211 -0.147417
-0.096745 0.019804 0.134765 -0.128966 0.004542 0.024166
-0.111086 0.007316 -0.011222 0.218741 -0.277306 -0.010506
-0.123995 0.040589 0.120721 0.393457 0.326131 0.359782
0.085096 0.052415 0.008699 -0.019138 -0.027781 0.143150
-0.044440 0.026193 0.000148 0.260496 0.165306 0.083132
0.002433 -0.002464 -0.000874 0.069033 -0.245573 0.365938
-0.009492 0.008417 0.007240 -0.049900 -0.384164 0.095916
-0.029562 0.002527 0.026246 0.103760 0.136280 -0.005897
-0.007083 0.160578 -0.036536 0.122531 0.105031 -0.074302
0.141694 -0.002812 0.110261 -0.293663 0.414242 0.139700
-0.131371 0.163939 0.011921 0.087240 -0.282496 0.071857
0.035938 0.025162 0.031115 0.021630 0.125588 0.207927
-0.000764 -0.002690 0.001741 -0.001344 -0.005209 -0.004112
-0.013103 0.008033 0.013901 0.237311 0.033846 0.206483
-0.041659 0.142513 -0.066519 -0.124801 0.095337 -0.027371
-0.104402 -0.083555 -0.036572 -0.023614 0.022006 0.015318
0.052879 -0.091460 0.002838 -0.001922 -0.012483 -0.013692
-0.000123 0.090131 -0.073310 -0.016765 -0.050969 -0.029648
0.010866 0.043675 -0.010548 -0.000716 -0.048438 0.022234
-0.000025 0.001357 0.001152 0.114149 0.046555 -0.060044
0.031692 -0.055983 -0.006056 0.013062 -0.056846 0.092598
-0.112951 -0.053869 -0.041468 0.080201 0.099319 -0.026419
0.022191 0.093723 0.078015 0.140459 0.027503 -0.030838
-0.036404 0.018042 -0.021622 0.176839 -0.149812 -0.231309
-0.063655 0.060423 0.073401 0.292198 0.114520 0.190266
