0.021980 0.061861 0.053804 0.129187 0.291804 0.191219
-0.078804 0.058354 -0.104681 0.057820 -0.011323 -0.076568
-0.006094 -0.012181 0.032517 0.239228 -0.010622 -0.287227
0.004340 -0.003874 0.004557 0.020440 0.220794 -0.019340
0.006361 -0.004413 -0.002462 -0.197606 0.143333 0.176073
-0.019915 0.056919 -0.023303 -0.165844 -0.238511 -0.202344
0.027172 -0.030614 0.062400 0.011970 -0.013634 -0.030712
-0.024570 0.146274 -0.113902 -0.008631 -0.209721 -0.126559
-0.018872 0.040852 0.021021 -0.159408 -0.134746 -0.274344
-0.077700 -0.125654 -0.115852 -0.086152 -0.313227 -0.071175
-0.029794 -0.019705 -0.021605 -0.182280 0.014264 0.211660
-0.020597 0.061836 -0.018943 -0.072793 -0.024269 -0.033434
-0.052783 0.041750 -0.050262 -0.067925 -0.150831 0.048625
-0.021195 -0.006998 -0.005213 -0.014440 0.009066 -0.043055
-0.056099 -0.072347 -0.088798 -0.014384 -0.009741 0.012590
-0.029038 0.034688 0.005492 0.228548 -0.110145 0.178052
0.036558 0.007954 -0.034405 -0.163431 -0.023860 -0.259645
0.001751 -0.004762 0.010525 -0.023646 0.050602 0.105411
0.023705 0.086248 -0.078116 0.035494 0.050331 -0.021394
-0.080188 -0.143004 0.014991 0.186141 -0.160438 -0.063748
-0.077219 -0.050302 0.115637 -0.036026 0.214530 0.071660
-0.006875 0.010097 0.013194 0.425141 -0.298859 0.146695
0.031320 0.035326 0.026639 -0.291540 0.112957 -0.168417
0.014328 0.121994 0.139922 -0.191040 0.061886 0.031484
-0.037759 0.011431 0.037663 0.451503 0.352880 0.032592
-0.053531 0.031075 0.049438 0.044430 0.025784 -0.025877
0.001443 -0.013366 -0.003824 -0.176449 -0.196968 0.024932
0.112106 -0.102041 0.051130 -0.015504 0.035878 -0.018737
-0.015291 0.019063 -0.011610 0.028164 -0.051937 0.105628
0.001006 0.002876 -0.000591 0.148607 0.190551 0.094209
-0.003703 0.020892 0.022052 -0.049422 -0.116448 -0.154177
0.006361 0.000263 -0.000097 -0.310377 -0.060936 -0.145110
-0.059664 0.064988 0.042515 0.440572 0.441940 -0.278648
0.080381 -0.065804 0.024998 0.028273 -0.276979 0.182634
0.011663 -0.017761 -0.006223 0.095772 -0.072676 -0.090502
0.024727 -0.033600 0.116946 -0.023713 0.163894 0.138488
-0.085661 -0.013711 -0.045056 -0.142011 0.018255 -0.203397
0.082348 -0.039022 -0.024907 0.347802 0.162803 -0.166141
0.114219 -0.116012 -0.044352 0.050889 0.005753 -0.075768
0.090140 0.073715 -0.029879 -0.137778 0.082176 -0.117774
-0.032724 -0.082881 0.034415 0.234759 -0.110381 0.186379
