-0.000821 -0.000342 -0.001020 0.060451 0.044801 -0.015445
0.027477 -0.048128 0.025932 -0.067353 0.043880 0.053700
0.001912 0.002559 -0.005674 0.009067 0.124061 0.172332
-0.007798 0.015440 0.027223 0.007992 -0.020415 -0.014998
0.034850 0.010917 0.028122 0.016104 -0.069162 0.035985
-0.021833 -0.017903 0.000846 -0.098480 0.032995 -0.134981
-0.021113 -0.005086 0.036701 -0.301298 0.246495 0.262214
-0.110630 0.018221 0.090803 0.025588 0.009667 0.001541
0.031069 -0.029188 -0.060395 -0.160861 -0.232050 -0.031821
0.146931 0.006633 -0.060409 -0.069459 0.103139 -0.135830
0.003277 -0.000656 0.009967 0.015471 -0.025271 0.016066
-0.007797 0.006668 0.024958 0.028933 -0.074549 0.007014
0.068595 -0.016276 0.079558 -0.170687 -0.060086 0.064224
0.063619 -0.006544 0.078198 0.030421 -0.019494 -0.230520
0.021495 -0.039829 0.005042 -0.208670 0.208608 -0.112468
-0.087615 -0.043211 -0.135081 -0.015961 -0.372637 0.287214
0.015865 -0.034139 0.025554 0.133310 0.020914 -0.440308
-0.093886 0.047385 -0.145156 -0.051122 0.057572 0.001096
-0.004040 -0.013165 0.012509 0.326883 -0.104694 -0.273296
-0.068699 0.067900 0.058476 -0.004694 0.004343 0.005371
-0.022410 -0.074205 -0.046627 -0.021483 0.029065 0.007929
-0.038445 0.028586 -0.013810 0.287939 -0.286787 -0.269177
0.043875 -0.007243 0.012448 0.040826 -0.065707 0.002970
0.012046 0.094600 0.076864 0.284783 -0.272478 -0.306176
0.073353 -0.136495 0.132746 0.002695 0.015776 -0.024358
-0.016924 -0.008751 0.025373 0.199383 -0.066616 -0.141732
0.037433 0.026101 0.032415 0.097976 0.055229 0.146160
-0.017969 -0.135311 -0.035889 0.306146 -0.173359 0.315507
0.036792 0.049515 -0.011328 0.102794 -0.058355 0.074148
0.082552 0.008987 -0.054080 0.019092 0.208472 -0.006839
-0.002985 0.000846 -0.000740 -0.035350 0.026855 0.006009
-0.123488 -0.110653 -0.046191 -0.016110 -0.004252 0.018739
0.123315 -0.118349 -0.095027 0.008366 -0.022184 -0.013507
-0.039891 -0.152052 -0.133118 -0.250261 0.064876 -0.301767
-0.045702 0.010767 -0.038190 -0.106595 -0.027718 0.077112
0.009226 -0.030856 0.024203 -0.051090 -0.147623 -0.025930
0.070265 -0.054027 -0.044064 0.338520 -0.231255 0.304589
-0.026914 0.026188 0.006909 0.003585 0.001679 -0.032431
-0.000472 -0.001032 0.000944 -0.018160 0.057065 0.003888
0.000263 0.000685 -0.000792 0.026281 -0.230262 0.306837
