0.028986 -0.004902 0.023664 0.203032 0.116307 -0.072574
0.060064 -0.121794 -0.074332 0.023313 -0.097172 -0.073694
-0.022469 -0.008391 0.010187 -0.041234 0.054845 -0.023849
0.001509 0.005136 -0.004670 0.343401 -0.437758 0.343486
0.035434 0.092609 -0.087230 -0.249701 -0.093022 0.220739
-0.087962 0.028124 -0.047429 -0.107412 -0.151619 0.167363
0.003409 -0.006442 0.001717 -0.072434 0.027951 -0.048230
-0.040766 0.038319 -0.030711 0.027240 -0.039499 -0.034978
-0.149493 -0.084371 0.003460 -0.186511 -0.075148 0.301187
0.043244 0.009621 -0.009621 0.221877 -0.300153 0.204228
-0.089162 0.056545 0.009034 0.013328 0.014244 0.002464
-0.013141 -0.012725 0.006653 0.000756 0.001972 0.002649
0.006021 -0.006150 -0.002470 0.006146 -0.029054 0.135317
0.001454 -0.002112 -0.000076 -0.110246 0.328352 0.348237
0.124588 0.107417 -0.123422 0.007557 -0.019639 0.022482
-0.053515 0.018345 0.072021 0.217665 0.097586 0.102159
-0.045026 -0.101779 -0.004166 0.207463 0.288601 -0.316944
0.073577 -0.060319 -0.108025 -0.161161 0.089038 -0.079553
0.008326 0.100495 -0.098006 -0.233734 0.209865 -0.218810
0.031176 0.091762 0.004361 -0.091699 -0.147132 0.206315
-0.082652 -0.055801 -0.101436 -0.039144 -0.277747 0.402715
0.011234 -0.067256 0.005217 0.266125 0.147785 0.207979
-0.025380 -0.078964 0.111657 -0.288758 -0.267528 0.177667
0.024230 0.050872 0.060901 -0.038639 0.072916 0.151022
0.042705 -0.025082 -0.032532 -0.051392 -0.127126 0.234843
-0.009145 -0.014755 -0.012664 -0.055168 -0.068069 0.094337
-0.048052 0.118852 -0.120406 -0.008518 -0.130889 0.089949
-0.068520 -0.084626 -0.076224 -0.116232 0.009362 -0.164628
0.102384 -0.099031 -0.089586 -0.079909 0.228814 0.034644
-0.038451 0.017622 -0.020548 -0.044201 0.222878 0.165686
-0.106370 0.132057 0.024497 0.026737 0.022026 -0.012683
-0.071360 -0.036496 0.060185 -0.383041 -0.226788 -0.249604
0.024172 -0.042419 -0.033828 0.110178 0.316907 0.352132
-0.033262 0.032391 -0.068005 0.334290 0.067069 0.299985
0.049017 0.005123 0.020832 0.024602 0.194306 -0.292209
0.021952 0.057949 -0.024341 0.301075 0.149106 0.007614
-0.060961 -0.105234 0.131990 -0.150955 0.079060 -0.034323
-0.009393 -0.001814 0.102407 -0.253328 -0.217963 -0.149718
-0.019543 -0.026008 -0.032363 0.098617 -0.257926 0.216184
0.052027 0.010977 -0.048383 -0.056225 0.058528 0.001583
