-0.126441 -0.142139 -0.042179 -0.097866 0.061863 -0.368383
0.095123 0.060092 0.076440 0.035011 -0.065803 -0.088916
-0.008491 0.032196 -0.016619 -0.155493 -0.370760 -0.315322
-0.000470 -0.006171 0.000339 0.195484 0.215201 -0.183163
0.023909 -0.100090 0.087668 0.031691 -0.067541 0.122343
0.014063 0.071284 -0.032177 0.081389 0.051677 -0.102372
0.006456 -0.044431 0.117052 -0.003650 -0.001281 -0.006153
-0.015034 0.015478 -0.018885 -0.194939 0.088606 -0.274179
0.062395 -0.077309 -0.041278 0.068330 -0.005205 -0.023862
-0.010657 -0.004009 -0.000293 -0.138893 -0.251645 -0.442912
0.014058 0.039012 0.025627 -0.227603 0.259616 -0.031511
-0.017252 0.033620 -0.005269 0.319613 0.018431 -0.033101
-0.038528 0.025826 -0.012040 0.145199 -0.219161 -0.149146
0.076305 0.008919 0.052919 0.206649 -0.090074 0.294739
0.043358 -0.110047 0.035441 -0.016219 0.152369 0.008054
-0.095260 -0.044080 -0.053028 0.041378 -0.288807 -0.135859
-0.123007 0.060080 0.109853 0.009384 0.060150 0.030470
-0.106557 0.058858 -0.085375 -0.098700 -0.019822 0.347840
-0.086755 0.030571 -0.001965 0.215854 0.118749 -0.221446
-0.104429 0.152521 0.013900 -0.153113 0.226867 0.345944
-0.016955 0.012401 0.001913 -0.125673 0.114050 -0.062311
-0.001065 -0.004739 -0.000483 0.233179 -0.055181 -0.293629
0.023213 -0.019596 0.018475 -0.469859 -0.011837 0.145104
-0.150000 -0.057752 -0.048018 -0.171224 0.212056 0.158419
-0.151934 0.061726 -0.135217 0.253668 0.243010 -0.384831
0.029751 0.010525 0.000682 -0.003920 0.011117 0.010262
-0.016413 -0.010477 0.007474 -0.209077 -0.131090 0.167826
0.009364 -0.004666 -0.006627 -0.027189 0.024681 -0.006366
-0.056646 -0.091732 -0.016812 0.021910 0.128753 0.074860
-0.037150 0.037791 0.036995 -0.183687 0.104952 -0.256657
-0.097031 0.134491 0.031615 -0.158030 -0.050444 -0.077573
-0.035890 0.018737 -0.051197 0.105397 -0.077857 0.120063
-0.088870 -0.120617 -0.092936 0.181125 0.115995 0.256121
-0.031068 0.032683 0.027388 -0.100665 -0.123474 0.001844
-0.141490 -0.138553 -0.021960 0.091399 0.094545 0.008065
0.114099 0.049523 0.119330 0.422717 0.141190 0.190837
-0.008122 0.004779 -0.014924 -0.009686 0.006037 -0.007457
0.051648 -0.002445 -0.007527 -0.242421 -0.201196 -0.176171
-0.019009 -0.030759 -0.012961 -0.004675 -0.014957 0.032006
-0.005712 -0.032102 0.025266 0.144244 -0.299056 0.011839
