-0.031179 -0.012480 0.090486 0.376007 0.002393 -0.378852
-0.043119 0.030029 -0.014480 -0.300138 -0.261790 -0.200649
0.108254 -0.045949 0.123070 0.166453 0.137875 0.125066
-0.016759 -0.010352 -0.082473 0.310705 -0.250179 -0.086707
0.009851 0.033002 -0.063897 0.116969 0.101924 0.184877
0.110336 0.106610 0.165620 -0.101860 0.130953 0.000847
0.125040 -0.131701 -0.088434 -0.016007 -0.009973 0.012597
-0.002037 0.005381 -0.000858 0.033688 -0.025005 0.101627
0.005303 -0.073393 -0.002323 0.234420 0.190643 -0.070470
0.013541 -0.012710 -0.009408 -0.365338 -0.071902 0.114657
0.027209 -0.011280 0.054710 0.001522 -0.056030 0.052081
0.008175 0.003647 0.001228 -0.268173 0.111993 0.145743
-0.077150 0.016658 0.004628 -0.011513 0.128264 -0.188560
0.001614 0.002860 -0.002930 -0.160948 -0.114714 -0.019565
0.025589 -0.024057 -0.007772 -0.006640 -0.034778 0.024043
0.011041 0.056098 -0.034935 0.027868 0.096537 -0.102408
-0.052146 -0.037078 -0.109867 -0.028091 0.021611 -0.004003
0.042780 -0.035325 -0.071467 0.175423 0.034748 0.191892
-0.014816 0.050245 0.013288 0.482787 0.176229 -0.190739
0.005127 -0.096684 0.103030 -0.242733 -0.092584 0.008399
0.087283 -0.087240 -0.089739 -0.117535 -0.283907 0.276549
0.042254 -0.041217 0.000409 -0.147080 -0.068073 -0.004037
0.036962 0.050083 -0.000014 -0.047899 -0.127578 -0.140310
-0.002020 -0.019255 -0.080279 0.154266 0.074302 -0.211362
-0.074158 0.026230 0.063822 -0.257175 -0.033464 -0.280491
-0.052484 0.074925 0.013037 0.057164 0.019207 -0.022260
0.019630 -0.037207 0.049190 -0.027106 -0.198712 -0.207841
-0.006365 -0.034512 -0.022236 0.073083 0.037864 -0.062120
-0.063006 -0.067048 -0.027985 0.064942 -0.139077 0.160538
0.158347 0.001545 0.051555 -0.102574 -0.007406 0.056169
0.106904 -0.074864 -0.109261 -0.037786 -0.018604 -0.052515
-0.085627 -0.107884 -0.009520 -0.355529 -0.216466 0.087623
0.044047 -0.041750 0.042401 -0.005199 -0.158818 0.242509
-0.047321 -0.059808 0.071801 -0.044422 0.134637 0.127918
0.002609 0.008178 -0.005231 -0.123046 -0.065282 -0.022898
0.012178 -0.032501 -0.033605 -0.311642 -0.266664 -0.293784
-0.035549 0.090921 0.013371 -0.203868 -0.060400 -0.218017
-0.103872 -0.058151 0.100068 -0.080105 -0.120357 -0.065561
0.074936 -0.065396 -0.063767 0.467613 0.112266 0.414234
0.002846 -0.022262 -0.000699 -0.056867 0.025982 -0.074818
-0.040249 0.047799 0.034388 0.111536 0.314557 -0.185608
