0.047750 0.062128 -0.039338 0.021410 0.016493 0.014592
0.024767 -0.031404 -0.076663 0.277502 -0.259611 0.022009
-0.043841 -0.008660 -0.036031 -0.167936 -0.022618 0.157245
-0.018317 0.080506 0.067787 0.195101 0.197938 -0.189062
-0.090210 0.035518 -0.000632 -0.075728 -0.025745 0.060964
0.046924 0.087466 -0.114011 0.145832 0.214534 0.092482
-0.050330 0.041623 0.016115 -0.024970 -0.377634 -0.031549
-0.041126 -0.073314 0.021511 0.052224 0.032038 -0.029126
-0.007747 0.008386 -0.012665 -0.029038 0.032151 0.002909
0.128939 0.016646 -0.035397 0.015034 -0.057013 0.094831
-0.099875 0.117837 -0.090725 -0.114330 0.222019 0.080829
-0.109897 0.049422 -0.065049 -0.022801 -0.006552 -0.037186
0.029467 0.008079 -0.023646 0.210057 -0.072696 0.236067
-0.084961 -0.063476 0.092493 -0.135442 0.097319 0.067179
0.001482 -0.031628 0.045997 0.227883 -0.108743 -0.205074
0.019553 0.041724 0.038316 0.094134 -0.225632 0.236805
0.046844 0.038106 0.033148 0.045350 0.298074 0.286909
0.029996 0.036370 -0.022049 -0.026456 -0.050757 -0.034488
-0.030720 -0.054632 -0.069186 -0.010778 0.005781 0.004575
0.147633 0.103936 0.132846 -0.188672 0.085134 0.244997
0.025609 0.045253 0.039137 0.315616 0.201802 0.051173
-0.015809 -0.158379 0.066048 0.064097 0.071611 -0.062908
-0.041539 -0.085510 0.099824 -0.087831 -0.012733 0.173699
0.008232 0.005618 -0.003039 -0.019387 0.003927 0.015694
-0.069069 0.131504 0.092666 0.113984 -0.281052 -0.207247
-0.003153 -0.013856 -0.008066 -0.339721 -0.307911 -0.303308
-0.020317 -0.030987 -0.043814 -0.001430 -0.006764 -0.016241
-0.012365 0.043204 -0.009101 0.172330 0.047231 -0.121945
0.035429 0.001410 -0.073941 -0.199814 -0.024868 0.236729
0.001058 0.001133 -0.000284 -0.115841 -0.134207 0.229504
0.001897 0.002160 -0.003392 -0.046370 -0.116508 0.217287
0.003025 -0.009070 0.007865 -0.056095 0.018574 -0.060239
-0.035313 0.001730 -0.014787 0.018601 -0.074264 -0.312831
-0.075099 0.008300 -0.022856 -0.017051 0.019099 0.025652
-0.010061 0.008186 0.116939 0.056502 0.098907 0.138436
-0.005352 0.003279 -0.004378 -0.020339 -0.006748 0.094931
0.044174 0.034780 0.079748 0.026663 -0.017883 0.011104
-0.066425 0.015447 -0.034936 0.042842 -0.051723 0.084105
-0.092027 -0.090565 0.107697 -0.165478 0.191033 0.283830
0.003451 0.062669 -0.096270 -0.001212 -0.025915 -0.026896
