-0.020200 -0.075473 -0.001839 -0.372240 -0.364862 -0.382297
0.038476 0.022131 0.066740 0.102628 0.189202 -0.225461
0.122185 0.053260 -0.124502 0.283736 0.308044 0.056067
-0.052877 0.051665 0.102509 -0.160242 -0.175784 -0.097052
-0.008316 -0.103847 0.057481 -0.202057 0.097452 0.252090
0.000643 -0.073934 0.143972 0.201725 -0.132942 -0.119682
-0.006686 0.109254 -0.037190 0.004293 -0.009377 0.029852
0.106114 0.002506 -0.062471 -0.315360 0.158428 0.000105
0.002124 -0.002429 -0.000216 0.412817 -0.154398 0.181529
0.007106 -0.004653 -0.018313 0.030151 -0.084557 -0.094494
-0.006403 0.016805 -0.002474 0.276873 -0.204465 0.332141
-0.027096 -0.025314 -0.050190 0.016685 0.010232 0.063591
0.103763 -0.155019 -0.070831 -0.021731 -0.022839 0.030917
0.017700 0.093139 -0.083336 0.068292 0.215566 0.291221
0.011446 -0.055980 0.057542 0.036126 0.023140 -0.002278
0.060486 0.049860 -0.035248 -0.276719 -0.125142 -0.037473
-0.040841 -0.030470 -0.017683 0.028280 -0.214211 -0.143585
0.026200 -0.008847 0.050149 0.297732 -0.246574 0.029114
-0.155056 0.007545 -0.139926 0.033180 0.012635 0.017153
-0.031886 -0.024217 0.003799 0.033088 0.026266 0.021245
-0.104153 -0.014082 -0.050066 -0.168557 -0.401893 0.319844
-0.050716 0.080998 -0.035042 -0.145610 -0.109863 -0.125653
-0.164324 0.117627 -0.170674 -0.028290 0.087334 0.147668
-0.002566 -0.033328 0.021836 0.045956 -0.212892 0.070980
0.022704 -0.007584 -0.018572 -0.057411 0.044391 -0.079118
-0.026587 -0.025968 0.014281 0.001064 -0.006579 0.004852
-0.051710 -0.026162 0.060681 0.183554 -0.032000 -0.014604
-0.028980 0.000574 -0.010155 -0.000109 -0.001703 -0.001766
0.017102 -0.010986 0.026912 0.001265 0.057641 0.038206
0.022935 -0.044346 0.014907 0.285389 0.332969 0.137776
-0.003003 -0.003165 -0.053303 -0.191627 0.067749 -0.146486
0.064138 0.020853 -0.003957 -0.040053 -0.138848 0.123340
-0.058612 0.107750 -0.097995 -0.048366 0.043502 0.032592
0.016037 -0.033556 -0.028387 0.003069 0.003640 0.000887
0.000797 0.000563 -0.000360 -0.081894 0.081032 0.156465
0.002844 -0.000551 0.002291 0.246312 -0.248125 0.137049
-0.070780 0.040458 -0.021486 -0.118229 0.287132 -0.134087
0.060561 -0.084926 0.009561 -0.072909 0.104263 -0.321660
-0.051877 0.061692 -0.113661 0.077587 0.243802 -0.067231
-0.132381 0.054485 -0.009128 -0.251607 -0.260668 -0.230329
