-0.014327 -0.007223 -0.003827 -0.002500 -0.048617 -0.021516
0.035590 -0.039574 -0.057975 0.062367 0.186671 -0.077099
-0.008765 -0.008889 -0.005900 -0.039205 -0.093810 0.058544
0.080340 -0.078692 -0.059794 0.207279 0.154243 -0.138426
-0.060467 -0.037262 -0.002082 0.109345 -0.047875 0.075289
-0.016986 0.000294 0.009414 0.062761 -0.088617 0.025999
-0.024367 0.061793 0.032864 0.003071 -0.005269 0.007911
0.155357 -0.008211 0.139396 0.131743 0.122307 -0.011923
0.018761 0.011982 0.014185 -0.153368 -0.152894 0.100730
-0.091555 -0.091561 0.058381 -0.028173 0.156778 0.181616
0.026541 0.065965 -0.009517 0.001164 -0.013954 0.007041
-0.015891 0.059260 0.002792 0.398310 -0.108719 -0.218317
0.116800 -0.063459 -0.040820 -0.113230 0.041346 -0.322912
0.003083 0.038057 -0.062556 0.052389 0.044029 -0.037017
-0.045182 0.117224 0.033609 -0.116683 -0.133680 0.206045
0.099655 -0.047748 -0.088858 0.240787 0.127992 -0.030561
-0.020904 -0.017215 -0.023010 0.003040 0.012139 0.004086
0.016928 0.009182 -0.021856 -0.014582 0.011000 -0.011709
0.000736 0.000229 0.000299 -0.013839 -0.250365 -0.011282
-0.048542 0.079762 -0.081265 0.012626 -0.151899 0.154414
0.015764 -0.011752 0.009185 0.303718 -0.276341 0.095896
-0.005109 0.009174 -0.011843 -0.101029 -0.029802 0.069416
-0.006109 -0.008457 -0.018735 -0.006428 0.089733 -0.095389
-0.000486 -0.000277 0.000103 0.396818 -0.195257 0.077723
0.011506 -0.002664 0.015889 0.020431 0.128585 0.018517
-0.078569 -0.084999 -0.008612 0.106410 0.039848 0.105180
-0.024623 0.043202 0.125673 0.000143 0.003834 0.011842
0.056353 -0.137721 -0.056233 -0.055751 -0.083457 0.160321
-0.008927 -0.040918 0.013893 0.156434 -0.387234 0.140338
0.044932 0.025565 -0.001019 -0.013533 -0.007342 0.005368
-0.004313 -0.026528 -0.006293 0.124267 -0.052123 0.193534
0.078031 -0.045742 0.014234 0.422647 0.318216 -0.419670
-0.018071 -0.006735 0.001426 -0.064484 0.009602 0.145511
-0.075555 0.027186 -0.085924 -0.028928 0.028611 0.083788
-0.012801 0.021808 0.029396 -0.094776 -0.105474 0.170975
-0.007901 -0.072229 -0.082975 -0.012920 0.105528 -0.144355
-0.041090 -0.085325 0.132911 -0.094657 0.203752 -0.018623
-0.072717 0.061401 0.019394 0.002779 -0.008146 0.008856
-0.045903 0.123024 0.083987 -0.158872 -0.005135 -0.236967
