0.007901 -0.002376 0.007288 -0.071355 0.072111 -0.173553
0.095750 0.093561 0.113357 0.089516 0.209562 0.047760
-0.015127 0.015448 0.012372 -0.000881 -0.000437 -0.000345
0.047845 0.081650 0.017365 -0.007543 -0.065778 -0.022278
-0.021805 0.015284 -0.000418 0.152004 -0.454799 -0.370550
0.004001 -0.002080 0.001631 0.087269 -0.040562 -0.097264
-0.053755 -0.068849 0.049988 0.008581 0.118887 0.117901
0.135416 0.143211 -0.012689 -0.009624 -0.004705 0.023342
-0.002138 -0.005696 -0.149489 0.225996 -0.096928 0.075422
0.050079 -0.063796 -0.010917 -0.059161 0.237068 0.168470
-0.041203 -0.098333 0.060971 -0.019202 -0.006783 0.007700
0.058342 0.038122 0.022215 -0.208468 -0.247024 0.037815
0.076759 0.046069 0.011129 -0.228082 0.006635 -0.276343
0.028907 0.043194 -0.001095 -0.067604 0.067463 0.047446
0.074776 -0.057971 -0.078975 -0.419843 0.372265 -0.127421
0.007094 -0.009391 -0.006658 0.042703 0.064829 0.010022
0.101433 -0.052525 0.038448 -0.112444 0.151577 0.024223
0.090139 -0.025722 -0.071404 -0.019003 -0.001636 -0.052938
-0.007030 0.002241 0.008908 -0.203496 -0.259017 -0.249051
0.101367 -0.101121 -0.125374 -0.088384 0.138474 0.048770
-0.077944 -0.064760 0.053077 -0.086752 -0.233573 -0.181580
-0.047404 0.032926 -0.065335 -0.037739 -0.033216 0.018329
0.009649 -0.008717 -0.000613 0.293158 0.040777 0.136151
0.002072 0.004155 -0.005047 0.088758 0.146529 0.071916
-0.089297 0.078558 -0.005960 0.048365 -0.057093 -0.001897
0.009892 0.017062 0.019593 -0.106340 -0.004482 -0.004915
-0.068358 -0.024975 -0.068732 -0.025592 -0.219842 0.081270
-0.065983 0.058654 0.070682 -0.065369 -0.196659 -0.146763
0.001044 -0.001767 -0.002366 -0.419349 -0.055374 0.341696
-0.004509 0.004969 0.012423 0.324544 0.044190 0.061122
0.040063 0.056265 0.054465 -0.385408 -0.237307 -0.341390
0.008291 0.000193 0.006310 -0.251254 0.057176 -0.055136
-0.042702 0.022603 -0.071998 0.044080 0.109931 -0.067462
-0.114543 -0.054274 -0.103191 0.047540 -0.064766 0.062185
-0.002058 0.016337 0.009394 0.349205 -0.186167 0.225154
0.006214 -0.014806 -0.020615 0.199348 -0.185069 0.051959
0.006085 -0.021307 -0.015234 0.108204 -0.119281 -0.065673
-0.082229 0.062152 0.008626 0.040859 -0.020269 -0.028383
-0.016107 0.005558 -0.013544 -0.009565 -0.379078 -0.210558
-0.023581 -0.004938 -0.029775 0.208916 -0.430384 -0.041390
