-0.034643 0.011791 -0.064574 0.053259 0.000524 0.101072
-0.022930 -0.026492 -0.014191 -0.008052 0.016964 -0.022537
0.054041 0.082406 0.114416 0.011366 -0.029672 -0.011435
-0.024842 0.008841 0.026486 -0.244074 -0.113784 -0.245160
-0.017004 0.040749 -0.051125 -0.025402 0.160181 0.204609
0.020506 0.011058 -0.001973 0.373552 -0.080131 -0.078026
-0.060025 0.093083 -0.115108 -0.006046 0.030333 -0.001737
0.001779 0.001944 -0.022268 -0.050067 0.038177 -0.084004
0.008427 0.018275 0.028317 0.014564 0.007814 0.019319
0.078908 0.050032 0.068990 -0.208258 -0.214779 -0.314293
-0.001346 -0.053281 -0.010393 0.065716 -0.052325 0.025524
-0.006281 -0.036249 0.063024 0.123859 0.099848 0.086658
0.019094 0.033825 0.028332 0.006237 -0.117933 -0.167970
-0.021160 -0.053550 0.029913 -0.032687 0.003547 0.027054
0.002564 -0.025149 -0.071529 -0.247428 -0.275785 0.283606
-0.037030 0.015246 -0.033368 0.006565 -0.054996 0.089308
0.055210 -0.000258 0.014844 0.079446 -0.207384 0.026864
0.075910 0.021514 0.038854 -0.097114 -0.047642 0.086387
0.013818 0.029803 0.013383 0.047861 -0.094312 0.048624
-0.004248 -0.073526 -0.092663 -0.176140 -0.326988 -0.380589
-0.049053 0.046935 0.018034 0.147520 0.101866 -0.128878
-0.003253 -0.140511 -0.040300 -0.072291 0.015420 -0.052688
0.007988 -0.082873 -0.079165 0.131691 -0.233700 0.065700
0.003872 -0.020076 -0.041711 0.160396 -0.079533 0.075880
-0.043884 0.053580 -0.079198 -0.145557 -0.230775 0.084176
0.041543 0.055779 0.037573 -0.060693 0.062636 -0.023342
-0.059514 0.076484 0.046631 -0.205298 -0.012633 0.129020
0.030118 0.024677 0.003452 -0.003428 -0.030409 -0.043363
-0.020259 0.009389 -0.004702 0.219809 -0.285153 -0.021071
0.000586 0.003211 -0.005010 -0.081604 0.035306 0.013923
-0.014455 0.000028 -0.000344 0.043056 -0.213763 -0.139375
0.031692 0.001973 -0.013183 -0.280768 0.274559 0.117523
-0.000925 0.043115 -0.052700 -0.015726 0.028537 -0.066466
0.005926 -0.011378 0.010928 0.203186 -0.087007 0.076303
0.001595 -0.139921 0.059208 -0.273762 0.375102 0.045110
-0.028318 0.002961 -0.001655 -0.026723 -0.043903 -0.015036
0.036678 0.116014 0.089217 -0.045733 -0.128654 0.118428
0.155345 -0.064813 -0.048462 0.266198 0.032459 0.047155
-0.000884 0.003888 -0.003428 0.133406 -0.452936 0.432599
0.029555 0.033627 0.030588 0.017807 0.032342 -0.021048
