0.095167 0.073481 -0.059629 -0.431586 0.354330 0.371217
0.001167 -0.011220 0.001029 0.090735 0.198418 0.117465
-0.167526 0.142367 -0.059123 -0.363179 -0.173161 -0.141767
-0.129493 -0.002720 0.044933 -0.130022 -0.006900 0.045701
0.012097 -0.013342 -0.001929 0.009370 0.170786 -0.186807
-0.102685 -0.103342 -0.090504 0.031611 -0.014324 0.025867
-0.068903 0.068890 -0.098954 0.157052 -0.118352 -0.152929
-0.032371 -0.064650 0.102552 0.176083 0.164181 -0.027040
-0.001362 -0.011599 0.017115 0.049192 0.034686 -0.072874
-0.117675 -0.058762 -0.141602 0.234264 0.213577 -0.475682
-0.007957 0.028366 0.087075 -0.139658 -0.264739 0.191968
-0.094200 -0.086716 0.129839 -0.358350 -0.246896 -0.287843
0.006831 -0.026307 0.016739 -0.170306 -0.371497 -0.092827
0.139410 0.005326 -0.066368 -0.072689 0.083799 0.101720
-0.043300 -0.029133 0.041287 0.114843 -0.120849 0.117608
-0.112686 0.144833 -0.098528 -0.042187 -0.027308 -0.015487
0.026559 0.094223 -0.041874 -0.036760 0.034585 0.022330
-0.094555 -0.073320 -0.059312 0.186378 0.167792 0.379263
-0.019725 -0.031651 -0.016508 -0.127974 0.079267 -0.108278
-0.003451 0.008600 -0.001694 -0.040598 -0.194198 0.140928
0.013700 -0.036897 0.018327 -0.062459 -0.038315 0.080096
0.063595 0.023326 -0.016430 -0.248280 0.040634 -0.399379
0.009383 0.105138 -0.074212 -0.148144 0.204836 0.115866
0.112509 -0.025472 0.081774 0.013621 -0.192137 0.332095
0.112105 0.005035 0.003259 0.072884 0.012562 -0.050445
0.029367 -0.005886 0.011659 0.016867 0.217179 0.125895
0.128187 -0.026523 -0.047189 0.210705 0.226912 0.103800
0.100116 0.115987 0.123800 -0.121734 -0.000282 0.026616
-0.047388 0.033073 0.024722 -0.078145 0.066009 0.150037
-0.022560 0.023091 -0.018987 -0.030225 -0.017230 -0.044046
0.000319 0.000052 0.000190 0.031740 0.122311 0.184753
-0.093105 -0.029281 -0.082328 0.002908 0.184536 -0.247520
0.046745 -0.068254 0.006016 -0.002464 -0.012936 -0.029538
0.041422 -0.002495 -0.032260 0.352141 0.239455 -0.326261
0.005818 0.002015 -0.014060 -0.440052 -0.230374 0.165251
-0.005880 -0.004736 -0.012204 0.179255 0.196374 0.293049
0.003932 -0.049357 -0.089820 -0.083216 0.006928 -0.054677
-0.120517 -0.096996 -0.032384 -0.046291 0.000626 -0.006046
0.107546 -0.015820 -0.072197 -0.041801 -0.000921 0.025319
-0.119771 0.026779 0.133542 0.083178 -0.035470 0.064233
