0.049388 -0.100092 0.015632 0.211949 -0.249561 -0.311384
-0.002398 -0.020973 -0.124795 -0.481658 0.168062 -0.264981
-0.074558 0.007301 0.037197 -0.110808 -0.036567 0.145275
0.087980 -0.049695 0.132778 0.001366 0.017375 -0.027563
0.005015 -0.009049 -0.013260 0.139292 -0.124707 0.194547
0.052160 0.005863 -0.007786 0.272417 -0.297707 -0.095700
-0.019103 0.027129 -0.020764 -0.040200 -0.187851 0.016320
-0.054247 0.051493 -0.031790 -0.084542 0.205379 -0.016247
0.086025 -0.102743 -0.030035 -0.154722 -0.140811 -0.228322
-0.016248 0.001262 -0.003507 -0.182961 0.056696 0.090196
0.012463 -0.032404 -0.036846 -0.082432 0.001057 0.099124
0.041256 -0.039719 0.017492 0.037365 0.030489 -0.205640
-0.081129 0.018204 -0.001988 0.085399 -0.027044 0.007183
-0.019069 -0.000799 0.004761 -0.023874 0.086306 -0.160685
0.002930 0.079213 -0.059975 0.084414 -0.295633 0.307583
0.006027 0.012258 -0.009560 -0.129112 0.066083 0.020612
-0.033368 0.014399 -0.015124 -0.157225 -0.059390 0.368837
-0.003143 -0.130022 0.085141 -0.039484 -0.020033 0.057694
-0.009734 0.009065 -0.051252 0.102991 0.052209 -0.153660
0.020827 -0.000984 -0.023910 -0.018054 -0.119644 -0.058338
0.022837 -0.034134 0.034118 -0.005901 -0.020623 0.023133
-0.080739 -0.032618 -0.057759 0.001367 0.027283 0.044324
0.010843 -0.017896 0.019747 0.054654 -0.229714 0.047992
0.016484 0.041490 -0.044160 0.185394 0.083753 0.169576
-0.112740 -0.022775 -0.076257 -0.127265 -0.052285 -0.215773
-0.030552 0.074143 0.048209 -0.087454 -0.068063 0.042844
-0.050514 0.103819 -0.114518 -0.149606 0.066098 0.155932
-0.009284 0.007077 0.006898 0.111791 -0.133897 0.201839
-0.007347 -0.017340 0.003972 0.156794 0.097503 -0.108766
0.012414 0.012665 0.010557 0.320221 0.191794 -0.069705
-0.024019 0.021232 0.005866 0.018900 -0.027382 -0.003684
-0.085692 0.006781 -0.101957 -0.071326 -0.087853 0.070084
0.031266 -0.080085 -0.097994 0.234955 -0.144105 -0.256330
0.000770 0.010673 0.008882 -0.161114 -0.099057 -0.072223
-0.012798 0.011764 0.007695 0.333127 0.369549 0.207340
-0.036679 -0.014172 -0.013167 -0.067338 -0.043401 0.014789
-0.113002 -0.126864 -0.094411 -0.310433 0.413393 -0.231615
0.121235 -0.035434 0.012801 0.006702 0.000315 0.006326
-0.065103 -0.013486 0.029620 0.033847 0.002469 0.050138
-0.003382 -0.013113 -0.002223 0.023220 0.104695 -0.070224
