-0.030960 0.002409 -0.026077 -0.008875 -0.037683 -0.001012
0.129898 -0.097885 0.060215 0.311850 -0.369345 -0.180713
-0.098348 -0.068564 0.006651 0.316668 -0.372189 -0.358789
-0.007562 -0.087674 -0.121259 0.002814 0.024302 0.034809
-0.015666 -0.013817 0.013621 0.150611 -0.331584 -0.206225
0.038463 -0.068463 -0.049274 0.116615 0.159409 0.012944
0.026830 -0.031688 0.030894 -0.206199 0.158087 -0.274143
-0.006449 -0.110703 0.062521 -0.179771 0.110887 0.277806
0.114111 0.078069 -0.046968 0.211803 0.278879 -0.112288
-0.050681 0.011445 -0.086529 -0.191422 0.214042 0.253647
0.017898 -0.069666 0.014124 0.222867 -0.292133 0.275186
-0.019339 0.052659 -0.074086 0.038090 0.077890 0.090889
-0.031536 0.026528 -0.018136 -0.016531 0.039965 -0.014674
0.031076 -0.031793 0.012549 -0.176336 0.394302 0.175534
0.006188 0.038096 0.024817 0.285583 0.125773 0.132663
0.058814 -0.015487 0.027816 0.193671 0.188519 0.111408
0.099294 -0.118938 -0.153251 -0.021345 -0.102117 0.142287
-0.000937 -0.083886 0.004847 -0.171286 -0.047277 0.163145
0.031534 0.123305 0.123053 -0.002465 0.000557 -0.002423
-0.107583 0.111373 -0.088339 0.312402 -0.315593 0.111140
-0.052027 -0.017151 0.011070 -0.051825 -0.065926 -0.041277
-0.035164 -0.021363 -0.010044 -0.163453 0.136703 0.097742
-0.004314 -0.006798 0.008036 0.048639 -0.076414 -0.088911
0.041466 -0.024500 0.043073 0.051970 -0.093266 -0.268744
0.022903 -0.005168 -0.006589 0.015971 -0.053670 -0.041465
0.097489 -0.004919 0.099585 -0.256528 0.126893 -0.175534
0.088332 -0.089625 -0.031494 0.242133 -0.039339 0.050403
-0.071587 0.013941 0.070546 -0.416324 -0.075297 0.210463
0.031254 -0.019544 0.022219 -0.145679 -0.460664 -0.163843
0.015461 -0.014410 0.007236 -0.185557 0.001922 -0.165153
-0.008554 0.009300 -0.026141 0.031783 -0.119997 -0.071137
0.074840 0.059469 -0.017924 0.079697 -0.141176 0.122939
0.000710 -0.053147 -0.060191 -0.199407 -0.061682 0.289557
-0.017726 -0.034116 -0.003455 -0.014284 -0.023546 -0.016385
0.136715 0.024244 -0.080071 -0.119417 -0.066129 0.184102
-0.010147 -0.040061 -0.057701 -0.121238 0.343641 0.299794
-0.094815 0.084341 -0.060309 0.019434 0.025533 0.018298
-0.062197 -0.009351 0.015504 -0.095431 0.073047 -0.045264
0.034389 0.008283 0.033199 -0.108108 0.099921 -0.099263
-0.049093 0.031569 -0.064060 0.001502 -0.390461 -0.399607
