0.081819 0.122621 -0.040848 0.171535 -0.079296 -0.040028
-0.027203 0.081329 -0.039810 0.160561 0.006879 -0.187650
0.048495 0.016890 0.001992 0.004170 0.045061 -0.028296
-0.002025 -0.005492 0.008807 0.350863 -0.139221 -0.003330
0.000122 -0.104474 0.093499 0.034519 0.023041 0.134690
0.069262 -0.094872 -0.018910 0.018667 0.180815 -0.327147
0.059537 -0.011237 0.025668 0.363615 0.002783 0.166147
-0.079030 -0.011086 -0.041001 -0.156880 -0.172783 -0.138899
-0.113876 -0.072370 -0.033371 0.160911 0.057908 -0.067735
0.117920 0.094146 0.083189 0.019139 0.034459 0.029737
0.000234 0.000348 0.000676 -0.003485 -0.048941 -0.058883
-0.035526 0.005895 0.020213 -0.107479 0.327830 0.235656
0.038915 -0.021213 -0.027410 0.071099 -0.045198 -0.002737
0.043246 0.028162 -0.081469 0.426365 -0.225075 0.134655
-0.037380 0.104648 0.048602 -0.051995 0.151687 -0.044644
-0.156558 0.126741 -0.133258 0.463644 0.307712 0.012094
-0.049543 0.035690 0.035585 -0.130613 -0.039680 -0.084494
0.086334 0.091271 -0.028876 0.025415 0.040847 0.058435
-0.000008 -0.000002 0.000017 0.089468 -0.005063 0.000789
0.010160 -0.016235 0.008547 -0.007972 -0.021982 -0.028054
-0.043956 -0.022834 0.136596 0.029008 -0.073330 -0.005324
0.106749 -0.026889 -0.094260 0.197505 0.025614 -0.006337
0.003583 0.003835 -0.000127 -0.120696 -0.080958 0.112947
-0.028757 -0.026135 -0.009862 -0.038147 0.426630 0.453031
0.047662 0.064613 -0.075126 -0.105452 -0.290354 -0.378648
-0.001255 0.019072 -0.009087 0.065529 -0.031294 -0.006528
-0.008398 -0.037488 0.010321 0.295484 0.229269 0.196809
0.022460 0.056659 -0.071520 0.030039 0.005736 -0.018378
0.094180 -0.045575 -0.127925 -0.081391 -0.273460 -0.080138
0.007395 0.168873 0.110324 0.207560 0.320410 -0.144306
-0.026651 -0.037914 -0.019426 0.068186 -0.027194 -0.043896
-0.056833 0.047545 0.070195 0.001612 0.007047 -0.038715
0.012920 0.017925 0.000728 0.037849 -0.324805 0.242611
-0.131978 0.128118 -0.048608 0.082285 -0.207325 -0.146554
0.166421 0.012163 0.110067 0.362207 0.197578 -0.302465
0.068434 0.043774 0.009980 -0.007588 -0.006042 -0.001464
0.102397 0.084433 -0.059678 0.304937 0.400421 0.275402
-0.011173 -0.008365 0.034197 -0.010076 -0.017251 0.023228
0.041085 0.074286 0.019735 0.194854 -0.437229 -0.236768
0.142259 -0.066157 0.144753 0.077931 0.374959 -0.291217
