-0.040872 0.011770 0.005222 -0.219299 -0.158367 -0.192713
0.003555 0.018504 -0.015907 -0.172656 0.101353 0.004295
-0.109373 -0.086541 0.017876 -0.029012 -0.132043 0.301287
-0.007001 -0.007829 -0.002643 0.015510 -0.012933 -0.061344
0.031073 0.040427 -0.038117 0.126333 0.299944 -0.257385
-0.010743 -0.145513 0.064535 -0.170221 -0.026851 -0.179244
-0.000006 -0.027972 -0.021425 -0.006505 0.018663 -0.006224
-0.030541 -0.073724 0.088235 -0.015316 0.140009 -0.077389
-0.031737 0.013972 -0.021458 -0.045600 -0.018801 0.185678
0.030999 -0.024926 -0.077737 -0.211243 -0.040820 0.147601
0.046897 -0.119097 -0.013766 0.121992 0.097520 -0.194319
0.003049 0.015053 -0.015886 -0.022196 -0.030147 0.024005
-0.032439 -0.031510 0.025160 0.017918 -0.011531 0.128812
-0.020160 -0.024528 0.007223 -0.026266 0.025799 0.064436
-0.065431 -0.001884 -0.049976 -0.239509 -0.073185 -0.281447
-0.022992 -0.063830 -0.146579 0.115172 0.165754 -0.214774
0.114065 -0.116746 0.085362 -0.168191 -0.283006 0.423977
-0.012114 -0.007006 -0.006258 -0.474257 0.155490 -0.113975
0.061126 0.086263 0.097595 -0.183094 -0.398504 0.243935
-0.009278 -0.012482 0.005492 -0.012981 -0.024927 -0.017105
-0.030754 0.132873 -0.140035 0.152991 -0.122778 -0.211578
-0.073463 0.019230 -0.052363 0.131142 -0.124071 -0.116368
-0.012924 0.011472 -0.003368 0.023463 0.013847 -0.055504
0.044841 -0.029027 -0.034159 -0.008222 0.061726 -0.042496
-0.001698 0.019290 0.015779 0.314250 0.093084 0.411974
0.073718 0.042515 -0.005530 0.398302 -0.009580 0.154646
-0.032206 -0.013347 -0.033156 -0.268322 -0.461325 0.297318
-0.003583 0.011354 0.002584 -0.253648 0.054907 0.091120
-0.029560 -0.022810 -0.070689 0.020245 0.359520 0.138803
-0.010104 0.013162 0.002420 -0.179657 -0.082630 -0.180991
0.008931 -0.019679 -0.006012 -0.279624 -0.150449 -0.211099
-0.060494 -0.114162 0.055361 0.351201 0.245868 -0.338037
0.029292 0.038663 0.000191 -0.147687 0.249242 0.151920
-0.083939 0.059765 -0.075677 0.016014 -0.008509 0.018839
-0.016897 -0.060180 -0.005838 0.071559 0.177191 0.169021
-0.035979 0.007704 0.026435 0.042719 -0.036449 0.085770
0.018230 -0.013516 -0.107022 -0.089225 -0.117709 0.154544
0.022573 0.076300 -0.031871 0.029296 -0.061367 0.098139
0.012061 -0.010618 0.013715 0.003188 0.016246 -0.022398
-0.004638 0.018568 -0.017152 -0.271238 -0.137983 -0.028381
