-0.011456 -0.037864 -0.053520 0.084562 -0.132450 0.152514
-0.029999 -0.025010 -0.011775 -0.071094 0.064059 0.005326
0.145934 -0.017477 -0.132514 -0.025356 0.037997 -0.014501
0.011292 -0.031562 0.008833 0.264363 0.210221 -0.132566
-0.001144 -0.098352 -0.057415 0.034355 0.002874 0.001391
-0.020481 -0.034054 -0.027188 -0.004411 0.051842 -0.217336
0.012095 0.017952 -0.019393 0.045207 0.070955 -0.026054
0.007294 0.003373 0.000281 -0.405024 0.135747 0.183711
-0.050646 0.013403 0.065814 -0.274323 -0.212288 -0.226483
-0.027287 0.071829 0.002692 -0.027136 0.079336 0.020768
-0.038850 0.067161 0.005592 0.009373 -0.018788 0.017512
0.005101 -0.017014 -0.001148 0.220078 -0.045250 0.203341
0.157389 0.112669 0.039838 0.080637 0.395777 -0.043737
-0.034889 0.014176 0.023184 -0.066568 0.311535 -0.159556
-0.078506 0.031947 -0.096854 0.042397 -0.011693 -0.000674
0.032545 0.017845 -0.004001 -0.004102 -0.006166 0.032755
-0.079868 0.071026 -0.068171 -0.322323 -0.098442 0.054820
0.155539 0.006776 -0.060285 -0.001164 0.000723 0.002077
-0.041173 -0.008747 0.030067 0.335124 -0.066186 -0.188688
0.053381 -0.020245 0.060586 -0.171652 -0.177783 -0.108808
-0.020192 -0.036795 -0.011428 0.081317 -0.093942 0.033554
0.007007 0.059109 0.025844 -0.132697 -0.015146 -0.272233
0.155761 0.091787 0.114304 -0.130555 0.043350 -0.287822
0.100754 -0.098519 -0.133947 -0.046407 -0.036260 0.060998
-0.000295 -0.000998 -0.000609 0.130268 0.015065 -0.184222
0.023889 0.036950 -0.003320 0.010898 -0.030199 -0.012695
0.012332 -0.017203 -0.028991 0.003963 -0.077828 0.032127
0.048648 -0.076586 -0.088045 0.103536 0.001328 0.021962
-0.005868 0.028342 -0.017543 -0.054289 -0.042453 -0.195576
-0.000427 -0.005992 0.003952 0.342935 -0.081904 -0.155118
0.056658 0.087177 -0.095476 0.160350 0.287631 0.279107
-0.049836 -0.033022 -0.037668 -0.126682 -0.033293 -0.078412
0.008139 -0.068454 0.031071 -0.022304 -0.186934 0.016754
0.032267 0.014353 0.026436 0.170035 0.014720 -0.106290
0.092956 -0.065108 0.027514 0.001079 0.004229 0.000481
0.027855 0.035394 -0.068943 0.270996 -0.331916 0.404526
-0.027681 -0.017628 -0.028416 -0.162198 0.121675 -0.064452
0.060710 0.104210 -0.039945 0.027314 0.054958 0.012227
0.139543 -0.156924 0.121827 0.012444 0.098881 0.039624
0.020501 -0.051145 -0.031784 0.029603 -0.016576 0.045480
