0.024609 -0.023264 -0.020904 0.083815 -0.058052 0.197011
-0.043072 0.112677 -0.068907 -0.151604 -0.294657 0.033776
0.055181 0.025022 0.046118 0.179472 0.247700 -0.074271
-0.021761 0.027636 0.013077 0.156506 -0.022865 -0.176787
0.000376 -0.000194 0.000366 -0.130380 -0.106135 -0.143288
-0.008242 -0.009093 0.012140 0.181173 0.342112 -0.255084
0.027197 0.031963 -0.027481 -0.034405 0.232109 0.237324
0.100353 -0.032180 0.101847 0.014240 -0.094773 -0.080591
0.047449 -0.063163 -0.020390 -0.303916 -0.329215 -0.247108
0.132310 0.085102 0.012608 -0.177353 0.085363 0.269467
-0.016286 0.066344 -0.051231 -0.018498 0.046585 0.027697
-0.010059 -0.016793 -0.001436 0.011758 0.014193 -0.005422
-0.060423 -0.061312 0.082379 -0.057034 -0.057402 -0.180659
0.063597 -0.047014 -0.016147 -0.118678 -0.208554 -0.298459
-0.005001 0.004619 -0.006826 -0.333465 0.381860 0.023656
-0.036887 0.024896 0.009326 0.120539 0.091843 0.059872
0.029450 -0.012162 0.096322 -0.118610 -0.046980 0.055860
-0.009433 0.050996 0.005604 0.006094 -0.023587 0.027308
0.022322 -0.014466 0.014295 0.323757 0.153458 -0.247274
-0.049562 0.090490 -0.135944 0.049910 0.079196 0.061439
0.074447 -0.035946 -0.053131 -0.176726 -0.010440 -0.258596
-0.003053 0.005896 -0.001419 -0.180911 -0.199135 0.276060
-0.000479 0.003541 0.002880 -0.170344 0.080479 0.001925
0.009865 -0.032527 0.033121 -0.029593 0.121932 -0.345172
-0.011487 0.037870 0.015349 0.206415 0.305434 -0.401785
0.070259 0.056538 -0.024071 0.101652 -0.020791 0.041611
-0.101205 -0.037725 -0.045928 -0.051305 0.052298 0.141206
0.034544 0.039365 0.088437 -0.156932 -0.358892 -0.075249
0.084689 0.126937 0.031796 0.064149 -0.095534 0.085356
-0.095443 -0.012406 -0.008374 -0.000712 -0.018428 0.004944
-0.029409 -0.044064 -0.015547 0.198887 -0.359240 -0.358372
0.056918 0.007988 0.095516 -0.115182 0.073334 -0.121494
-0.048133 0.001968 0.039848 0.173557 0.159286 0.061129
0.008904 0.023244 0.033223 0.246232 -0.051764 -0.006411
-0.001547 -0.001290 0.001348 0.181018 -0.298092 0.358163
-0.021542 0.116005 -0.062925 -0.120315 -0.238797 0.089260
-0.018893 -0.010796 0.122449 -0.101585 0.239685 -0.038404
-0.049000 -0.007275 0.025400 0.204897 -0.076004 -0.183261
-0.094152 -0.001627 0.075209 -0.032347 -0.021940 0.052904
0.021844 0.085943 0.052849 0.001893 -0.004349 -0.007052
