-0.000289 -0.003857 -0.002417 -0.053656 0.057153 0.027129
0.052072 0.037358 -0.030279 -0.148805 0.155549 -0.024110
-0.005079 -0.118767 -0.006486 0.083698 -0.064077 -0.333131
-0.002183 -0.038113 0.055869 -0.293888 -0.088954 -0.102534
-0.015443 0.004440 -0.021271 0.066397 0.011591 0.080597
0.030780 -0.117722 0.001242 0.129752 0.016940 -0.069553
0.047687 0.090652 0.011542 0.001092 -0.006243 -0.016405
0.030180 0.023542 -0.066185 0.129240 0.199419 -0.152288
0.046650 -0.147325 -0.055369 0.277696 0.040112 -0.035972
0.000402 -0.005881 0.008216 -0.111671 0.435959 0.243456
-0.103150 0.050184 -0.086772 -0.023434 -0.026416 -0.030804
-0.043499 -0.007464 -0.002327 0.443930 0.401837 0.254384
-0.049161 0.115961 -0.035383 0.221762 -0.329127 0.357215
-0.036061 0.015865 -0.056882 -0.033467 -0.016062 0.058097
0.019782 0.140984 -0.011849 -0.029050 0.087802 0.009036
-0.045195 0.073877 0.027897 0.318877 -0.290775 -0.405191
0.050043 0.026371 -0.054198 -0.013710 0.011691 -0.029001
-0.071373 -0.030657 -0.075383 -0.037059 0.017950 0.069066
-0.055468 0.037515 -0.004171 0.139695 0.150151 -0.026293
-0.004159 -0.101190 0.069842 -0.353674 0.192224 -0.265902
0.133433 0.105934 -0.102087 0.176708 0.043324 -0.152316
0.008820 -0.042347 0.041053 0.000593 -0.226008 0.129720
0.006521 -0.006362 -0.008683 -0.110966 -0.007326 0.161564
-0.048379 0.029231 0.016741 -0.278613 0.258520 0.236578
0.043730 -0.008934 0.048939 0.030897 0.322509 -0.273221
0.121484 -0.101644 -0.022492 -0.348833 -0.151016 0.428302
0.002136 0.011550 -0.016507 -0.228353 0.141381 -0.278807
0.027573 0.005050 0.046507 0.039064 0.387242 0.316296
-0.044062 0.041330 0.037464 0.206045 -0.209545 0.231048
-0.000332 -0.005966 0.010873 0.287867 -0.311446 0.085970
-0.014486 -0.010543 -0.028380 -0.219926 0.204228 -0.023426
0.127657 0.094655 0.021648 -0.090404 -0.345661 -0.304090
0.008275 -0.068907 0.085675 0.050326 0.107274 -0.011792
0.065726 0.049771 0.058721 0.138666 -0.019848 -0.114504
-0.073573 -0.028941 0.056098 0.150698 -0.310364 0.356516
-0.040700 0.109380 -0.093343 0.035495 0.009145 0.104780
0.093909 0.122568 -0.106390 0.223886 -0.296506 -0.134215
0.117822 0.039453 0.070491 -0.059138 0.003324 0.078883
-0.023987 0.055856 0.017380 -0.008302 0.005903 0.001915
-0.111681 0.132375 0.000663 -0.076388 0.050360 0.000191
