0.018947 -0.011958 -0.016608 -0.013491 0.022285 0.039056
-0.088846 0.032465 -0.014234 0.057704 -0.102375 0.049629
-0.076223 0.106380 -0.069258 -0.229309 -0.384829 -0.231893
0.000532 0.004067 0.003905 0.189461 0.276082 0.106459
0.082383 -0.012194 0.050735 0.139604 -0.235132 -0.107177
-0.001585 0.002638 -0.011728 -0.213699 -0.322552 -0.236822
0.076800 0.028238 0.024873 -0.217707 -0.245971 0.050245
-0.010346 0.054636 -0.130400 -0.029125 0.000741 -0.010846
0.095309 0.091498 0.062489 0.022863 -0.282790 -0.230359
-0.006291 -0.160948 -0.046727 -0.391880 0.288704 0.046403
-0.056502 -0.033696 0.055311 -0.195242 -0.081788 -0.001485
-0.006063 0.052356 -0.026492 -0.153040 0.176701 0.155550
-0.051640 -0.088864 0.042230 0.129915 -0.095294 0.280452
0.041994 0.057294 0.098131 0.046819 0.013371 0.023049
0.029021 -0.044266 0.001385 -0.416377 0.139657 0.183640
0.026016 0.020813 0.011542 0.286422 0.225893 0.399182
-0.028500 -0.051213 0.058504 -0.247610 0.048910 -0.326151
-0.040435 0.042204 -0.033371 0.277570 -0.004713 -0.267895
-0.041921 0.044205 0.114846 0.210500 0.027522 -0.086527
-0.011549 0.021062 0.019575 0.281210 -0.167402 -0.153945
-0.025731 0.032051 0.053519 -0.006828 0.002785 -0.016279
0.020004 -0.008458 0.017235 0.031065 -0.147275 -0.080101
-0.004981 0.030426 -0.062542 -0.062206 -0.081985 0.024035
0.072974 0.091510 0.025291 0.095822 -0.055584 -0.057782
0.000749 0.006370 -0.019278 0.004001 -0.101298 -0.118557
-0.143688 0.124156 -0.149685 -0.101494 -0.132236 0.008183
-0.009939 -0.027178 -0.041423 0.062533 0.058493 -0.049697
-0.058965 -0.001121 -0.111496 0.034561 0.062287 -0.012663
-0.069591 -0.073217 -0.003280 -0.108314 -0.311789 -0.030750
-0.010193 0.028126 -0.036638 -0.187285 0.123500 -0.455626
-0.147479 -0.051466 0.168835 -0.012846 0.029972 -0.034589
0.070639 -0.010028 -0.021139 -0.013707 0.081614 0.034096
0.014212 0.004319 0.009663 -0.124019 -0.073990 0.076818
-0.073191 -0.008237 0.032580 0.065219 -0.128188 -0.111387
0.003040 -0.003209 -0.001035 -0.002700 -0.000796 0.000396
0.079074 0.103661 0.085307 0.119537 -0.234113 -0.247269
-0.010721 0.010079 -0.015130 0.237954 -0.325339 -0.074609
0.013961 0.009338 -0.014833 -0.388797 -0.332982 0.163187
0.065965 0.133314 0.036316 -0.011945 0.105419 0.115772
-0.048040 0.038958 0.003243 -0.070642 -0.045563 0.016797
