-0.029408 0.009711 0.007010 -0.045554 -0.276504 0.023538
-0.071369 -0.028073 -0.101795 -0.119240 0.045783 -0.211399
-0.032657 0.015540 -0.000309 0.000100 0.000663 -0.000550
0.098336 -0.009878 -0.088261 0.341997 0.097049 0.041684
-0.083434 -0.090553 -0.076703 0.008836 0.007213 -0.011145
-0.015944 0.001352 -0.052643 0.093262 0.110226 -0.098743
-0.015385 0.020697 0.011310 0.002593 0.001955 0.028301
-0.003155 0.010366 0.060133 -0.042757 0.323907 0.423985
-0.097383 -0.119991 0.089625 0.251393 -0.391797 -0.252566
0.024297 0.133966 -0.003390 -0.192151 -0.131898 0.324025
-0.029427 -0.020091 0.006198 -0.161697 0.251174 0.176068
-0.048808 -0.021813 0.060107 -0.303488 -0.129481 -0.002145
-0.020093 -0.008049 -0.004583 -0.182227 0.176653 -0.191397
0.010408 0.013098 -0.011687 -0.260584 0.184651 0.230424
-0.043048 -0.004343 -0.034941 0.256530 0.079200 0.087887
-0.008084 -0.011115 -0.008264 0.434474 -0.140964 0.066669
0.000458 0.080644 -0.122368 -0.056061 0.197751 -0.241684
-0.130288 -0.129228 -0.101292 0.070839 -0.002998 -0.090310
0.009835 -0.016394 -0.073144 0.138804 0.048871 -0.062313
-0.064495 -0.019771 -0.006639 0.298183 -0.204048 -0.040411
0.006273 -0.032720 -0.006527 -0.305849 -0.287341 0.260960
-0.006551 -0.007460 -0.003036 -0.024147 -0.099320 0.073419
-0.159092 0.017359 0.135460 0.015461 0.022371 0.018274
-0.000745 -0.007278 0.002931 0.017255 0.081504 -0.153630
-0.091764 -0.039126 0.100661 0.040056 -0.123197 0.101567
-0.019479 -0.156732 -0.020030 0.304425 -0.242486 -0.059355
0.020017 0.122032 -0.148259 -0.196934 0.043637 -0.019753
-0.020537 -0.001249 0.017029 -0.158935 -0.088290 -0.094550
-0.017448 -0.066003 0.053910 0.376834 0.183758 0.298252
-0.052596 0.060202 0.000234 0.004582 0.004886 0.003365
0.104609 -0.027176 -0.136122 0.095151 -0.142221 -0.056894
-0.023113 -0.031341 -0.012549 -0.082496 -0.097929 -0.111100
-0.003990 -0.006406 0.007955 0.196480 -0.057544 -0.232459
-0.039309 0.013523 0.046811 0.054460 0.103752 0.039525
0.113969 0.029368 -0.123688 0.175811 -0.114982 -0.074509
-0.108101 0.016087 0.046185 0.059113 0.039106 0.001508
0.000322 -0.025584 -0.002126 -0.007665 -0.014244 -0.000745
-0.001665 -0.016534 -0.001073 0.003493 0.028609 -0.009100
-0.077939 -0.130138 0.133617 0.253141 0.074477 0.097361
-0.093248 -0.025859 -0.004062 -0.378768 -0.131118 0.392747
