0.057070 0.055788 0.107582 -0.067681 -0.090963 0.058719
0.038190 0.033654 0.040486 -0.054145 -0.059092 -0.021049
-0.063112 -0.078864 -0.027246 -0.003915 -0.063042 0.035400
0.065472 0.082532 0.086846 -0.018884 0.013230 0.016714
-0.035381 -0.014232 -0.077036 0.007571 -0.009750 -0.042528
0.019502 -0.020973 -0.013014 0.044038 0.077318 0.078362
0.140644 0.041390 -0.071301 0.027772 0.196636 0.457093
-0.085679 -0.087498 0.102684 0.024934 -0.134484 -0.292588
-0.092095 0.087070 0.080604 0.009846 0.007887 0.022043
0.009232 -0.011942 0.115873 -0.059351 0.055855 -0.040315
0.005417 0.011615 0.009924 -0.074111 0.179554 -0.283626
-0.069557 0.065458 0.053495 0.134638 0.081508 -0.096986
-0.032794 0.022183 -0.023990 0.091820 -0.044251 0.016412
-0.046713 0.001463 -0.009634 -0.041038 -0.152655 -0.019768
-0.031152 -0.075980 0.063379 0.087892 -0.023390 -0.096835
0.125548 -0.027901 -0.084839 0.005638 0.046247 -0.080985
-0.005532 -0.093211 -0.087122 -0.200908 -0.150747 -0.034067
-0.006571 0.012394 -0.015113 0.145068 0.366237 0.009732
-0.005211 -0.016955 -0.030066 0.141715 0.238542 -0.179388
-0.019988 -0.005172 -0.014929 -0.152624 0.297895 0.329709
0.052753 0.028902 0.044922 0.051158 -0.184617 0.143095
0.005571 0.001492 0.007720 -0.114107 0.069647 0.016120
-0.110517 0.088271 0.082516 0.075001 -0.242720 -0.098192
-0.041695 -0.003372 -0.074319 0.033386 0.066795 -0.022867
-0.022103 -0.000028 0.004523 0.313966 -0.076973 -0.213344
-0.027080 0.038786 -0.096917 -0.095028 0.009605 -0.040751
-0.068811 0.086401 -0.121825 0.089924 -0.087215 -0.047834
0.006981 0.034226 0.033328 -0.037057 0.031655 -0.007910
0.044695 -0.119351 0.016868 -0.291883 -0.015296 0.017137
-0.011651 -0.009314 0.025385 0.108773 -0.045558 0.244288
-0.039932 -0.084152 -0.094324 -0.162825 -0.148596 -0.109505
0.107437 0.008211 0.168062 0.039650 0.126094 -0.014192
0.029627 -0.135011 0.035843 0.242955 0.248504 -0.189876
0.119275 0.080846 0.039116 -0.029089 -0.115420 0.114088
-0.052225 -0.041682 0.047200 -0.031127 0.028279 0.006810
-0.069306 0.023646 -0.013280 -0.060013 -0.060202 -0.094404
0.039446 0.007703 -0.089663 -0.216142 0.096485 0.020187
-0.043281 0.094703 0.012782 0.079558 -0.094032 -0.001355
0.035284 -0.035107 0.055088 -0.384398 0.015990 0.164070
