0.024587 -0.000904 0.012224 -0.023913 0.000024 0.048360
-0.096031 0.058736 -0.069677 -0.032881 0.062620 -0.016379
-0.023947 -0.039337 0.029791 -0.036509 -0.025508 -0.060952
-0.057820 -0.098257 -0.017597 0.121886 -0.069350 0.069706
-0.060142 -0.022349 0.089472 0.227073 -0.125427 -0.131676
0.036556 -0.016553 -0.039748 -0.243273 0.038437 -0.238252
-0.096467 -0.078741 -0.010015 -0.098221 -0.061974 0.006030
0.018589 -0.003855 -0.028676 0.079037 0.092623 0.177458
0.072621 0.015789 0.088768 0.099139 0.083309 -0.073039
0.003701 0.037711 -0.000195 0.034234 -0.004958 0.231739
-0.048910 0.112107 0.050983 -0.004197 -0.003711 -0.000501
-0.004783 -0.000983 -0.000240 -0.172598 -0.127360 -0.090945
0.012356 -0.016607 -0.028081 0.186493 0.215355 -0.002568
-0.069114 -0.019047 0.061727 -0.029898 -0.229141 -0.200558
0.032898 -0.043522 0.013843 -0.024382 0.123441 0.099734
0.035810 0.096084 -0.080626 0.081152 -0.056215 0.029086
-0.015758 -0.009208 0.026057 0.008996 -0.062213 0.221648
-0.120484 -0.002352 0.092895 0.395653 -0.432423 -0.154401
-0.024064 0.020708 0.003984 0.015208 0.190432 0.007203
0.005577 -0.116108 0.005438 0.064751 -0.075028 0.062634
0.038549 0.020150 -0.000083 -0.155327 0.313974 0.082496
0.001674 0.046327 0.002840 0.214014 -0.052905 -0.294160
0.046249 -0.002295 0.093982 -0.502451 -0.365074 0.326097
-0.011578 0.086667 -0.084623 0.003035 -0.002219 -0.000526
0.041633 0.001445 -0.038350 -0.022131 0.126813 -0.052530
0.143828 0.048977 0.124934 0.001986 0.000419 0.001270
-0.048654 0.013940 0.034232 0.063066 0.014398 -0.090185
-0.073755 -0.046774 0.009095 0.039226 -0.003779 0.035684
0.052608 0.042694 -0.041996 -0.202652 -0.233505 0.000998
0.039603 0.042512 0.139238 -0.044064 -0.037171 0.117205
-0.029004 -0.024106 -0.019599 -0.020281 -0.070139 -0.057444
0.002314 -0.013001 -0.001959 0.274797 -0.114472 -0.142354
0.040168 -0.032905 0.100866 0.053031 0.412911 0.340537
0.006591 -0.028706 -0.003601 -0.385842 0.361475 0.045690
0.010241 -0.010633 0.000732 0.040722 0.031915 0.017914
0.011327 0.011989 -0.009052 -0.017442 0.184047 -0.054017
-0.000810 -0.000543 0.001756 0.039684 -0.323686 0.032051
0.040844 -0.063000 -0.125213 -0.017882 -0.016351 -0.010772
0.148241 0.036939 -0.121087 0.152402 0.395204 0.117127
0.001912 -0.000988 -0.000611 0.016911 0.202347 -0.199341
-0.086804 -0.090772 -0.066783 -0.053490 -0.124892 -0.108571
