0.051192 0.016848 -0.011909 0.006761 0.065352 -0.032279
-0.067212 0.032979 -0.003346 -0.073403 0.086690 0.111947
0.118885 0.107972 0.132382 0.033888 0.003402 -0.000890
-0.049549 0.108702 -0.046172 -0.003814 -0.017418 0.054066
0.064839 -0.002488 0.111823 0.053593 0.083558 0.033292
-0.066154 0.090395 0.037603 0.019837 -0.004156 0.005774
-0.000105 -0.000428 0.000582 -0.017790 -0.225648 -0.252363
0.101336 0.025586 0.142779 -0.036489 -0.299823 -0.285684
0.024350 -0.059685 -0.032722 0.129294 0.123229 0.212657
0.055500 0.061459 -0.009580 0.209461 0.223007 -0.164147
0.058090 0.045231 -0.046190 0.055959 0.045181 -0.054713
-0.025695 0.032285 0.028298 -0.353434 0.057701 -0.120928
0.096003 -0.000844 -0.015817 -0.017809 0.022487 0.039911
-0.082845 -0.052816 0.021388 0.001394 -0.107007 0.087689
-0.047631 0.030820 -0.009839 -0.025385 -0.047473 0.029682
0.054103 0.044945 -0.035936 -0.000725 -0.013906 0.023229
0.006008 0.123771 -0.000564 -0.403340 0.160700 0.240886
-0.019433 0.003778 -0.016813 -0.181856 0.307652 0.088995
-0.064539 0.043680 -0.011852 -0.037572 0.198011 0.131660
0.104313 0.122192 0.120455 0.001755 0.025315 0.013983
0.005624 0.080220 0.055241 -0.313265 -0.170511 -0.267777
0.048358 0.144268 -0.027244 0.051605 0.038719 -0.040849
0.050031 0.010819 0.075868 0.048777 -0.096359 0.111702
0.011165 0.155671 0.047009 0.045684 -0.006933 -0.119168
0.036898 -0.027416 -0.042010 0.124050 -0.018901 -0.125416
-0.002009 0.001163 -0.000945 -0.035781 -0.116390 0.269108
-0.023980 0.000774 -0.037137 -0.119101 0.033869 -0.004423
-0.011845 -0.035760 0.053008 -0.416175 0.024155 -0.176012
-0.026136 -0.040901 0.010119 -0.022291 -0.037142 0.008201
0.008058 0.062699 0.000938 0.319090 -0.119734 0.334031
-0.041243 0.002089 -0.065956 0.120374 -0.207873 -0.308133
0.010122 0.117481 -0.099638 -0.035937 0.052972 -0.127231
0.000196 0.002448 -0.004606 0.368344 -0.402928 0.172459
-0.032248 -0.022104 -0.070111 0.116598 -0.159520 0.157011
-0.043361 -0.000945 0.086295 0.002282 -0.172796 0.048679
0.016755 0.057971 0.006485 0.120343 -0.374906 -0.201782
-0.111689 -0.072384 0.132572 -0.025522 -0.205667 0.324893
0.023734 0.015329 0.024180 -0.015238 0.010300 0.017436
-0.044448 0.023608 -0.004513 -0.002902 -0.086811 0.090845
-0.000716 0.002414 0.006420 -0.196765 -0.354867 -0.042149
