-0.040222 0.038740 -0.019168 0.075561 -0.015549 0.141811
-0.045247 0.035311 -0.047366 0.022827 -0.053064 0.015863
-0.039864 -0.048653 0.067724 -0.179208 0.151762 0.227471
0.027941 -0.008955 -0.023073 -0.061091 -0.241175 -0.126138
0.041215 0.058630 0.008004 -0.035924 0.159024 -0.013753
-0.137328 0.000219 -0.019725 0.045484 -0.009473 -0.009927
0.048187 0.062547 0.035041 0.018825 -0.032775 -0.006227
-0.032390 0.044433 0.005772 0.268226 0.073339 -0.159322
-0.001633 0.003350 0.001671 0.123120 0.058272 -0.137434
0.032437 0.010260 -0.046043 0.112938 -0.235777 0.016406
-0.121006 0.089202 -0.082830 -0.010334 -0.017414 -0.015284
0.016171 0.101008 -0.107237 -0.003015 0.106330 0.079796
0.033917 0.042966 0.057202 -0.054088 -0.146229 -0.015077
-0.029682 -0.040322 -0.018430 0.140417 -0.029356 0.322247
-0.030243 -0.066292 -0.021296 -0.289712 -0.453317 0.072176
-0.022777 -0.007711 0.037952 -0.021943 0.009337 -0.001506
-0.034533 -0.022676 -0.049034 0.088028 0.130693 0.184721
0.010412 -0.082814 -0.074529 -0.070931 -0.095540 -0.179370
0.007316 -0.056289 0.018002 0.091997 -0.055032 0.248867
-0.036686 0.025320 0.042147 0.123922 0.148223 0.248027
0.019152 0.018819 -0.031662 -0.018631 -0.120103 0.207956
-0.039443 0.064137 0.001402 -0.026797 0.103194 -0.087603
0.045049 -0.053913 0.022148 -0.053975 0.041063 0.025177
-0.020719 0.051916 -0.077215 0.268130 -0.218997 -0.202518
0.012699 -0.039911 0.017270 0.105863 -0.004953 -0.223282
-0.098334 0.030613 0.112366 -0.349833 -0.064317 -0.130755
0.038268 -0.035686 -0.021020 -0.033859 -0.007653 -0.004472
-0.007913 0.007289 -0.001436 0.083441 -0.111748 -0.152275
0.029406 -0.094811 0.050427 -0.009553 0.068157 -0.051096
0.004771 -0.008324 0.014716 0.344674 0.370084 -0.188627
0.104231 -0.078763 0.002688 -0.027827 -0.089313 0.025635
-0.037544 0.013693 -0.043051 -0.004905 -0.347120 0.343593
0.013377 0.057031 0.075513 -0.152887 -0.242715 0.093806
-0.005377 0.022023 0.026107 0.029426 -0.000517 -0.006619
0.045439 0.055508 0.051126 -0.062390 -0.180679 0.196545
-0.003786 0.000630 -0.005901 -0.211235 0.110944 0.100763
0.003422 0.004278 0.003701 0.024287 0.187784 0.136077
0.032980 -0.125947 -0.046003 0.125349 0.033199 -0.013840
0.025132 0.071937 -0.027601 -0.272587 0.116772 0.082071
-0.001001 0.004011 -0.002006 0.045997 0.020033 0.165573
0.002641 -0.003810 -0.015257 0.022048 0.114456 0.100664
