0.039870 0.044549 0.003822 -0.215265 -0.297321 0.009418
0.040397 -0.044388 -0.006720 0.000939 -0.157325 -0.166821
-0.051097 0.084518 -0.109392 0.228753 0.041554 -0.024725
0.041999 -0.039807 0.068527 -0.197710 0.295460 0.047922
-0.005146 0.015457 0.041057 0.082241 -0.026823 -0.062461
0.028233 0.037674 0.050964 0.062871 -0.039426 0.085421
-0.013513 -0.022034 0.018797 -0.005848 0.044879 -0.156114
-0.039886 0.009308 0.017906 -0.079754 -0.045272 0.027134
0.108111 0.101936 -0.073491 -0.411417 -0.098449 -0.048166
-0.075266 -0.026729 -0.085270 0.025463 -0.107638 -0.034134
0.011149 0.059302 0.057229 -0.007309 0.013950 -0.032351
-0.088687 0.037110 -0.044889 0.383518 -0.072683 0.366510
-0.024252 -0.039451 -0.016182 0.184058 0.092210 0.098036
-0.033853 -0.042372 0.066716 0.422963 -0.393010 -0.368496
-0.004016 0.015961 -0.009596 0.040756 -0.036477 -0.067510
0.060063 -0.068734 -0.024308 -0.298481 0.103570 0.291375
-0.075603 -0.074749 -0.042503 -0.104836 0.127618 0.125450
-0.003752 -0.000058 -0.003786 0.012468 -0.173707 0.188773
0.018947 0.033772 0.107766 0.001309 -0.001255 0.002395
-0.047999 -0.011689 -0.009535 0.155965 -0.105664 -0.186605
-0.139596 0.090241 0.082798 0.086303 0.136252 -0.007991
0.067509 -0.019017 0.017851 0.095645 -0.015347 -0.002197
0.075801 -0.055543 0.047560 0.274774 -0.040214 0.290950
0.062435 -0.153896 -0.076078 0.054904 0.166206 -0.082701
-0.006507 -0.008398 0.008536 -0.031698 0.199918 -0.316777
-0.002651 -0.002288 -0.007003 -0.195450 0.058029 -0.103833
0.080446 -0.012146 0.074153 -0.091588 -0.125894 -0.040590
0.035190 -0.019627 0.001259 0.114693 -0.061493 0.037704
0.022741 0.042304 -0.006483 0.345705 0.303894 0.005511
-0.027791 0.077643 0.045985 -0.110885 0.394642 0.129304
-0.016399 0.011819 -0.024735 -0.137100 -0.082022 -0.051551
0.024606 0.026667 -0.030344 -0.058482 -0.201048 0.085175
-0.016919 0.023612 0.001638 0.055060 -0.096722 -0.087431
-0.089810 0.047039 0.044263 0.073510 -0.177239 0.053509
-0.051004 0.074710 -0.074933 0.120101 -0.410085 -0.022747
0.005142 -0.017372 -0.025315 0.374736 -0.023525 -0.088312
0.028839 0.037158 -0.042759 -0.024352 -0.000956 -0.033733
-0.053575 -0.036635 -0.066795 0.293832 -0.316559 -0.102757
0.009471 0.114044 0.040381 0.179702 -0.041529 0.103934
-0.080022 -0.056520 0.023811 0.032177 -0.048043 -0.100471
