-0.028635 0.023072 0.032981 0.018411 0.021268 0.004076
-0.066991 -0.054731 0.031069 0.291208 -0.053770 0.248015
-0.025545 0.005186 0.041784 -0.035065 0.001141 0.003984
-0.040323 -0.016704 -0.044966 -0.009416 -0.068378 -0.057493
-0.035566 0.068402 -0.048648 -0.009826 -0.008483 0.123946
-0.003865 -0.001592 -0.006779 -0.245954 -0.079200 0.327765
-0.008903 0.017900 -0.021099 -0.086598 -0.058660 -0.037058
0.016077 0.060738 0.031952 0.076660 -0.262474 -0.011938
-0.074774 -0.012357 -0.082095 0.311851 0.250836 0.436464
0.008414 -0.013540 0.000304 -0.139736 0.109416 0.042708
0.044345 -0.073012 0.087829 0.049539 0.061375 -0.049094
0.003793 -0.007225 0.005054 0.259408 0.070685 0.192000
-0.063195 0.025894 0.107168 0.208379 0.053652 0.002592
0.007521 -0.013234 -0.011397 0.028043 0.052706 0.043173
0.012065 0.003789 -0.000752 0.017771 0.044977 -0.054014
-0.051280 -0.029091 -0.005672 0.059937 -0.007968 -0.007071
0.006972 -0.063930 0.052427 0.066648 -0.015021 -0.058401
0.082581 0.075853 0.114997 -0.003043 -0.001684 -0.002760
0.026430 -0.016772 0.027393 -0.044455 -0.173284 -0.030479
-0.066349 0.065099 0.069103 -0.087152 -0.099924 0.068610
0.024641 -0.001832 0.019398 -0.212056 -0.023823 0.111468
0.021262 0.024304 0.074577 0.023405 0.033160 -0.042688
-0.057474 -0.056455 0.100297 0.026298 -0.014447 0.045796
0.040579 0.025762 -0.066702 0.103365 0.193864 0.112274
0.119142 -0.104590 0.082464 0.238620 -0.364144 -0.238581
-0.022315 -0.024098 0.041896 -0.161340 0.071750 0.015791
0.109974 0.080661 -0.045163 0.075763 0.018867 -0.000042
-0.107441 -0.044638 0.092579 -0.200636 0.041748 0.199685
0.002398 -0.014119 -0.022074 -0.109411 0.135392 -0.122488
-0.053269 0.048010 -0.017752 -0.003097 -0.014207 -0.006973
0.001899 0.058546 0.052001 -0.077634 0.156924 -0.196321
0.007339 -0.013498 0.028409 0.104135 0.007391 -0.091911
0.049715 -0.010916 0.056425 0.282383 -0.270228 -0.115591
0.007774 0.004465 -0.011410 -0.436660 -0.488550 -0.451205
-0.034361 0.061193 -0.012919 0.057774 -0.090578 -0.200281
-0.022681 0.094034 -0.081726 0.041245 -0.135409 0.055919
-0.048459 -0.139673 -0.017046 -0.188682 0.209419 0.141864
0.039192 0.122718 -0.088831 -0.148604 0.166091 -0.078228
-0.006457 -0.000334 -0.003970 -0.010192 0.018225 -0.002928
-0.033996 -0.041334 -0.061235 0.172877 0.066139 -0.003035
