-0.028563 0.021421 -0.037751 0.364432 -0.285048 -0.340826
-0.063785 0.140603 0.056973 -0.340174 0.231994 -0.428620
0.003086 0.030818 0.032443 0.334229 0.153879 0.299834
0.069697 0.057991 -0.097435 -0.078140 0.124261 -0.098469
-0.043227 0.089707 0.032841 -0.034447 0.309711 -0.206802
0.024389 -0.058200 -0.042441 -0.082136 0.038858 0.116017
-0.032510 0.041243 -0.034810 -0.031731 -0.208107 -0.066654
0.067799 -0.062925 -0.015233 0.178073 -0.386273 -0.390180
0.117255 -0.057966 0.002477 -0.101700 0.063684 -0.115160
-0.040897 0.049127 -0.070228 0.122790 0.054174 0.307539
-0.041568 -0.020706 0.022187 -0.006442 -0.032548 -0.021078
-0.022144 -0.065490 -0.017821 -0.254479 -0.117444 -0.153582
-0.029539 0.056280 -0.009841 -0.015160 -0.018503 -0.017712
0.024783 0.053710 -0.039101 0.124355 -0.116988 0.248924
0.048246 0.017090 0.106452 -0.125743 0.140694 -0.200502
0.005192 0.049252 -0.164381 0.370648 0.124006 0.061696
0.125994 -0.099772 0.097363 0.111307 0.075304 -0.161146
-0.042680 0.014015 0.000751 0.032617 -0.082457 0.065684
0.104170 -0.129870 0.116788 0.397923 0.357635 -0.125612
0.166635 0.049874 0.158772 -0.000059 0.000448 -0.000389
0.089006 0.005365 0.062147 0.140169 0.115698 0.407911
0.011290 0.040202 -0.114002 -0.159339 0.288322 -0.047038
-0.031244 -0.062841 -0.067961 0.208313 -0.202433 -0.131551
-0.044459 -0.029773 0.012174 -0.071077 -0.318194 -0.035438
-0.003492 0.052422 0.050982 -0.310209 0.249644 0.321731
-0.030403 0.076364 -0.075322 -0.005402 0.028397 0.024802
-0.063960 0.109295 0.054375 0.180015 0.055611 -0.258542
0.031888 -0.062012 0.047736 -0.292012 0.133449 -0.213010
-0.019120 0.003531 -0.011759 0.380013 0.106936 -0.248084
0.002469 -0.003639 -0.005597 -0.110066 0.063366 -0.009670
-0.027947 -0.023789 -0.011605 0.239390 -0.100841 -0.166386
0.004590 -0.049437 -0.046578 -0.287909 0.050374 -0.222353
0.011597 0.056039 -0.020434 -0.044771 0.442921 -0.203095
0.013368 -0.006813 0.013168 0.037035 0.025002 -0.025891
-0.067132 -0.074800 -0.042508 0.216569 -0.155999 0.196300
-0.001613 -0.004493 0.004847 -0.229391 0.104424 0.222140
-0.086582 -0.001490 -0.097967 0.173086 -0.082945 0.131477
-0.101554 0.022630 -0.024638 0.056893 -0.022291 0.055471
-0.008610 0.003982 -0.012457 -0.092834 -0.253597 0.153952
-0.075526 -0.003373 0.023969 0.108136 -0.360199 -0.179888
