0.044161 0.004641 -0.058436 -0.088706 0.152757 0.079652
0.116927 -0.031342 -0.040645 -0.168500 0.171766 -0.020861
-0.001382 -0.002147 0.001459 -0.117782 -0.232336 0.283837
-0.022759 0.033098 -0.025687 0.109308 -0.088995 0.158261
0.069399 0.080338 -0.085509 -0.026452 -0.001895 0.009925
0.026917 -0.051612 0.043551 0.135748 -0.101558 0.076720
-0.075691 0.051891 -0.067897 -0.002366 0.007131 0.000328
-0.009503 0.026091 -0.053242 0.098803 0.208395 -0.113362
0.124887 -0.037717 -0.030511 -0.106539 -0.096899 0.207460
0.071502 0.101287 -0.032140 0.213990 -0.385891 0.379483
0.013165 -0.006015 0.008971 0.043920 -0.045697 -0.008800
-0.002259 -0.004158 -0.000856 0.023104 0.069198 0.051651
-0.064598 0.065285 -0.051721 0.058707 -0.079546 0.224529
-0.022596 -0.025596 0.066917 0.306906 0.219640 0.158116
-0.054586 -0.055936 -0.037246 0.111129 0.182388 0.221304
-0.000931 0.001125 -0.000311 -0.070733 0.125779 0.093710
0.007163 0.011928 -0.012554 0.148096 -0.125368 -0.119734
-0.033595 0.009517 -0.030597 0.261586 0.158292 0.319617
0.036620 0.048842 0.013008 -0.000013 0.000016 0.000016
0.068195 0.122841 0.042301 0.046504 0.196118 -0.177197
0.006800 0.004461 -0.011142 0.010606 -0.005450 -0.000020
-0.056134 -0.045010 -0.057584 -0.022823 -0.025073 -0.000140
0.077476 -0.053316 0.022320 0.032251 -0.009771 -0.045012
-0.015452 0.005747 0.016949 0.125441 -0.057040 0.140426
-0.069388 0.146993 -0.026465 0.006723 -0.004912 0.007825
-0.054855 -0.009132 -0.014677 -0.107767 -0.064616 0.256827
0.057401 0.079966 0.049215 -0.041018 -0.009693 0.026575
-0.000609 -0.008376 0.008207 -0.383086 -0.337566 0.339164
-0.000233 0.000877 -0.000769 -0.201160 -0.399822 0.353635
-0.077260 0.069259 0.061215 0.125539 0.123365 -0.269661
-0.033925 0.030945 -0.002719 -0.033577 0.025788 0.000463
0.011365 -0.002552 -0.004072 0.416322 0.385397 0.163381
-0.011783 0.003513 -0.017205 0.119762 0.096266 0.083341
0.083127 -0.032085 0.024242 -0.051723 -0.160644 -0.078143
0.019618 0.013216 -0.037652 0.018532 -0.375562 0.294140
-0.010802 -0.013113 0.038547 -0.335836 -0.297253 0.153811
0.021194 -0.018939 0.011008 -0.039686 0.001389 0.011385
-0.000497 0.000807 -0.001863 0.288261 0.107593 0.165140
0.042851 -0.010283 0.049318 -0.080860 -0.352266 0.291781
-0.035934 -0.065446 -0.018249 -0.323345 0.044944 -0.261316
0.056521 0.004795 0.023176 0.133813 0.084278 -0.147069
