0.077818 -0.068087 -0.039036 -0.333250 0.188498 0.073722
-0.115917 0.000441 0.126852 -0.165225 0.172157 0.072405
0.066645 -0.073257 0.001847 0.007639 -0.023318 0.006547
-0.000483 -0.003547 0.003455 0.433537 0.308007 -0.351213
0.000398 0.005199 -0.009970 0.113142 0.010201 0.060015
-0.025418 0.008957 0.020084 0.175517 0.190160 -0.170283
0.035743 -0.076801 0.154719 0.225435 -0.203660 0.014913
-0.014160 -0.058911 -0.044991 -0.163277 -0.055137 -0.006223
0.021657 0.000001 -0.002986 -0.001771 -0.002332 0.001195
-0.036544 -0.023020 -0.073959 0.354141 0.221404 0.203849
-0.015488 0.011407 0.016672 0.055524 0.105219 -0.005167
0.065032 -0.049198 0.036858 0.007412 0.021178 -0.105932
-0.039162 0.037745 0.045653 -0.246264 0.046043 -0.125074
0.125994 0.117231 0.101849 -0.004690 -0.026068 0.020131
0.002225 0.052517 -0.040892 0.085532 -0.042696 0.110013
0.031373 -0.023157 -0.001210 0.129477 -0.129149 -0.127510
-0.088786 -0.026673 -0.053643 -0.124800 -0.086181 -0.062888
-0.020939 -0.039641 -0.055834 -0.011433 -0.034946 -0.073708
0.007915 0.078886 0.110705 -0.068626 -0.061932 0.176944
0.071069 -0.063126 -0.120447 -0.098852 -0.227401 0.142472
0.041991 0.062028 -0.095039 -0.005413 0.036961 0.028919
0.019095 0.045023 0.003226 0.089095 -0.071800 0.066156
-0.097428 0.132589 0.069056 0.192697 -0.143869 0.240417
0.049445 -0.050497 0.043453 0.216953 0.001804 0.131815
-0.036402 0.052732 -0.022580 -0.134346 -0.341725 0.088350
0.085518 0.028419 0.037611 0.020746 -0.047449 0.038450
-0.024290 0.065058 -0.066014 -0.301272 0.270461 0.313390
-0.164113 -0.066894 0.136422 0.095566 -0.268066 0.166553
-0.029781 0.035556 -0.041823 0.061765 0.105164 0.130509
0.043147 0.034424 0.020305 0.013042 -0.007582 -0.003471
-0.067263 -0.107525 0.004954 0.048870 0.012562 0.122796
-0.095119 0.133308 -0.155810 -0.018704 -0.003015 0.005235
0.000747 0.001667 0.000838 -0.024362 0.062594 0.009997
0.026070 -0.073561 0.073542 -0.367494 -0.031084 -0.162712
-0.004747 -0.025933 0.027397 0.017591 -0.024484 -0.211268
-0.042129 -0.007324 0.094758 -0.066823 -0.028792 -0.105471
-0.085512 -0.087275 0.020060 0.097444 -0.026252 0.061133
-0.009268 0.015948 -0.058071 0.077844 -0.241280 0.067136
0.002392 -0.035566 -0.039312 0.081983 -0.063083 -0.065232
