-0.042666 -0.006645 -0.074914 0.041346 0.366095 0.143790
-0.080820 0.026941 -0.075914 0.164002 0.130378 -0.085741
0.045266 0.064013 0.030389 0.021879 -0.074176 0.104135
0.049917 -0.118474 -0.060301 -0.003049 0.286201 -0.273373
-0.057970 -0.076130 0.034132 -0.409880 0.061766 -0.039816
0.012927 0.053717 -0.015554 -0.137743 0.182013 -0.234167
-0.063802 -0.082952 0.005934 0.373642 -0.417620 0.058284
-0.019822 0.006417 0.023925 -0.028175 0.010309 0.047554
0.104481 -0.019929 -0.079460 -0.004313 0.006713 -0.013113
-0.052153 0.060995 0.024855 -0.103930 -0.165674 0.103526
0.008313 -0.127557 0.070716 -0.015146 0.108605 -0.242849
0.045525 0.007427 -0.012967 -0.338565 -0.380918 -0.229346
-0.041177 0.000709 0.004311 -0.023049 -0.028192 0.077085
0.012895 -0.001937 0.043339 -0.064062 0.136782 -0.064308
0.030999 0.010857 -0.042695 -0.391836 0.298663 -0.271159
-0.042699 0.034992 -0.057792 0.024640 -0.021634 -0.050625
0.036784 0.032401 -0.082950 0.007085 -0.257965 0.244897
0.010761 -0.007016 0.040407 -0.007328 0.007107 -0.006795
-0.034383 0.136008 0.135406 -0.049919 -0.000153 -0.093113
-0.019164 0.009699 -0.015801 -0.157142 -0.311327 -0.258776
0.055515 0.033239 0.000190 -0.021944 -0.145535 -0.065385
0.095064 -0.126218 -0.040199 0.054110 -0.046080 -0.260943
0.014580 -0.067670 0.062430 -0.141357 0.130809 0.151187
0.011069 0.119024 -0.039212 0.125713 0.019485 0.202548
0.004684 -0.021699 -0.032256 -0.035499 -0.044839 -0.013559
-0.051558 0.096229 0.125015 0.019295 0.178483 -0.134400
0.028378 0.055067 0.042897 -0.116453 -0.001392 0.038713
0.000058 -0.034348 0.011576 -0.200451 -0.085949 -0.166311
-0.010233 0.011403 -0.019378 0.036331 0.015293 -0.135560
-0.009452 -0.054664 -0.128652 -0.294920 0.001927 -0.107713
-0.100503 0.100300 -0.000118 -0.033358 -0.011755 -0.044579
-0.063544 0.012087 -0.004626 -0.011391 -0.011812 0.004787
0.058156 0.066531 -0.018145 0.010309 -0.025892 0.138833
-0.030628 -0.029251 -0.013572 -0.163336 0.203834 0.179027
-0.014723 0.024176 -0.010252 -0.021597 -0.144603 -0.168899
0.054935 0.048254 0.024930 0.093655 0.112284 0.212821
0.006369 0.011064 0.005559 -0.166136 0.302450 0.370648
0.037890 -0.072250 -0.007631 -0.078295 -0.183819 -0.139575
0.003455 0.117183 0.063936 -0.164838 0.116365 0.011027
0.098831 0.098295 -0.059278 0.137301 0.188417 -0.128659
