-0.063011 -0.026678 -0.022336 -0.151837 -0.156964 0.205502
0.008596 0.007836 0.037838 -0.070290 0.094450 0.095590
-0.018996 -0.021207 0.044350 -0.077790 -0.026353 0.108004
0.095634 0.082711 -0.111870 -0.248651 -0.231201 0.280739
0.003223 0.004565 -0.001875 -0.361128 0.070661 -0.134679
-0.119365 0.041605 -0.061876 -0.058670 -0.050164 0.023801
0.007782 -0.006680 0.018368 0.143538 -0.049793 -0.251326
-0.030567 0.006970 -0.018549 0.006204 -0.007682 0.021811
-0.033955 0.023690 0.046165 -0.137268 -0.130888 0.252877
-0.073607 0.002981 0.055041 -0.120447 -0.228303 0.155935
0.030035 -0.089751 -0.005228 0.113692 0.018220 -0.197814
0.002833 0.002004 -0.006363 -0.278127 0.045141 0.091038
-0.028026 -0.090763 -0.063332 -0.246782 0.178152 -0.000603
-0.000228 0.011906 0.007068 0.236595 0.351714 0.404832
-0.081743 0.067789 -0.068818 0.269086 0.013801 0.181070
0.006076 -0.021833 0.002547 0.284426 0.152304 -0.253145
-0.030666 0.076698 -0.057809 -0.032041 -0.279390 0.049618
-0.012827 0.013966 -0.009983 0.119125 -0.127724 0.093649
0.033220 0.098365 -0.089202 0.057080 -0.085781 0.076838
-0.137069 -0.002668 0.018169 -0.171599 -0.022493 -0.119389
0.011759 0.010327 -0.017831 -0.219670 0.045821 -0.030856
0.092512 -0.026442 0.068294 -0.080449 -0.044391 0.056033
-0.057877 0.026024 0.056466 0.173802 -0.124654 0.190415
0.047205 -0.052900 -0.048716 -0.214466 -0.276997 0.309864
0.004271 0.011803 0.039704 -0.117729 0.107058 0.131029
0.000030 0.007460 -0.003615 0.036010 -0.031519 -0.035327
0.065610 0.093226 0.105451 -0.254526 -0.006000 0.198461
-0.013315 0.000816 0.008658 -0.035849 -0.026525 0.010633
-0.053337 0.028174 0.102698 0.218644 -0.030397 -0.036591
0.011125 -0.017533 -0.054230 -0.089499 -0.028602 0.042522
-0.098959 -0.048678 -0.073530 0.011876 -0.007476 -0.013768
0.064368 0.022198 0.038085 -0.024700 -0.048494 0.113202
-0.066558 0.028437 0.001002 -0.115678 0.025309 0.188977
-0.029308 -0.032547 0.010493 0.125443 -0.152332 -0.163153
0.001696 -0.024572 -0.004815 0.008586 0.017113 0.185572
0.009693 0.091513 -0.073497 -0.038730 -0.049741 0.030576
-0.005852 0.002665 -0.003831 -0.122792 -0.188609 0.063033
-0.064870 -0.018685 -0.099170 -0.097989 0.053056 -0.039980
-0.043848 -0.027171 0.042105 0.240357 -0.302513 -0.314572
0.037772 -0.062716 0.142380 -0.162188 0.375778 -0.381096
-0.008229 -0.008431 0.011214 -0.086582 0.130341 0.112686
