-0.007272 0.015315 -0.016474 -0.072898 -0.077793 -0.041991
0.029548 -0.008542 0.002716 -0.031982 -0.057405 0.010527
0.002365 0.006541 -0.002965 -0.026816 -0.074945 -0.015800
0.087381 -0.016421 0.085107 0.068389 -0.057111 0.011138
0.027464 0.009952 -0.040816 -0.003398 0.016523 -0.003910
-0.033579 -0.062666 -0.034783 0.057284 -0.058439 0.111066
-0.011202 0.105257 0.067706 0.000703 0.000758 0.002339
0.015269 -0.084757 0.061698 -0.284424 0.143488 0.252397
0.024367 -0.015910 0.014335 0.160359 0.170603 -0.219117
-0.033173 -0.020130 -0.012015 0.410814 0.117788 -0.471028
-0.043532 -0.002933 0.009831 0.101880 0.087323 -0.016137
0.000600 0.001929 0.001190 0.118276 0.007559 0.096925
-0.129609 -0.044464 0.079362 -0.283327 -0.283061 0.073846
-0.160536 -0.010344 0.063290 -0.006798 -0.147725 -0.115668
-0.028456 0.036404 -0.027978 0.251424 0.291834 -0.328758
-0.067180 -0.069518 -0.016042 -0.128743 0.000604 0.004153
0.038880 0.033537 -0.057527 -0.182351 0.172302 -0.177266
0.097937 -0.060007 0.087862 0.100673 -0.107467 -0.151428
0.013043 -0.012529 0.028718 0.098865 -0.191518 0.270996
0.011352 -0.029111 0.017400 -0.042530 0.013639 0.099543
0.162872 -0.128823 -0.036307 -0.209189 -0.128184 0.264281
-0.111427 0.092577 0.073261 0.333695 0.041068 0.334921
0.123150 0.047422 -0.027842 0.032238 0.030774 -0.003238
-0.014492 -0.110664 0.094258 0.027139 -0.010359 0.000354
-0.032405 0.008865 0.002747 -0.033208 -0.009184 0.065228
0.044953 -0.119454 -0.023553 0.293968 0.063838 0.224874
0.038968 -0.062435 -0.036286 0.076596 0.055284 -0.034051
-0.047754 -0.073379 0.084674 0.177508 0.217274 0.225671
0.042729 0.030990 -0.040993 0.073322 0.209601 -0.202155
-0.001418 0.028523 0.068898 0.045896 -0.267711 0.155853
0.013840 -0.042118 0.002179 0.007244 -0.023035 0.078134
-0.080813 0.050117 0.062949 -0.039843 0.101224 0.142420
-0.006326 -0.015476 0.000164 -0.209693 -0.366735 0.038265
0.059917 -0.079969 0.049481 -0.230001 -0.204025 0.194358
0.031880 -0.037946 0.025315 0.067852 -0.068783 -0.108505
0.030554 -0.034768 0.056703 -0.038396 -0.020737 0.004270
-0.038214 0.060396 -0.060910 -0.193719 -0.333191 -0.368812
0.094350 -0.026895 -0.105664 -0.137559 -0.074635 0.045778
0.048381 -0.007440 0.025654 -0.189840 0.288792 0.226434
0.047206 0.010941 0.032729 -0.274570 0.088008 -0.155960
