0.043542 -0.040100 -0.049156 -0.281342 -0.399860 -0.151126
0.064497 0.053229 0.047319 0.027878 -0.309162 -0.084980
-0.006233 -0.010148 -0.007353 -0.264661 -0.276803 0.110961
0.020519 0.054582 -0.025192 0.226034 0.071539 0.341069
-0.162927 -0.108780 0.062349 -0.068023 0.026301 0.263865
0.034487 -0.009701 0.001385 0.015344 0.005043 -0.016056
-0.017700 -0.011142 -0.016157 0.029223 0.088362 0.042451
0.082845 -0.025075 -0.052893 -0.324258 -0.123375 -0.160382
-0.006555 0.027289 -0.033545 -0.029356 -0.027861 0.020715
-0.009502 0.028445 -0.007928 -0.040317 -0.038479 -0.028522
0.005016 -0.010401 -0.000878 -0.006762 0.035818 -0.059666
-0.010312 0.019571 -0.021231 -0.039912 -0.015072 0.024247
-0.053287 -0.041817 0.046751 -0.201966 -0.086291 -0.188118
-0.062925 -0.088907 -0.008224 -0.102469 0.221253 -0.165673
-0.014073 0.042668 0.027025 -0.016218 -0.071235 0.029549
0.046234 -0.049527 -0.015247 -0.084547 0.025786 -0.124522
-0.089906 0.105857 0.069570 0.085483 0.073236 -0.139098
-0.130553 -0.123218 0.082365 -0.029411 -0.091054 -0.082118
-0.034122 0.021483 -0.059053 0.086114 -0.102964 0.101697
-0.002087 -0.000890 -0.002046 0.110920 0.197391 -0.082144
0.091008 -0.113033 -0.048433 -0.442475 0.297432 -0.103266
-0.009962 0.009343 0.001662 -0.002456 -0.002947 0.005706
-0.026177 -0.009437 0.012917 -0.234470 0.066372 0.062040
-0.009376 0.021867 -0.006301 -0.058907 0.083628 0.085397
0.119119 0.069449 0.089791 0.058651 0.022163 0.023738
0.003627 -0.039681 0.058546 0.081849 -0.104172 -0.255103
0.105867 0.023047 0.033629 0.009451 0.049252 0.242169
0.080972 -0.051127 -0.020311 0.075466 0.007218 -0.170505
0.002182 -0.003366 -0.016484 0.099011 0.106237 0.116841
0.047527 0.028481 -0.089699 -0.006968 -0.118344 -0.184433
-0.008482 0.017231 -0.015269 -0.053506 -0.044248 -0.018195
0.034927 -0.104291 -0.015656 0.085696 -0.102458 -0.035823
0.083130 0.003115 -0.013320 0.108975 0.129632 0.006837
-0.005760 -0.003252 -0.002478 -0.086608 0.018821 -0.240191
-0.033011 -0.048392 -0.005792 0.098946 0.116558 0.033070
0.167706 0.127544 0.008206 0.308433 0.204754 -0.378571
0.043613 0.022146 -0.051661 -0.093683 -0.213071 0.094506
0.000768 0.000972 -0.000141 -0.163217 0.043158 -0.148015
0.101994 0.068061 -0.081081 0.175215 -0.218391 -0.261118
0.042250 0.066180 0.114541 -0.167790 0.155779 -0.202669
