0.090122 -0.007840 0.001095 0.096689 -0.065734 0.366278
-0.036249 0.056563 -0.042033 0.100082 0.265083 -0.063388
-0.040498 -0.030118 0.073409 -0.101763 -0.190892 0.084966
0.009270 -0.005264 0.010061 0.028241 0.036305 0.010621
-0.101215 0.036638 0.084490 -0.186762 -0.208445 -0.047235
0.036016 -0.010421 -0.005486 -0.016930 -0.032708 -0.000258
-0.097042 0.103915 -0.125655 0.300191 -0.132537 -0.176649
0.023898 0.016352 -0.081834 -0.030587 0.032454 -0.241389
0.076535 0.092691 0.014322 -0.218930 -0.126527 -0.162545
-0.082461 -0.033703 -0.010827 -0.120690 -0.044937 0.089769
0.048754 0.002286 0.070447 -0.093994 -0.125090 0.018832
-0.005794 -0.010594 -0.057069 -0.021151 0.015767 0.160985
0.009890 -0.012576 0.019963 -0.057890 0.164444 0.070050
-0.011234 0.022102 -0.042125 -0.036981 0.161664 -0.118752
-0.026087 0.067885 -0.027314 -0.189344 0.122024 0.134456
-0.063329 0.039154 -0.056957 -0.072478 -0.278978 0.274483
0.008367 0.003697 -0.004375 -0.060992 0.161219 -0.226396
-0.085244 0.096019 0.089833 -0.040887 0.015646 0.083183
0.084285 -0.007064 0.057416 -0.041721 0.086569 -0.028933
0.133656 -0.019294 -0.043339 0.318534 -0.337112 0.155572
-0.003182 -0.001235 0.000767 0.003776 0.051238 -0.127556
-0.006055 -0.016251 0.002646 -0.094772 0.382151 -0.191489
0.066675 -0.038818 -0.073860 0.362698 -0.370406 -0.214713
0.089322 0.046656 -0.033311 0.002911 0.002266 0.004005
0.013388 0.030173 0.034098 -0.077967 0.052124 -0.091242
-0.032353 0.018272 0.053639 0.031376 -0.479004 0.188280
0.067508 0.058080 -0.001712 -0.078516 0.058602 0.055756
0.014384 -0.058577 -0.038827 -0.414195 -0.273270 0.079033
0.082034 -0.045707 -0.040256 -0.092615 0.213150 0.156564
0.023729 -0.054575 0.008361 -0.175356 -0.032213 -0.183109
0.101948 0.070043 0.047012 -0.133984 0.168437 0.452767
0.163982 0.127299 -0.059248 0.058441 0.213556 0.163078
0.125701 -0.057073 -0.003363 0.226396 0.093218 0.175155
-0.038975 0.014215 0.025209 -0.407815 -0.429624 -0.298302
0.034212 0.018037 -0.016093 -0.072493 -0.086799 -0.105176
0.016880 -0.047823 0.037848 0.099755 -0.012342 -0.095599
-0.018658 0.009305 -0.018639 0.014110 0.000505 0.013073
0.024227 0.000440 -0.013764 -0.087723 0.089591 -0.014049
0.022614 -0.024303 -0.019383 -0.075265 0.017619 -0.019292
0.003118 -0.002661 -0.016603 0.045047 -0.097974 0.080878
-0.066375 0.132261 -0.008871 -0.027466 -0.208896 -0.184774
