0.044162 0.032654 -0.005692 -0.019632 0.034566 -0.057403
0.107685 -0.054610 0.005768 -0.044775 -0.062624 0.161974
-0.018919 -0.052454 -0.034074 0.109089 -0.192074 0.095657
0.033919 -0.012482 -0.092674 -0.012269 0.187695 0.109087
-0.014405 0.019569 -0.079276 -0.048569 0.068376 -0.014029
0.086078 -0.121176 0.001364 -0.015620 0.031930 0.092686
-0.090026 -0.099241 -0.013671 0.092573 -0.300948 -0.119807
0.061843 0.064416 0.024490 0.397010 -0.159490 -0.185397
0.127423 -0.089866 0.092553 -0.403956 -0.261478 -0.226805
0.049451 -0.077455 -0.062107 0.058277 0.095490 0.207257
0.015132 0.003237 -0.023708 0.226813 0.009220 0.187016
-0.090294 0.082697 0.012500 0.028063 -0.045713 0.025132
-0.000170 -0.074125 0.067276 -0.258150 0.304716 -0.156983
-0.014905 0.010047 -0.002711 0.100306 -0.006756 0.227281
0.003216 0.048454 -0.026288 0.059008 -0.274760 0.155885
-0.018794 0.053403 -0.051333 0.093762 -0.075472 -0.096363
0.023369 -0.013552 -0.017547 -0.307458 -0.224170 -0.052533
0.030537 0.007701 -0.042470 0.001005 -0.000126 -0.003494
0.044797 -0.024874 0.043336 0.135136 0.005802 -0.129653
-0.016297 0.050631 0.015318 -0.048916 -0.109639 -0.068495
-0.004630 0.036586 -0.002980 -0.000589 0.000111 -0.000501
-0.085097 0.093851 0.111285 0.049314 0.074431 -0.074667
-0.004525 0.033972 0.002294 -0.036173 -0.053613 0.017376
-0.024621 -0.025370 0.031324 0.061213 -0.167026 0.188803
-0.011653 0.018170 -0.027945 0.098109 -0.205679 -0.012798
0.002892 -0.058008 0.029781 -0.152043 -0.060646 0.207730
0.075840 0.036748 -0.032108 -0.021240 -0.129678 0.140955
-0.025674 -0.012967 -0.016142 -0.414585 -0.162300 0.176451
0.121396 -0.068352 0.049154 0.250041 0.259566 -0.090033
0.007225 0.003245 -0.007898 0.154307 -0.401273 -0.087270
-0.019088 -0.049873 0.108268 -0.141124 0.139052 -0.292036
-0.009726 -0.005469 0.092239 0.009185 0.019088 0.029676
0.018673 0.036376 -0.025261 -0.013410 0.074113 -0.078523
0.036635 0.008055 -0.011253 -0.114781 0.153087 0.099471
0.024368 -0.099534 0.004650 0.242994 -0.319552 0.291653
0.069247 -0.141386 -0.080204 -0.033442 -0.026526 0.000806
0.018912 0.000685 -0.001028 -0.246230 -0.243359 -0.222979
0.006673 -0.029349 0.054075 0.123873 0.030243 -0.051025
-0.015022 -0.055166 0.079752 -0.049430 -0.418416 -0.460749
-0.059024 -0.013080 0.007147 -0.318823 -0.450416 0.290057
