-0.021820 0.061552 0.057487 0.351175 0.040496 0.004118
-0.029581 -0.071149 -0.002923 -0.204938 0.052818 0.052569
0.084792 -0.023408 0.039927 0.092714 -0.281892 -0.154115
-0.084091 -0.076914 -0.099286 -0.286083 -0.265184 -0.228229
-0.122140 -0.057719 -0.060558 -0.213642 0.250868 -0.213311
0.016915 0.036100 0.005382 -0.021136 0.003296 -0.033870
0.027574 -0.043715 -0.029632 -0.141626 0.225530 -0.112621
-0.011558 0.011585 0.001320 -0.033639 0.257567 -0.103244
-0.015314 -0.051065 0.010474 -0.007498 0.102156 -0.036571
-0.010344 0.007085 -0.009888 -0.279944 0.270170 -0.301760
0.017061 0.049456 -0.064396 -0.072367 -0.040509 0.008404
0.025350 0.033136 0.024119 0.209348 -0.206179 -0.122775
0.052114 -0.026853 -0.010068 0.436017 0.383228 0.166876
0.151570 0.080022 -0.114659 -0.290379 0.164131 -0.045910
0.163771 -0.028104 -0.054088 -0.012524 0.011048 -0.011522
0.013599 0.094894 -0.049698 0.063657 -0.250481 0.401890
0.011563 -0.015485 -0.039442 0.012206 -0.072247 0.170972
0.066251 0.008644 -0.117854 0.166726 -0.000303 0.125319
-0.002249 0.057557 -0.043198 -0.148191 -0.244363 -0.246348
0.092973 -0.086215 0.035440 -0.337001 0.329621 0.089206
0.050476 0.028543 0.032152 -0.288610 -0.332554 0.253045
0.002597 -0.003720 0.012656 0.016062 -0.254617 -0.036852
-0.034757 0.131743 0.149975 -0.035768 0.018029 -0.047738
-0.019576 0.018385 0.005626 -0.032305 -0.040283 -0.029335
-0.041722 -0.034003 -0.008438 0.007593 0.207107 0.095728
0.013672 0.008931 -0.003890 0.150095 -0.073532 -0.079733
-0.021233 -0.023018 -0.017970 -0.271966 -0.390032 -0.278967
-0.003950 -0.151182 -0.155431 -0.132542 0.345630 -0.356764
-0.049744 0.021830 0.028120 0.006747 0.004412 0.004666
0.033791 0.095281 0.027738 0.192261 0.210570 0.340408
-0.042087 0.043024 -0.050571 0.137651 -0.077454 0.143902
0.138258 -0.059663 -0.097083 -0.000373 -0.004294 0.003736
-0.020241 -0.058855 -0.010599 0.260245 0.201182 -0.119884
-0.015100 0.010587 -0.011957 -0.004715 0.019007 0.028001
-0.032896 -0.044234 -0.034136 -0.326003 0.045818 -0.035982
-0.096100 -0.102987 0.100223 0.363771 0.099000 -0.185736
0.062196 0.048161 0.068395 -0.092398 0.266327 -0.107178
0.008257 -0.008974 -0.003374 0.073344 0.354211 -0.361057
-0.009927 0.010894 0.006216 -0.009244 -0.100145 -0.034352
-0.041606 0.007698 -0.038133 0.088049 -0.000671 0.119963
