-0.009636 0.006041 0.016263 0.025395 -0.135302 0.126358
-0.093066 0.061484 -0.064961 -0.024354 0.038978 0.051920
0.085305 0.013806 -0.102796 0.280578 -0.041422 0.015901
-0.094874 0.026461 0.061427 0.175058 -0.271176 -0.035816
0.016236 0.015137 -0.008634 0.041799 -0.002603 -0.069492
-0.001047 0.000362 -0.001663 0.025242 -0.034895 0.104094
0.049503 -0.037779 -0.088932 -0.173372 0.012145 -0.030695
0.007849 0.027767 -0.055125 -0.009927 0.207117 0.000974
-0.050915 -0.014448 -0.033367 -0.010094 -0.345890 -0.187240
0.077420 0.014555 -0.029831 -0.344592 0.020757 -0.096662
-0.028240 -0.026802 0.012398 0.097164 0.260046 0.072052
-0.007871 0.004621 0.005957 -0.107434 -0.091258 -0.068971
0.043183 0.000431 0.027675 -0.052339 0.014404 -0.090482
-0.113587 0.085335 -0.103501 -0.338910 -0.081034 -0.338488
-0.009344 -0.032522 0.016636 0.179470 0.089027 0.213226
-0.044498 -0.165647 -0.093169 0.054600 -0.028772 -0.023004
0.000746 0.000916 0.000953 0.029712 -0.057666 0.015382
-0.031523 -0.013597 0.005345 -0.073283 0.034900 -0.024982
-0.007028 -0.056998 0.109289 0.170172 0.177361 0.014870
-0.001464 0.001537 0.001514 0.011503 -0.033896 0.002999
-0.033309 -0.025705 -0.026090 0.003717 0.005513 -0.001816
0.096630 -0.115976 0.001592 0.015945 0.016208 0.023537
-0.008587 -0.006531 -0.016610 0.044709 0.044413 -0.095135
-0.099390 -0.099026 -0.012277 -0.030751 -0.130898 0.196595
0.002322 0.010558 0.013366 -0.029879 0.034530 0.020658
-0.019472 0.025166 0.027081 0.128751 0.084951 -0.030163
-0.080917 0.087524 -0.011094 -0.071287 0.202300 0.055269
-0.005218 -0.091079 0.050816 0.116876 0.044661 0.136464
0.067274 0.042250 0.073173 0.025400 -0.033155 0.018077
-0.092712 0.104750 0.070515 -0.115650 0.111456 -0.122875
-0.030178 0.053975 -0.036530 0.279741 0.185115 -0.479762
-0.013319 -0.002550 0.025902 -0.091255 -0.053475 -0.094215
0.089636 -0.056286 -0.134981 0.104400 -0.148409 0.278579
0.001027 -0.036574 -0.005574 -0.001371 0.003857 -0.003541
0.070854 0.093111 0.007366 -0.216718 0.305425 -0.389628
0.007135 0.003193 -0.007925 -0.010978 -0.149843 -0.116867
0.078991 -0.093210 -0.010028 -0.018230 0.064225 -0.025356
-0.068696 0.010700 0.131226 0.051183 0.225330 0.053279
0.045512 -0.009449 -0.134055 0.088413 -0.030422 -0.030913
-0.114202 -0.033235 -0.076973 -0.044601 -0.029672 -0.021354
