0.004029 0.018547 0.015751 0.100208 0.286192 -0.160027
-0.004775 -0.010223 -0.009464 -0.143749 0.076598 -0.183446
-0.022064 0.000870 -0.031151 0.135354 -0.069784 0.072046
-0.102627 0.013678 -0.103021 -0.188889 -0.179457 0.017211
-0.114364 -0.121068 -0.040355 0.020115 0.037777 0.044110
0.096421 0.042675 -0.012944 -0.005892 -0.011821 0.016635
0.016408 0.031747 0.000464 -0.053069 0.006428 -0.232307
-0.066441 -0.050752 -0.055961 -0.403408 0.321452 -0.255173
-0.001318 -0.047500 -0.009435 0.137217 0.019617 0.038938
-0.029047 0.077956 0.064567 0.335188 -0.218084 -0.048906
0.047187 0.004556 -0.026302 0.026531 0.048659 -0.148688
0.041201 -0.111604 -0.068892 0.070215 -0.105395 0.022573
-0.027790 -0.032503 -0.131049 0.008188 -0.000657 -0.000527
0.006930 0.014356 -0.009616 -0.037850 0.382188 0.258219
0.023621 -0.010163 -0.003196 0.082100 -0.299975 -0.264853
0.001958 0.029110 0.004501 0.193277 0.175780 0.144369
-0.046447 -0.026408 0.035865 -0.313497 0.324907 -0.027450
0.005589 0.000348 -0.002364 0.334370 0.395277 0.048771
-0.042780 -0.039025 -0.057998 -0.169643 0.351417 -0.184337
0.003988 0.006836 0.018639 0.244497 -0.365718 -0.117555
-0.039177 0.012415 0.112078 -0.010788 -0.004890 0.004928
0.066628 0.019681 0.047066 -0.011216 -0.012423 0.011104
0.001412 -0.023328 0.001048 0.030543 -0.000681 -0.041328
-0.001117 0.004610 0.004611 -0.087663 -0.106176 0.202431
0.017988 0.081042 -0.046697 -0.009836 -0.010187 -0.024271
0.054676 0.054161 -0.002404 -0.028922 0.033027 0.036469
-0.090591 -0.036428 -0.030189 0.021711 -0.053604 0.121106
0.000466 -0.025563 0.005225 0.003758 -0.007569 -0.006833
-0.051150 -0.031490 -0.063522 -0.037307 0.115174 0.095135
-0.002510 -0.011043 -0.006304 0.208732 -0.012531 0.235440
0.003796 0.027004 0.037449 -0.042492 -0.047041 -0.038776
-0.031310 0.017381 -0.023332 -0.381691 -0.270166 -0.381938
-0.100119 -0.005702 -0.074284 -0.009355 0.003133 -0.040125
-0.073190 -0.079419 -0.056882 -0.129590 0.161454 -0.048600
0.002795 0.001897 -0.001346 0.209975 0.306484 -0.289775
-0.025051 -0.028790 -0.022101 -0.054531 0.262258 0.454558
-0.019292 0.028157 0.015342 -0.024247 0.162250 -0.172529
-0.002427 0.004336 -0.003913 -0.045925 0.057918 -0.006707
-0.080198 0.021485 -0.054280 0.123332 0.014452 -0.049907
