-0.010880 -0.068776 -0.007155 -0.223613 -0.022358 -0.346183
0.115557 -0.003955 -0.107729 -0.070155 -0.012607 -0.022090
0.155114 -0.021065 0.091755 0.001719 -0.259423 -0.217637
-0.024180 -0.074306 0.037001 0.065414 0.006677 0.120342
0.023583 0.046302 -0.005521 -0.268106 -0.216222 -0.233100
0.136894 -0.146023 -0.125904 -0.114208 0.080301 -0.024625
-0.002604 -0.000865 0.000782 0.280447 0.162231 -0.137844
-0.019029 -0.013342 -0.025698 -0.076836 0.128785 -0.206457
-0.016234 -0.037057 0.002915 0.274734 0.049520 0.085188
0.041746 -0.049648 0.008325 0.224721 -0.231055 -0.094243
0.126236 0.096385 -0.143845 -0.087244 -0.130350 0.135916
-0.078047 0.041782 -0.004180 0.113874 0.129767 0.179400
0.119804 0.104750 -0.103588 -0.215841 -0.001539 0.098879
-0.004600 0.000895 0.001677 -0.146534 0.267207 0.464646
-0.016155 0.046554 0.067996 -0.488728 -0.086156 0.274822
-0.011114 0.032748 -0.090690 -0.078836 -0.023682 0.069805
-0.009375 -0.062566 0.065095 0.101129 -0.245091 -0.119386
0.048057 0.081116 -0.060648 -0.001173 0.434627 -0.314676
0.022912 0.019677 -0.023774 -0.031678 -0.074249 0.375088
-0.028791 0.088199 0.039082 0.176571 -0.034360 -0.094712
-0.002520 -0.001128 -0.043149 0.078718 -0.007741 -0.022000
-0.013082 0.009416 0.037767 0.139449 0.049193 0.020014
-0.037252 0.036956 0.015622 0.011036 -0.006560 0.010031
0.146994 0.062573 -0.158931 0.204988 -0.209660 0.385160
-0.017092 -0.004895 -0.030674 0.151765 -0.307180 0.358332
-0.029194 0.003686 -0.001891 -0.284394 0.044487 0.159658
-0.039201 -0.061432 -0.067147 0.004547 -0.006791 0.006501
0.058281 0.055567 0.031476 0.292817 0.194706 0.117006
0.027695 0.003278 0.035882 -0.076263 0.092522 0.006066
-0.023092 0.001070 -0.058200 -0.018844 -0.045161 0.008528
-0.067959 -0.036938 0.020363 -0.012159 -0.038535 -0.035993
0.000370 0.002038 0.001582 -0.163643 -0.083625 -0.238812
-0.011952 0.010195 -0.003369 -0.109394 -0.292919 -0.274811
-0.050060 0.025229 0.016961 0.283569 -0.145907 -0.150881
-0.038230 0.000892 0.056996 0.002485 0.081864 -0.310992
0.026842 -0.028283 -0.024137 0.059041 0.056894 0.055834
0.014029 0.041212 -0.012038 -0.322405 0.390208 0.225252
0.094443 -0.042771 0.075079 0.129190 0.226382 -0.265531
0.016685 -0.073145 0.144547 0.145858 0.273109 0.124422
0.070439 -0.018250 -0.091836 -0.000028 -0.005744 -0.002002
