0.000452 0.000982 0.000239 0.115867 0.137181 0.125269
0.011287 0.112424 -0.046274 -0.030259 0.016041 -0.000472
-0.022689 0.053696 -0.079112 -0.237589 -0.127376 0.287397
-0.051691 -0.013853 0.044612 -0.314539 0.234291 0.399342
-0.046219 0.025808 0.001638 -0.029175 -0.036456 -0.031696
0.090343 0.051904 -0.051977 0.006660 -0.286193 0.273890
-0.073454 0.045422 -0.070201 0.190134 -0.021820 0.121398
-0.040765 0.067517 0.020508 0.126719 0.048421 -0.069075
-0.000219 -0.012322 -0.003032 -0.013370 0.253730 -0.148788
0.016834 0.074338 -0.049020 0.008728 -0.035363 -0.049391
-0.015292 0.017295 -0.085472 -0.016843 -0.061569 -0.037361
-0.041299 -0.122061 -0.048015 0.385206 -0.118959 -0.085906
-0.055015 0.045599 -0.064292 0.273180 0.126374 -0.213014
-0.049550 -0.006038 -0.024794 -0.021534 -0.028545 -0.043532
-0.023114 -0.010314 0.016465 -0.172159 0.103229 0.163503
-0.087274 -0.071498 0.007189 -0.088125 0.112206 0.061248
0.059088 0.005184 0.131006 0.075700 -0.077391 0.029973
0.086548 -0.117615 0.098426 0.341160 0.248744 -0.176820
-0.085607 0.121955 -0.042058 0.152474 0.123781 -0.128065
0.132259 -0.037254 -0.046193 0.129812 -0.096942 0.190522
-0.015467 0.020947 -0.012084 -0.069000 -0.133225 0.097947
-0.044969 -0.056592 -0.101912 -0.103938 -0.087476 0.126675
-0.082291 0.137488 0.106440 0.032460 0.008959 0.036245
0.032597 -0.037254 0.017475 0.082022 -0.035211 -0.073453
-0.027084 -0.119111 0.098747 -0.039002 0.005290 -0.014415
0.089221 0.146869 -0.158878 0.084175 0.087164 -0.227291
0.009563 0.034376 -0.008430 -0.136373 0.200462 -0.107643
0.062127 0.066479 -0.066005 0.002598 0.004653 -0.004597
0.102183 0.035177 -0.015196 0.017446 0.022348 -0.064028
0.032131 0.067109 0.016521 -0.013741 -0.030610 -0.061843
0.017405 -0.024414 -0.016682 -0.090969 0.244235 0.251266
-0.019198 0.063642 0.063250 -0.235521 -0.119336 -0.218302
-0.043503 -0.025136 -0.021948 0.246702 -0.294238 -0.133757
-0.045470 0.082503 0.049530 -0.096783 -0.109941 0.221435
0.074874 -0.038786 -0.027541 -0.343191 -0.327652 -0.305209
-0.082638 0.073801 -0.037552 -0.104141 0.117816 0.031840
-0.012276 -0.098885 0.030660 0.000408 0.374520 0.334229
0.073177 -0.132932 0.102622 0.008984 0.006803 -0.017576
0.012436 0.032337 -0.059171 -0.180618 0.028215 0.154608
0.025997 0.099387 0.066869 0.156183 -0.025402 0.002291
-0.020843 0.002525 -0.031757 0.059778 -0.060511 0.052969
