0.019656 0.056032 0.018252 0.006399 0.000569 0.000767
0.004366 -0.006334 0.005431 -0.013403 0.031418 -0.026018
0.011792 0.005450 -0.034632 -0.143008 -0.294066 0.327762
0.022843 0.021818 -0.030451 -0.067905 0.001671 -0.012491
0.082811 0.089314 -0.009074 0.362019 -0.400933 -0.206785
-0.039526 -0.007494 -0.104858 -0.395530 -0.102974 -0.354235
-0.125525 -0.019522 -0.048465 -0.000752 0.009739 0.003159
0.142848 0.094634 -0.044785 0.049110 -0.093150 -0.252738
-0.040576 0.012710 -0.003477 -0.006606 0.034222 0.008617
-0.081277 0.136177 0.095936 0.008167 -0.022986 0.046072
-0.014263 0.031687 -0.032504 0.276898 0.093688 0.306353
-0.010197 0.005734 0.007475 0.036250 0.008334 0.130494
-0.010373 -0.009472 -0.048202 -0.363360 0.229204 -0.190346
0.042500 -0.003687 -0.095560 -0.158630 -0.035397 -0.274408
-0.078196 0.057470 -0.085199 -0.187982 0.219879 -0.042131
0.002474 0.010381 -0.003342 0.148778 0.082957 0.404181
0.062576 0.048987 -0.024956 -0.007570 -0.007601 0.014984
-0.051702 -0.050166 -0.081982 -0.234770 -0.375105 -0.068908
0.021815 0.034758 -0.039067 0.158865 0.125842 -0.186108
0.020334 -0.002637 0.011616 -0.135266 0.055788 -0.114957
0.014472 0.013933 0.011901 0.057936 -0.024255 -0.041622
-0.033848 0.001748 -0.024656 -0.065048 0.282488 -0.202017
0.015069 0.030731 0.008682 -0.151037 0.080441 0.079470
-0.023292 0.012234 -0.053579 -0.057268 0.166186 -0.065220
-0.055889 -0.011023 -0.005886 -0.083237 -0.148209 -0.102880
-0.036109 0.077798 0.054295 -0.131308 0.068991 -0.048531
0.018198 0.018822 -0.004295 0.115175 -0.076757 0.095309
0.000529 -0.001941 -0.001810 0.010015 -0.002808 -0.006911
0.004218 0.022516 0.001522 0.151707 -0.294578 0.207391
0.076830 0.068261 -0.084355 0.169087 -0.010497 -0.126422
-0.062878 0.047468 -0.006545 0.021299 0.126204 0.027984
0.036371 -0.059505 0.057929 0.089396 0.181897 0.227911
-0.000671 0.000080 -0.000930 0.028964 -0.072253 0.003680
-0.028794 0.063855 0.051703 -0.085754 0.112676 -0.112416
-0.107899 0.085679 -0.021982 0.019814 0.010512 -0.020378
-0.045536 0.053738 0.020140 -0.064483 -0.021724 -0.053081
0.013475 0.040616 0.056610 -0.026872 -0.226376 0.301925
-0.144098 0.091243 0.116686 0.123763 -0.023836 -0.111165
0.019770 -0.045651 0.022624 -0.304013 -0.222410 -0.205244
0.006957 0.017209 -0.063195 0.433646 0.012264 -0.258267
