0.051049 -0.076112 0.051884 0.190321 -0.072787 0.028749
-0.055477 -0.044567 0.018596 -0.177339 -0.100428 -0.119700
0.101079 0.104862 -0.046777 0.218101 0.224762 0.008915
-0.108952 -0.070038 -0.047263 -0.444209 -0.069809 0.352814
-0.037223 -0.042427 0.071321 -0.141399 -0.323063 0.089830
0.072399 -0.061751 -0.056112 0.139300 0.084220 0.141990
-0.034977 0.100102 0.101927 -0.152458 0.185864 -0.053704
-0.064244 0.058444 0.049295 -0.004930 0.050982 0.016384
0.042358 -0.003550 -0.035030 -0.032930 0.033567 -0.036120
-0.020884 0.026081 0.033692 -0.017188 -0.365296 -0.118383
0.081183 -0.056198 0.012272 -0.007905 -0.002994 0.015044
0.046155 0.081028 -0.080569 0.117397 0.081431 0.222363
-0.067603 0.077788 -0.032760 -0.278621 0.115525 0.290207
0.014079 0.080754 0.126865 -0.079264 -0.060077 0.111359
-0.047784 -0.100496 0.034606 -0.235199 0.240557 0.175781
-0.058846 0.124757 0.089934 -0.284070 -0.140017 -0.324840
-0.081211 -0.017426 -0.048770 -0.126338 0.050067 -0.015193
0.025429 -0.028409 -0.009399 0.319766 0.283635 0.382909
0.138999 -0.001728 -0.102170 -0.043553 -0.341357 -0.142294
0.002378 0.012871 -0.005358 0.362849 -0.399321 0.377183
-0.128069 -0.142548 0.103499 0.000693 -0.000486 -0.000164
-0.016705 -0.066009 0.011471 -0.199635 0.297631 -0.035012
0.057264 0.129675 0.129766 0.035709 -0.068597 0.251326
-0.035922 0.004969 0.000795 -0.010082 0.236268 0.099930
0.077386 0.009202 0.076245 0.009206 0.197317 0.013490
-0.080290 -0.039728 0.020526 0.001774 -0.013348 -0.022129
-0.031118 0.030769 0.008192 -0.061535 -0.127759 0.100841
0.017780 -0.032279 0.030742 0.132311 -0.085445 0.136695
-0.072703 -0.030859 -0.064469 -0.184869 -0.208341 0.177525
-0.137269 0.100166 -0.067336 0.031344 0.013208 -0.071249
0.054208 -0.115522 -0.104798 0.361405 0.102154 -0.055256
-0.014771 -0.018154 -0.000116 0.206700 0.006298 -0.217147
0.056989 -0.106461 -0.083639 0.040066 0.045449 -0.065102
0.093804 0.095855 -0.039609 0.060188 0.008370 -0.048525
-0.056048 0.027724 0.034559 -0.029928 0.120413 0.037450
-0.002678 -0.043719 -0.049373 -0.031572 0.032211 0.014897
0.001142 0.000897 -0.002413 -0.093838 0.085086 -0.077735
0.025986 0.049834 0.043596 -0.061420 -0.088741 -0.093750
-0.117728 0.103364 -0.085922 0.031448 0.037400 0.078452
0.092166 -0.086163 -0.003402 0.024458 -0.137438 0.028454
