-0.006247 0.003020 0.026127 -0.061936 0.155759 0.032354
0.015256 -0.058558 -0.020193 -0.031724 -0.063776 -0.060510
0.077281 -0.010158 0.058887 0.155457 -0.129972 -0.077535
0.013055 0.074666 -0.048899 0.228466 -0.107846 0.241173
0.097480 0.020942 -0.020315 0.079346 0.092392 0.037569
0.058135 0.037284 -0.050821 -0.085212 0.195661 0.122452
-0.007656 0.076315 0.026527 -0.204034 -0.316077 -0.324985
-0.009741 -0.020054 -0.021569 -0.042874 0.094562 -0.207429
0.089556 0.072901 -0.142762 0.020545 0.104238 0.096419
-0.026692 0.032901 -0.115018 -0.084727 0.050011 -0.202614
0.122783 -0.015195 -0.057876 0.306118 -0.318889 0.040609
0.001050 0.003407 0.002095 -0.084883 -0.224506 -0.234694
0.139246 0.082659 -0.014222 -0.005901 -0.005969 0.006927
0.017481 0.024884 -0.040730 -0.038340 -0.183586 0.002080
-0.002515 -0.000312 -0.001118 -0.171872 -0.055666 0.327538
-0.160709 0.060673 -0.071382 -0.159367 -0.170454 0.027391
0.081802 0.030557 0.036386 0.137181 -0.192979 0.073923
0.030313 0.040561 0.066591 0.215383 -0.043768 -0.122580
0.117145 -0.008714 -0.045205 0.192646 0.229691 -0.056151
0.038891 -0.064767 -0.007294 -0.381764 0.010660 -0.283724
0.048149 0.073685 -0.159508 -0.049872 0.030683 0.034427
0.002252 -0.002251 -0.004096 0.167587 -0.337653 0.351896
-0.073906 -0.003744 0.085464 0.270906 0.292364 -0.012847
-0.096654 0.029478 0.097778 -0.081048 -0.311131 0.233280
-0.049943 0.021124 -0.035538 -0.004833 -0.110684 0.102809
0.004597 0.008097 -0.011519 -0.014177 0.064403 -0.016039
0.009653 0.039870 0.002830 -0.085983 0.440389 0.409947
-0.122081 0.002151 0.037928 -0.146648 -0.000438 0.213500
0.046850 -0.010969 -0.032608 0.010843 -0.030791 0.174380
-0.077213 0.100349 -0.087724 0.172155 -0.051646 0.157727
-0.027207 0.053035 -0.037564 -0.050408 0.007018 0.333777
-0.005046 -0.015412 -0.034264 -0.014558 -0.018820 -0.040727
0.051890 -0.047797 -0.049673 -0.365520 0.307013 -0.328430
-0.010066 0.012517 0.040112 -0.136858 0.027093 -0.019596
0.026943 0.000416 -0.026125 0.011716 0.028601 0.306003
0.008519 0.002668 0.097503 -0.315765 -0.174556 0.058640
-0.032185 -0.146313 0.056571 -0.104276 -0.094844 0.099737
-0.004457 0.007090 0.006114 0.098712 -0.079917 0.067778
0.003611 0.005603 -0.007102 0.051865 -0.028914 0.249268
-0.080685 0.092744 0.090540 0.000374 0.004066 -0.004115
