-0.038123 0.056029 0.063878 -0.115143 0.374696 -0.375290
0.013286 -0.005985 -0.033733 0.002621 -0.178152 0.305488
0.052005 0.035050 0.030942 0.010344 0.003770 -0.157608
0.129684 -0.026512 0.003351 0.333334 0.285728 0.274044
0.122644 0.118745 0.047422 -0.025942 -0.031136 0.008141
0.012035 -0.014329 0.003092 -0.111613 -0.097873 0.251443
0.030870 0.037015 -0.007819 -0.005902 0.040756 -0.058606
-0.070166 0.007584 -0.013348 0.025982 -0.070132 -0.033041
0.060235 -0.051939 0.024795 0.137954 -0.186753 0.160431
0.071048 0.066645 0.023406 0.262130 0.153839 -0.072491
-0.029229 -0.114451 0.059394 0.062589 0.058060 -0.143337
-0.147764 -0.157476 -0.115206 -0.208382 -0.037617 0.159002
0.069825 0.136126 0.015253 -0.155914 0.124810 -0.134680
-0.005699 -0.009966 -0.004136 -0.047651 -0.095736 -0.117641
-0.030710 -0.007175 -0.013172 -0.178967 -0.158896 -0.339320
-0.075300 -0.116174 -0.018035 0.413584 -0.349054 0.170023
-0.097837 0.025018 0.021802 0.231949 0.003047 0.252016
-0.010316 0.000840 -0.006663 -0.198398 0.474860 0.156586
-0.009939 0.034718 0.038154 -0.027975 -0.170199 0.032583
-0.092890 -0.081295 0.040172 -0.113649 0.054132 -0.051875
-0.019435 0.024245 0.020450 -0.048318 0.000879 -0.058600
0.085831 -0.028938 -0.036126 0.038724 0.067206 0.122036
0.020954 -0.046406 0.032988 0.049648 0.042495 0.036023
-0.112383 -0.032456 -0.053544 -0.123674 -0.110176 0.223321
-0.008527 0.111440 -0.115330 -0.259332 0.063711 0.248753
-0.064131 0.028692 0.007769 0.121802 0.038113 0.048359
-0.022865 -0.015826 0.018455 0.184578 0.138354 -0.090329
0.027353 -0.101371 0.110156 0.106484 0.039268 0.157339
0.004983 0.003665 -0.003093 -0.043333 -0.012348 0.030149
0.008702 0.009463 -0.003140 0.161807 0.098782 -0.141710
-0.010326 0.004183 -0.001573 0.068204 -0.083226 0.085022
0.129735 -0.055912 0.026516 0.117151 0.096400 -0.213890
-0.053756 -0.051095 0.086739 0.009456 -0.000346 0.008698
-0.071033 0.048971 -0.033425 0.002919 0.002400 -0.001373
-0.105787 -0.060442 -0.033971 0.256805 -0.054604 0.170404
0.108958 0.149432 0.160113 -0.086496 -0.027522 0.192357
-0.074026 0.045886 0.005358 -0.127899 -0.094929 -0.172413
-0.035167 -0.009076 -0.075906 0.049012 0.066396 0.010939
-0.024351 0.024688 -0.025205 0.160245 0.224655 0.151522
0.020953 -0.022361 -0.009955 0.051893 0.172319 0.277167
