0.063568 0.067743 0.017153 -0.182992 -0.269274 -0.084109
-0.004733 0.002803 0.001019 0.001564 0.004846 0.003380
-0.027898 0.041534 0.015341 -0.126229 0.074293 -0.018779
0.094233 0.056940 0.095796 -0.050658 -0.051675 -0.045178
0.038048 -0.040169 -0.143393 0.494865 -0.232479 -0.479097
-0.069968 -0.065349 0.045868 0.132153 -0.347814 0.295494
-0.015701 0.025063 -0.006965 0.086095 0.149919 -0.080254
-0.006889 -0.004217 -0.003059 0.391137 0.198142 0.342264
-0.011054 -0.011337 0.013717 -0.036164 -0.094732 0.273550
-0.065743 -0.085158 0.162094 -0.006457 0.001113 0.007919
-0.013736 -0.015741 0.064957 0.157576 0.050090 -0.084109
0.112953 0.010999 0.125577 0.033508 -0.058937 -0.065659
0.008645 -0.035315 0.027355 0.007131 0.007890 -0.074287
-0.047084 -0.089819 -0.122245 -0.132203 -0.112034 -0.005736
0.112678 0.051443 0.003561 0.335734 -0.266464 -0.189021
-0.062851 -0.108743 0.120417 0.017543 0.002301 -0.008780
0.100523 0.016070 -0.037726 0.031725 -0.231379 0.021391
0.009628 0.003509 0.007303 -0.126477 0.018022 0.028921
-0.028598 -0.064731 0.039917 0.245422 0.128725 0.027721
0.026262 -0.031170 -0.009596 0.012516 0.016049 -0.009026
-0.029109 -0.040829 0.062518 -0.180515 0.008706 -0.089978
-0.024640 0.016339 0.083934 0.131035 0.253705 0.060551
-0.034194 0.038037 0.006754 -0.004001 0.018232 -0.031009
-0.006829 0.062919 -0.048362 0.040329 -0.023813 -0.049809
0.065876 -0.030460 -0.019918 -0.053519 0.300412 -0.140476
-0.069274 0.080965 0.072035 -0.160509 0.155349 -0.017223
-0.017057 0.021158 -0.002379 -0.143652 0.313194 0.218515
-0.056717 -0.061488 0.096196 0.089030 0.244023 -0.214747
0.016400 0.047480 0.052182 -0.084613 0.190459 -0.234960
-0.020683 -0.009262 -0.013877 -0.019834 0.040377 0.008588
0.027745 0.037232 -0.045537 0.035471 -0.090875 0.053763
-0.047216 0.037783 -0.005899 -0.259313 0.053709 -0.056299
-0.087990 -0.033867 0.012644 0.014655 -0.017372 -0.014753
-0.019859 -0.009477 0.016022 0.240389 0.267854 -0.007089
-0.024181 0.084760 -0.054803 0.275976 -0.062171 0.395922
-0.003375 -0.013646 0.008464 -0.096346 -0.086417 0.024649
-0.080460 0.000813 -0.083679 -0.006383 0.008612 -0.004137
-0.030161 -0.039444 0.066929 0.018376 -0.024617 -0.017824
-0.015701 0.032869 -0.078493 -0.059655 0.029299 0.119499
-0.058475 0.025123 0.021856 0.115454 -0.205223 -0.263835
