-0.129209 0.021991 -0.092681 -0.000304 0.002925 -0.009783
0.002418 -0.000985 -0.001118 0.362533 0.014230 0.324268
-0.095502 0.047470 0.008518 0.102080 0.240579 -0.024931
0.111827 0.006617 -0.134703 0.005069 -0.426567 0.332701
-0.067750 -0.076804 -0.000298 0.023170 -0.016456 0.085490
0.024913 0.039435 -0.021372 -0.170516 0.372222 -0.092280
-0.059153 0.067626 0.055932 0.087509 -0.220414 0.182981
-0.071894 -0.007640 0.076831 0.063144 -0.253965 -0.213387
0.073648 0.001483 0.102657 -0.035527 0.309369 -0.290440
0.002148 0.000463 -0.001350 -0.008399 0.023622 -0.055284
0.052829 0.041093 -0.051691 -0.053518 -0.011935 -0.077418
0.019334 -0.028637 0.011743 -0.072508 -0.115008 -0.012682
0.040363 -0.039383 -0.032142 -0.185272 -0.121862 -0.212329
0.079181 0.038421 0.071816 -0.077431 -0.082026 -0.050406
-0.007339 0.141901 -0.084596 -0.010039 0.233395 -0.044912
-0.031321 0.032493 0.018143 0.006630 -0.125064 0.039916
-0.004253 0.008315 0.004757 -0.062279 -0.065562 0.387045
-0.012748 0.050822 -0.028874 0.133380 -0.009792 -0.098119
0.000614 0.000162 -0.000781 -0.022568 -0.275537 0.317343
0.000604 -0.011503 -0.014423 -0.205146 0.224715 0.315823
-0.017887 0.017134 0.038340 0.248112 0.479897 -0.242955
-0.009680 -0.005242 -0.009423 0.046859 0.118369 -0.220251
0.126997 0.073049 0.103429 -0.213756 0.055897 0.182578
-0.039025 -0.019128 -0.003751 0.183664 0.124223 0.164818
0.069949 -0.018562 -0.063740 0.002210 -0.002859 -0.002892
0.004888 -0.062961 0.056162 0.350528 -0.206179 0.022009
0.077975 -0.001159 0.110702 -0.143987 0.103193 0.038370
0.069085 0.035850 -0.022463 0.369250 -0.055180 0.135715
-0.023530 0.026005 -0.015685 -0.145645 0.316428 0.039733
0.122823 -0.079409 0.021117 0.028419 -0.026947 -0.013947
0.104503 0.060939 0.004010 0.199202 -0.302079 -0.143345
-0.052206 0.068147 0.038387 0.068587 -0.053106 -0.084314
0.043565 -0.121525 0.139530 -0.000165 0.016098 0.001308
0.020727 0.034487 0.076546 -0.101483 -0.407784 -0.123399
0.089202 0.030780 -0.009598 0.087903 -0.119611 0.147071
0.002993 -0.020360 -0.059887 0.010635 0.266673 0.023488
-0.049317 0.026325 0.007144 -0.293034 0.147667 -0.244148
-0.010412 -0.000745 0.025576 0.025514 -0.012338 -0.133960
0.090372 -0.062313 0.038995 0.107137 -0.170438 0.178606
-0.013528 -0.009830 -0.016896 -0.132811 -0.262817 -0.363502
