-0.073681 0.062876 0.093312 -0.009646 -0.013258 -0.017593
-0.084175 -0.089146 0.027190 0.114102 0.003866 -0.008778
0.079489 -0.052158 -0.014688 0.300700 0.237439 -0.106944
0.016692 -0.007188 0.008057 0.347894 -0.046916 0.377332
-0.003921 0.022817 0.011640 -0.189220 0.105401 -0.257346
0.058988 0.126492 -0.002347 -0.082368 -0.008306 -0.176169
-0.044067 -0.131062 0.146012 0.010485 -0.008544 0.108335
0.059342 -0.016414 -0.078969 0.011007 0.059103 0.051817
0.001309 0.001016 -0.001107 0.064011 0.057124 0.029324
0.052217 -0.009007 0.104144 0.345309 0.364453 -0.142509
-0.007389 -0.048725 -0.008207 0.077849 0.052015 0.082583
0.005862 -0.030627 0.031157 -0.156064 0.026674 0.045009
0.061195 0.064774 0.044185 0.103860 0.063353 0.217317
-0.049501 0.031085 -0.030793 -0.038380 -0.017108 -0.091924
0.008947 -0.097567 -0.048459 0.086824 -0.105582 0.028875
-0.068306 0.001683 0.007642 -0.135338 0.059758 -0.095999
0.129715 0.052055 0.082028 0.043542 -0.065313 0.053353
-0.062400 0.004181 -0.014662 -0.114269 -0.444995 -0.169965
0.005372 -0.019015 0.023773 -0.039306 0.041841 0.107388
0.000250 0.000111 0.000047 0.010787 -0.000631 0.003007
-0.004195 -0.106263 -0.084939 -0.058980 -0.042958 0.072902
-0.018163 -0.017531 -0.035288 0.202074 -0.010256 0.084000
0.025140 -0.003864 0.018381 0.363954 -0.310401 0.015398
0.063995 -0.089327 -0.075396 -0.021852 0.003152 0.000311
-0.049088 -0.014075 -0.024722 -0.060027 0.244845 -0.170507
0.020067 0.003563 -0.012320 0.162897 -0.054851 0.243161
0.050828 -0.012413 -0.011679 0.002652 -0.059261 0.036231
0.022778 0.005545 0.010717 0.113680 -0.003830 -0.066574
0.130369 0.115185 -0.095691 -0.055080 -0.017667 -0.115760
-0.036108 -0.078634 0.070958 -0.083118 0.056498 -0.082038
-0.059591 -0.069425 -0.017590 0.215817 -0.207499 0.000213
0.099907 -0.133537 -0.134745 -0.012610 -0.207493 0.342279
0.056089 0.017110 -0.019451 -0.297919 0.052150 0.098835
-0.150968 -0.031556 0.086445 0.253697 0.155057 0.160009
-0.005064 -0.002823 -0.005663 -0.076683 -0.019805 0.041641
-0.014266 0.013956 0.042782 0.060785 0.189883 0.171888
-0.016224 -0.022535 0.007083 0.034880 -0.026166 0.028123
-0.016827 0.011977 -0.012440 -0.093958 0.063637 0.249402
-0.103550 -0.022722 0.060224 0.288154 -0.276124 0.119105
-0.031776 -0.003581 -0.019729 0.196992 -0.208473 0.158770
-0.031801 -0.048083 0.032841 -0.010743 -0.010111 0.005949
