0.008272 -0.010753 0.003237 0.019726 0.034321 -0.029562
0.001832 -0.033539 -0.009266 -0.130262 -0.030112 0.184240
-0.102313 0.121086 -0.126976 -0.080671 -0.187524 0.098808
0.001754 -0.108424 0.134232 -0.193555 0.280394 -0.112478
-0.086562 0.036225 -0.042570 -0.026932 0.041297 -0.083077
-0.074833 -0.022670 -0.132286 0.028304 0.110678 0.052705
-0.150607 0.005479 0.018021 -0.111294 -0.067743 -0.100993
-0.066536 -0.047371 0.111806 -0.193952 -0.114067 -0.244189
-0.050376 0.037671 0.059710 0.040165 -0.032449 0.050663
0.053571 0.082250 -0.015027 -0.009043 -0.015277 -0.000624
-0.055385 0.057014 -0.045745 -0.103745 -0.202446 0.035001
-0.001520 -0.020378 0.017113 0.097864 0.126086 0.141054
-0.012625 0.081640 -0.022206 -0.042865 0.004110 -0.102966
0.059065 0.087136 -0.081113 -0.052995 0.106220 0.069488
0.169348 0.022110 -0.082893 0.116469 0.063472 -0.056689
0.001959 0.015061 0.043415 0.063438 -0.183067 0.072968
-0.015671 -0.070348 0.151931 -0.049261 0.045010 -0.006432
-0.032774 0.023976 -0.001343 -0.018374 -0.003394 -0.007399
0.026602 0.013296 0.016332 0.012750 0.018919 -0.006301
-0.037605 -0.032583 0.023592 0.017922 -0.030796 0.128238
-0.155678 -0.052335 0.091211 -0.242235 -0.005605 -0.206274
-0.020060 0.119103 -0.094970 -0.086713 -0.017441 0.064548
0.011653 -0.001092 -0.038887 -0.006772 -0.107154 -0.119525
0.002248 0.005151 0.002322 0.229347 0.152984 0.066987
-0.039221 0.074717 0.001038 0.048036 -0.044613 -0.009854
0.030305 -0.073915 0.054721 -0.105452 0.184927 0.084859
0.009667 -0.004490 0.002802 0.015006 -0.070502 -0.112778
-0.114135 -0.050143 0.007621 0.216418 0.142957 -0.189020
-0.067772 -0.062711 -0.027372 0.028013 0.049010 0.013977
0.000034 -0.000022 0.000261 -0.002475 -0.006709 -0.002649
0.053532 -0.161285 0.072873 0.180964 -0.200256 0.200614
0.045501 -0.043710 -0.000870 -0.427878 0.141758 -0.116096
0.110517 0.039197 0.114714 -0.063243 -0.024633 0.008291
-0.023681 -0.035192 -0.069668 0.009256 0.042281 0.020365
-0.038806 0.038136 -0.056561 0.019620 -0.059086 0.006263
0.056872 0.059761 -0.105223 -0.057366 0.014172 0.009919
-0.007787 -0.045688 -0.020815 0.009295 -0.075769 -0.054073
-0.078203 -0.015145 0.030088 -0.039297 -0.022087 -0.020162
0.003949 -0.004231 0.008708 -0.109546 0.083603 -0.436052
0.073528 -0.087577 -0.063251 0.033421 -0.036303 -0.010714
