-0.004237 0.001562 0.004396 -0.137885 -0.047060 0.048946
-0.039824 0.038713 -0.013087 -0.099174 -0.166789 -0.129619
-0.056068 0.076385 0.130427 -0.359796 0.160920 -0.138811
0.005304 -0.011060 -0.010776 0.320235 -0.225246 0.263062
-0.037406 -0.134091 0.029004 -0.143816 -0.330492 0.122274
0.054938 -0.013965 0.024652 -0.054497 -0.079335 -0.058154
0.049270 0.058702 0.024358 -0.144550 -0.034113 0.080960
0.003918 -0.003859 0.002107 0.027137 0.052902 0.062221
0.030729 -0.061229 0.035315 0.029682 -0.009935 -0.151824
-0.000664 -0.000439 -0.000411 0.090879 -0.145312 -0.017217
-0.022423 0.037002 -0.012132 -0.006392 0.230888 -0.214200
0.055569 -0.081389 -0.070907 -0.088115 0.126510 0.084167
-0.065097 0.041902 -0.049908 0.050430 0.173199 0.223558
-0.157080 -0.105324 -0.158252 0.042654 0.055769 0.000599
-0.084782 0.073468 0.063641 0.183699 -0.056556 0.146068
-0.048935 0.030927 0.025701 0.141352 -0.062673 -0.051920
-0.001656 0.086197 0.095895 -0.358874 0.107840 -0.077553
0.126305 -0.132579 0.046401 0.076630 0.105220 0.109545
-0.086361 -0.054255 0.073581 -0.093100 0.283777 -0.125148
-0.008592 -0.070047 -0.022184 -0.027771 -0.132765 0.236215
0.104362 -0.109683 0.111824 -0.016906 -0.087918 -0.174348
-0.008979 0.012098 0.001504 0.015072 -0.000304 0.014465
0.023850 0.042828 -0.030016 -0.294193 -0.337343 -0.104307
0.051123 0.011213 -0.017138 0.160196 -0.149832 0.070101
-0.119624 0.011503 0.071468 -0.037062 0.037048 -0.082504
0.006031 0.002160 0.004080 0.039150 0.010325 -0.057948
-0.028647 -0.029613 0.001545 0.204815 -0.077025 -0.046237
-0.045677 -0.007967 -0.033932 -0.250477 0.102872 0.122953
0.026902 -0.049613 -0.033099 -0.084511 0.109762 0.030069
0.005983 -0.004130 -0.006322 -0.052410 0.092292 -0.028479
0.014962 0.020898 0.004662 0.052132 0.140241 -0.222382
-0.034515 -0.046894 -0.069482 0.111496 0.132596 0.011104
0.023088 0.000281 -0.014056 -0.195970 0.059783 0.122168
-0.059449 0.092770 -0.066523 -0.369486 0.411949 0.051317
-0.047665 0.099294 0.004633 -0.006963 -0.015282 -0.024019
0.008409 0.079626 0.005490 -0.079941 0.072443 -0.050094
-0.003522 0.034523 0.029448 -0.201507 -0.038699 0.235794
-0.101060 0.026901 -0.054613 -0.119414 -0.030109 -0.015162
0.095128 0.030704 0.031702 0.045780 -0.166319 -0.004938
0.037707 -0.008167 0.022792 0.408133 -0.330143 0.483158
-0.130508 0.055701 0.111038 0.040882 -0.059443 -0.004095
