-0.008619 0.019661 -0.115659 -0.374174 -0.025544 0.355405
0.000396 0.001738 0.000112 -0.148272 0.166347 -0.073874
0.015115 0.012996 -0.006023 -0.122190 -0.007028 0.000821
0.023252 -0.026842 0.006256 -0.072437 0.053721 0.153896
0.017496 0.035709 0.021945 0.054097 0.031757 -0.027950
-0.028210 -0.087794 -0.039561 0.350303 0.320305 -0.005194
0.019685 -0.157274 0.059983 0.347244 0.206713 0.227528
0.003590 -0.001434 0.001311 -0.317128 0.131762 0.056785
0.032147 -0.035564 0.049162 0.144159 0.034281 0.196531
0.004063 0.105149 -0.042917 -0.131638 -0.259408 -0.223736
0.055901 -0.057895 -0.001571 -0.188409 -0.335535 0.238666
-0.028029 -0.011759 0.009267 0.000895 -0.000571 -0.000406
0.102328 -0.031780 0.054829 0.107913 0.020938 0.009148
0.098903 0.151252 0.018353 -0.141048 0.030816 -0.159938
0.007333 -0.031839 -0.011590 -0.080678 0.127279 -0.052484
-0.042575 0.091872 0.041209 -0.171466 0.229204 0.035833
-0.004818 -0.005687 0.050956 -0.117953 0.101875 -0.291257
0.037023 -0.026696 0.011151 0.009295 -0.028366 -0.030892
0.001521 -0.026839 0.016430 -0.101931 0.157024 0.044374
0.029555 -0.014259 0.032523 -0.090596 -0.270049 -0.063431
-0.093340 -0.128924 -0.150704 0.229457 0.237782 0.261471
-0.053644 -0.033022 -0.032856 0.190694 -0.140961 0.208768
-0.017896 0.005635 -0.003336 0.036756 0.263860 0.237837
-0.127850 -0.133839 0.097722 0.106548 0.246313 0.171292
-0.062721 0.042294 0.009045 -0.075359 0.054432 0.082500
0.045197 -0.050302 0.025829 0.157196 0.415651 0.241342
0.078483 -0.010472 0.007233 -0.154267 0.112624 -0.218678
-0.010790 0.010948 0.006811 -0.050696 0.038749 0.023454
0.023130 -0.002066 -0.026575 -0.105759 -0.169312 0.059219
0.031310 -0.039672 0.019719 0.003531 0.009890 -0.005595
0.002496 0.029980 -0.035738 -0.131523 -0.102740 -0.016501
-0.048576 -0.072671 -0.039221 0.037657 -0.161912 0.136079
0.001894 0.003254 0.006665 0.151120 0.338400 0.162946
-0.057964 0.028441 -0.005294 0.276234 -0.057745 0.031180
-0.087244 0.015150 -0.014256 0.070298 -0.009953 0.116957
-0.040586 -0.058926 -0.043793 0.087976 0.018859 0.020155
0.010821 -0.006883 -0.004528 0.041466 -0.219077 0.170017
-0.038128 -0.139558 0.148718 -0.118035 0.040431 -0.074817
0.069327 -0.056366 -0.007327 -0.356930 -0.450728 0.303289
0.006072 -0.061866 0.091756 0.184653 -0.186317 -0.054285
0.089699 0.036610 -0.114106 -0.038957 -0.284959 -0.260455
