0.001137 -0.012823 -0.007562 -0.031557 -0.012349 -0.035405
-0.012861 -0.010347 -0.020214 0.081146 -0.075066 -0.057393
0.008239 -0.029672 -0.036330 0.030891 0.045920 0.028955
-0.003873 -0.099590 -0.140113 -0.033287 0.043262 0.018103
0.060593 0.065303 -0.022466 -0.214518 -0.040055 -0.217971
-0.054435 0.050534 0.051821 -0.116856 0.078508 -0.346782
0.064727 0.039856 0.057022 -0.004903 0.033591 0.001676
-0.092866 -0.130950 -0.101029 0.023356 -0.003026 -0.002142
0.001979 -0.001784 -0.000541 -0.313197 -0.106050 0.062749
0.124555 0.122850 0.039339 0.240525 0.274404 -0.044812
0.096673 0.015078 0.064724 0.292681 0.040006 0.227751
-0.018419 0.060693 -0.052568 0.076280 -0.085296 0.128606
0.002070 -0.002114 -0.001949 0.085927 -0.200931 -0.346527
0.055476 0.003478 0.021740 0.003946 -0.044487 0.113620
-0.052588 -0.029475 0.063845 0.161853 -0.249542 0.105181
0.124218 0.048188 0.026195 -0.182245 0.307248 0.153754
-0.097195 0.119099 0.004949 0.035218 0.030828 -0.003362
0.009324 -0.024848 0.057794 -0.096763 0.033918 -0.355020
0.124730 -0.122090 0.023288 -0.233755 0.082458 0.370854
0.000036 -0.003257 -0.002719 0.000382 -0.035469 0.070260
-0.038832 0.043958 -0.028468 0.081115 -0.188028 0.132260
-0.048284 -0.023651 -0.084280 0.045465 -0.127591 0.025695
-0.013378 -0.009900 0.019759 -0.044227 0.062054 -0.041733
-0.098154 0.070404 -0.017242 -0.059651 -0.147004 0.022877
0.108846 -0.073097 0.002340 0.369634 -0.192193 0.131472
-0.016374 0.038243 -0.037785 -0.098179 -0.202693 0.012149
0.005782 0.019971 0.018759 0.208959 -0.255121 -0.113785
-0.004272 0.020245 0.079777 0.186728 -0.129505 0.060197
0.140652 -0.021496 -0.023121 0.087914 0.021629 0.016400
0.029010 -0.037532 -0.013716 -0.264492 -0.064657 -0.070002
-0.003621 -0.044629 -0.028672 -0.012446 -0.025372 -0.053413
-0.120699 -0.048535 -0.123960 -0.201761 0.210082 0.111044
0.072645 -0.048330 -0.036655 0.070059 0.108476 -0.001176
0.068767 -0.128318 -0.037343 0.090149 0.045118 -0.051200
-0.087631 -0.077867 0.082289 -0.017554 -0.351985 -0.230676
0.058198 -0.080356 -0.047374 0.308585 0.348232 -0.274543
-0.065641 -0.018091 0.006727 -0.144290 0.189773 -0.284803
0.000020 -0.000350 -0.000030 -0.025356 -0.209418 -0.108107
0.036935 -0.017507 -0.053615 -0.159700 -0.020175 -0.079138
0.019754 0.040872 0.016682 -0.171114 0.166336 -0.146054
