0.003335 0.017261 0.014094 0.105203 0.106297 -0.098033
-0.007155 -0.120017 0.109103 0.415591 0.361774 -0.136817
-0.015965 -0.027391 0.016492 -0.041524 -0.124658 0.073340
0.096678 0.020482 -0.081848 -0.161566 -0.200361 0.188362
-0.058671 0.028126 0.022615 0.083044 0.304814 -0.275782
0.094320 0.158111 -0.086437 -0.126670 -0.055549 0.123569
0.029286 0.093531 -0.002944 -0.098436 -0.114766 -0.041967
-0.043486 -0.091428 0.001877 -0.228607 0.443448 0.256649
-0.010707 -0.014432 -0.020156 -0.105496 -0.068816 -0.005388
0.041285 -0.014431 0.043132 -0.256433 -0.291954 0.369707
0.081193 -0.150715 -0.054982 -0.135917 0.106076 -0.050336
0.018415 -0.003561 0.013921 -0.002619 -0.001550 -0.001552
-0.131263 0.138773 0.064120 -0.053514 -0.045204 -0.010233
-0.084124 0.028132 0.076337 -0.151212 0.274074 -0.291325
0.027005 0.009731 -0.019473 -0.071249 0.277917 -0.287315
-0.009499 -0.022026 0.029827 -0.053969 -0.173454 -0.207550
0.026876 0.030525 -0.081367 0.190551 0.113892 0.041684
-0.047405 -0.007136 0.031343 0.233033 -0.004571 -0.247896
0.097879 -0.012722 0.054500 -0.346615 0.050776 -0.211440
-0.017242 -0.029072 0.097860 0.466048 -0.088641 0.420612
0.041099 0.165673 -0.165546 -0.016808 -0.207422 -0.416739
0.002156 -0.009310 0.021056 0.420491 -0.387569 0.312164
0.037621 0.012521 0.046735 -0.036765 -0.067021 -0.030296
-0.074462 -0.032898 0.063680 0.032465 0.051062 -0.053509
-0.025806 0.010672 0.014441 -0.334249 0.151825 0.214128
-0.052620 -0.037199 -0.046843 -0.314445 0.194432 -0.056315
-0.062335 -0.024182 0.021423 -0.330452 0.224450 -0.305100
0.064195 0.097969 0.021668 -0.012770 -0.080440 -0.158874
-0.080401 -0.118439 0.109458 -0.030578 -0.176598 0.164961
0.001126 0.004860 -0.005941 -0.253134 0.207625 0.010945
-0.060714 -0.002944 0.092377 -0.006269 -0.007477 -0.055550
-0.132048 -0.085636 -0.122146 -0.058688 0.176559 -0.100160
0.066757 0.010137 -0.049841 0.231687 -0.392677 -0.225087
0.111057 -0.123807 -0.016448 0.058378 0.029583 -0.089653
-0.032002 -0.015634 0.000722 -0.027951 0.025870 -0.002103
-0.002169 0.095037 -0.084680 0.220609 -0.218271 0.071187
-0.072262 -0.013143 -0.072206 -0.382643 0.149214 -0.120731
0.155786 0.086304 0.126857 -0.002085 -0.001860 0.002326
0.045261 -0.003294 0.040608 -0.279591 -0.217302 0.183825
-0.008910 0.075894 0.015388 -0.149267 0.074387 -0.036228
