0.022503 -0.016682 -0.113772 -0.010122 0.129154 0.079865
-0.027572 -0.024260 0.043427 -0.120346 0.092891 -0.061123
0.040907 0.097264 -0.063913 0.044026 -0.048126 -0.048843
0.003009 -0.002156 0.001447 0.075286 -0.047027 0.043598
0.025662 0.064781 0.018520 0.351391 -0.299532 -0.038447
-0.006714 0.077754 0.065074 -0.146013 0.251631 -0.177383
-0.013335 -0.008615 0.013611 0.334359 0.010106 0.112947
-0.007337 -0.009141 -0.003096 -0.079261 -0.005849 -0.142027
0.079310 -0.113258 0.075237 -0.095055 -0.056590 -0.150484
0.001178 0.006106 -0.009854 -0.005860 0.177023 -0.205507
-0.008106 0.069221 -0.038497 -0.000583 0.007170 -0.005785
0.014200 0.016011 -0.093362 0.007624 -0.004841 0.021576
0.014478 -0.014639 0.001675 -0.001172 0.011030 -0.004449
-0.033854 0.155096 0.103085 -0.356130 0.038267 -0.321199
-0.126716 -0.017487 0.141038 -0.175694 0.244651 0.349916
0.005923 0.031606 -0.052478 -0.080891 -0.128880 0.037685
-0.031281 -0.113418 -0.083405 -0.146362 -0.059388 0.083225
-0.045612 -0.010778 0.008337 0.105884 0.039992 0.129923
-0.040774 -0.014628 -0.000106 -0.183734 -0.103008 -0.107774
0.139180 -0.039830 -0.091718 -0.278414 -0.174345 0.055482
0.017305 0.008718 0.000890 0.094428 -0.154690 0.252231
-0.025565 -0.006953 0.091728 -0.156414 0.019913 0.250142
-0.130481 0.068846 -0.071752 0.110677 0.169947 0.064949
0.022168 -0.040090 -0.059699 -0.220889 -0.117357 -0.086688
0.032650 0.021728 0.038021 -0.298117 -0.152227 -0.380255
-0.004429 0.002373 0.008756 -0.103702 -0.216715 0.211811
0.007555 0.006506 -0.002056 0.048421 0.298274 0.177269
-0.019852 0.003250 -0.025821 0.000822 -0.000234 -0.000396
-0.009728 0.004229 0.011803 -0.010312 -0.021958 -0.001559
-0.016038 0.058974 -0.131960 0.001792 0.009064 -0.002821
0.019529 -0.033588 -0.042019 0.105331 0.143312 0.064363
0.007516 0.063908 0.010539 0.022301 -0.037701 0.055000
0.053767 -0.020217 0.008106 -0.349762 0.049380 0.194043
0.005023 -0.020585 0.037661 0.167294 0.113221 -0.042144
-0.057372 0.047423 0.061921 0.232549 -0.325652 -0.074295
-0.005739 0.009430 0.004414 -0.015671 0.025292 0.036532
0.132147 0.060635 -0.089193 -0.125983 0.084152 -0.077614
0.000874 0.001152 0.000874 -0.008720 0.012267 0.007201
0.050282 0.023538 0.009687 -0.084421 0.041873 0.153537
0.078692 -0.038991 0.018004 -0.161822 -0.042329 -0.195459
