0.015047 -0.047773 -0.028581 0.012378 -0.015423 0.005969
0.082166 0.082242 -0.105341 0.004055 0.010321 0.011960
0.131825 0.145868 -0.054098 0.009466 -0.003837 -0.025161
0.008257 0.034650 -0.062082 -0.067704 -0.035816 0.054874
0.059479 0.141849 -0.045767 -0.193787 -0.090014 -0.018337
-0.079180 -0.059726 0.061507 -0.000492 -0.019848 0.015112
-0.005734 -0.004826 0.014131 0.059221 0.391471 -0.347635
0.019631 0.033705 0.002619 -0.000088 0.026390 0.042055
-0.010920 0.007338 0.007059 -0.133175 -0.078166 -0.001605
0.004364 -0.035310 -0.013994 -0.192066 -0.246730 0.043445
0.037142 0.062601 -0.075368 0.068048 -0.103385 -0.030392
0.016200 0.008747 0.022720 -0.236133 0.045861 0.079979
-0.018190 -0.006465 -0.071695 -0.030297 0.007684 -0.010850
-0.006420 -0.069503 0.070767 -0.005712 -0.019449 -0.002914
0.036166 0.033583 -0.047428 0.129392 -0.144370 -0.087588
-0.016319 0.004412 -0.006787 -0.088244 -0.069830 0.123686
-0.001248 0.007978 0.000563 0.290804 -0.194043 0.424936
-0.011106 0.012354 -0.005419 0.040683 0.035277 -0.081657
0.012594 -0.059338 0.080580 -0.075313 0.349755 0.258137
-0.076207 0.090104 0.062520 0.222094 -0.211927 -0.105633
-0.007910 0.010371 -0.033798 0.074970 0.063498 -0.055532
-0.126185 0.076025 0.087930 -0.103875 -0.148845 -0.175760
-0.048565 -0.019701 -0.054198 -0.141885 0.173130 -0.153977
-0.040873 0.007970 -0.011852 0.037813 -0.080123 -0.005103
0.123196 0.096132 -0.076062 -0.194909 -0.143362 0.192534
0.001520 0.001090 0.001659 0.047004 0.156305 0.045092
-0.038879 -0.006028 -0.077074 -0.001592 0.155082 -0.128757
-0.066475 0.132123 0.110752 0.029999 -0.001774 0.000449
-0.117147 0.061206 -0.042387 -0.270848 0.009255 -0.298469
-0.066315 0.038612 0.013938 0.019424 -0.022500 -0.003835
-0.013017 0.045995 -0.028603 0.198145 -0.013468 -0.159939
0.018801 0.019786 -0.015706 0.089506 0.089625 -0.174739
0.092331 -0.082732 -0.076702 -0.063485 -0.080168 -0.034800
0.087766 0.107877 -0.086497 0.029682 -0.251345 -0.214706
0.129002 -0.127764 0.055400 0.140536 -0.399673 0.019301
-0.028787 -0.006371 -0.027467 0.084260 0.287586 0.003311
0.113010 -0.081989 -0.123353 0.088152 0.338509 0.086015
-0.014662 0.021385 0.012869 0.053822 -0.009987 0.060799
0.062475 0.113339 -0.037323 -0.244652 0.260963 0.036618
0.084569 -0.140925 -0.123332 -0.017466 0.255145 0.116887
