0.086272 -0.104080 -0.057836 0.056175 0.370552 0.299334
0.001031 0.004017 -0.006917 0.028926 -0.066195 0.038328
-0.003852 0.004873 0.021340 -0.059265 -0.199370 -0.099897
0.038627 0.074430 -0.015704 -0.199978 -0.092167 0.080059
-0.081489 0.009033 0.055659 0.356559 -0.358160 0.141490
0.002614 0.019648 0.114787 0.045982 -0.136791 -0.050536
-0.108873 0.019507 0.035286 -0.069348 -0.068098 0.077976
0.015871 -0.020956 -0.035253 0.359798 0.145533 -0.080735
0.071996 0.031492 0.035171 -0.057505 0.035225 -0.126306
-0.002184 -0.046475 0.030532 -0.150103 0.116539 0.158672
-0.072365 -0.085197 -0.063119 -0.007429 -0.090029 0.078723
-0.016430 -0.016419 -0.002190 0.223404 -0.344455 -0.076741
-0.136651 0.101827 -0.107320 -0.189357 -0.036892 0.143014
0.060157 0.067583 -0.064675 -0.292365 -0.240012 -0.051228
0.017810 0.080898 -0.081122 0.020342 0.080226 0.033471
0.002597 0.090667 0.126397 0.146999 0.180569 0.136590
0.008417 0.026777 -0.016278 -0.275787 -0.292578 0.315427
0.077058 0.012336 -0.054497 -0.018432 -0.085567 0.029286
0.036510 0.049300 -0.050871 -0.173599 0.051896 0.202290
0.045038 0.022582 0.073506 0.194225 -0.010671 0.022802
-0.053183 0.028560 0.053820 0.055786 -0.094845 -0.167122
-0.046350 0.047450 -0.133200 0.152646 -0.129403 0.025333
0.012027 -0.035711 -0.048121 -0.140461 0.134380 -0.174260
0.051697 0.062766 0.064030 0.083750 -0.118861 -0.081109
0.100607 -0.035783 -0.098746 0.227647 0.047957 0.241163
0.093902 0.131981 -0.123850 -0.334681 0.305192 0.024280
-0.131162 -0.095472 -0.091812 0.377209 -0.097028 -0.030876
0.023116 -0.033092 0.012300 0.014795 -0.107184 0.023122
0.011574 -0.052757 -0.064322 -0.064537 0.057525 0.099713
0.103278 -0.095508 -0.098257 -0.021429 -0.015138 0.032499
0.014002 -0.101658 -0.005882 -0.005061 -0.013557 -0.059324
-0.032810 -0.047413 -0.124462 0.209803 -0.045314 0.228838
-0.076932 0.085806 -0.074830 0.169326 0.238509 0.071769
0.002379 0.003682 -0.000024 -0.051145 -0.090803 0.142057
0.064981 -0.087375 -0.096566 -0.275226 0.000595 -0.277148
0.114381 0.087404 0.020653 -0.222821 0.013090 -0.126864
-0.083174 -0.051408 0.112294 -0.223308 -0.175386 0.297958
0.048553 -0.039143 0.020676 -0.001254 0.095370 -0.327796
-0.041749 -0.011486 -0.004267 -0.084554 0.178607 0.211245
-0.044183 0.000117 -0.014822 0.001980 -0.240131 0.240197
0.092198 -0.050722 -0.084279 -0.111099 -0.090701 0.137756
