0.000001 -0.000062 0.000237 -0.138305 -0.254615 -0.185096
-0.110263 0.087820 -0.121015 0.139679 -0.007488 0.137187
-0.023591 -0.118399 0.115837 0.066901 0.098938 0.035691
-0.000340 0.068386 0.034569 -0.219626 0.390457 -0.362815
-0.000008 0.001586 -0.003876 0.127155 0.122873 0.298638
-0.016410 -0.014413 -0.027181 -0.097711 0.046136 0.015466
0.030595 -0.039503 0.007112 -0.247322 0.053624 -0.021722
0.007842 -0.041005 -0.029046 0.070075 -0.077382 0.014299
0.034661 -0.065330 -0.122911 0.137621 -0.079838 0.125692
0.064793 -0.012388 -0.067589 -0.003504 0.012675 -0.002392
-0.114113 0.093049 -0.152432 0.327900 -0.362108 0.113175
-0.000912 0.094325 -0.071526 -0.052858 0.027902 -0.092328
0.044746 0.034401 0.027515 -0.097262 0.005810 -0.161251
0.070139 -0.049901 0.040804 0.215049 -0.188589 -0.074839
-0.026494 0.038938 0.003034 -0.014828 0.047809 -0.038575
0.009103 0.091577 -0.059092 0.027557 -0.040249 0.005686
-0.110882 -0.087881 0.045895 -0.424480 -0.117513 -0.368321
0.101472 0.058394 -0.076213 -0.180696 0.184615 -0.221410
0.000259 -0.001298 0.000003 0.041775 -0.044967 0.073174
-0.000799 -0.029222 -0.060717 -0.101385 -0.115442 0.104175
-0.040410 -0.021112 0.000636 -0.214779 -0.192529 -0.258125
-0.006384 0.050639 -0.088786 0.092495 0.124293 -0.071610
0.044061 -0.160831 0.070815 0.100230 -0.124024 0.075273
-0.051872 0.022072 -0.002111 -0.142090 0.143640 -0.065305
-0.017205 0.080572 0.049227 -0.141443 0.072014 -0.226714
-0.000785 0.000615 0.000132 0.164691 -0.034222 0.108889
0.041602 0.008553 0.100493 0.046185 0.025936 -0.026502
0.035503 -0.008457 -0.062179 0.105715 -0.428395 -0.273090
0.082630 -0.140414 0.080916 -0.353790 -0.027364 -0.165552
0.014182 0.032313 0.025448 -0.336317 -0.136931 -0.296427
-0.069656 -0.038242 -0.019847 0.005491 -0.003562 0.010252
-0.054717 0.038844 -0.027976 0.175367 -0.080437 -0.036032
-0.066186 -0.051546 0.074593 -0.419850 0.191626 -0.007806
-0.000175 0.015087 0.017780 0.031015 -0.039712 0.004365
-0.002637 0.107487 0.065987 -0.221244 -0.274649 -0.066541
0.059070 0.102522 0.041334 0.036848 0.032543 -0.041284
0.033009 0.022142 -0.017014 -0.302590 0.138527 -0.270680
0.003077 -0.082775 0.127043 0.007287 0.167924 -0.155675
0.029609 -0.067845 0.089017 -0.159765 0.041977 -0.102301
0.041115 0.003451 -0.050657 0.005657 0.038307 0.000912
