0.040344 0.025249 -0.011196 0.002453 0.159019 0.106927
0.015877 0.042206 0.067689 0.078821 0.077901 0.167459
-0.101115 0.093733 -0.117699 -0.056270 -0.441329 -0.295648
0.032786 0.009566 0.007043 0.094594 0.281901 0.306251
0.089963 -0.091493 0.026367 -0.065055 -0.289034 0.476161
-0.001914 0.002187 0.010033 -0.019409 0.019627 -0.016977
-0.038390 0.087703 0.076279 -0.006776 0.017319 0.005929
-0.007109 -0.038327 -0.025239 0.271866 0.019579 -0.309618
0.006984 -0.013743 -0.008459 0.106293 -0.033081 0.160511
0.040500 0.037013 0.028465 0.012992 0.001716 0.010611
-0.089309 0.075149 0.040714 -0.137300 -0.255104 -0.228016
-0.058300 0.036860 -0.023774 -0.045905 -0.105645 -0.140450
-0.013718 0.011757 0.037685 0.103868 -0.064698 0.120510
-0.002073 -0.016879 0.009833 -0.057413 -0.180606 -0.390692
0.006724 -0.004284 0.032312 -0.193411 0.147479 0.077080
-0.028921 -0.083936 -0.049682 -0.044621 -0.107184 -0.414850
0.021741 0.079156 -0.067836 0.169259 0.188685 -0.105101
-0.047275 -0.071789 0.101505 0.015749 -0.175430 -0.161539
-0.067415 0.047119 -0.084465 0.011856 -0.271824 -0.445961
-0.047174 -0.014560 0.024178 -0.030274 -0.052616 0.016542
-0.077448 -0.042950 -0.037074 -0.204837 0.234122 0.185832
-0.017922 0.001128 0.023194 0.127368 -0.121682 0.075230
-0.032219 -0.111639 0.098349 0.078604 0.005927 -0.012212
-0.092036 -0.044876 -0.003131 0.034612 0.020665 -0.027217
-0.064035 0.062617 -0.045501 -0.463928 -0.320725 0.209001
-0.047185 -0.026716 0.009890 0.064587 0.006833 -0.040739
0.015048 0.008390 0.012397 0.222478 -0.096210 0.167008
0.110328 -0.042571 -0.068599 -0.050343 0.035460 -0.033666
0.029511 -0.152670 -0.032628 0.118535 0.098175 0.447978
-0.019237 -0.050791 0.009523 0.028083 -0.025393 0.014161
-0.042756 -0.083117 -0.057620 -0.015738 -0.010629 0.008514
0.115524 -0.145741 -0.037262 -0.313037 0.403439 0.176172
0.131560 -0.015610 0.047378 0.032636 0.178642 -0.316547
0.027527 0.016066 0.065829 0.073899 0.147407 -0.189492
0.081628 -0.017606 -0.012701 -0.004170 0.005968 0.011346
0.011309 -0.011427 -0.010842 -0.148944 0.230964 0.213604
0.084947 -0.084149 0.039870 -0.274033 -0.356487 -0.026825
-0.029940 -0.066985 0.078653 0.041987 -0.063050 -0.054171
0.011081 -0.015497 0.004634 0.133430 -0.107046 -0.132429
-0.030294 -0.064984 0.082961 0.008122 0.404324 0.281572
-0.016899 -0.012448 -0.064305 0.135158 0.039524 -0.133725
