0.047505 0.059946 -0.060035 0.072429 -0.042195 -0.039499
0.000396 -0.019743 0.002567 -0.037978 -0.056626 -0.187363
-0.122693 -0.135506 0.007036 0.004352 -0.053927 -0.057739
0.072108 -0.103757 -0.097490 0.097882 0.217538 -0.414287
0.005049 0.042557 -0.012586 0.020755 0.085669 0.039209
0.121567 0.123479 -0.057586 -0.027667 -0.038438 -0.003527
0.038376 0.086221 -0.122305 0.093073 -0.006001 -0.113532
0.063351 0.065467 -0.000424 0.242383 -0.183527 0.092069
-0.075719 -0.011948 -0.058277 -0.050560 0.016236 -0.016533
0.000002 0.001612 -0.033255 -0.030130 -0.043169 0.210395
0.084611 -0.063368 0.062941 -0.105366 -0.066240 -0.144776
0.050828 0.073404 0.023348 -0.246174 -0.081713 -0.357562
0.088132 -0.046101 0.047554 -0.145904 -0.053520 -0.252501
0.041991 -0.045107 -0.032755 0.072651 0.044928 0.062859
0.038853 -0.029919 -0.022245 0.112258 -0.078701 -0.023098
-0.096114 0.000148 -0.052788 -0.148723 -0.299817 -0.114061
0.116629 0.074972 0.032047 0.107235 0.086752 -0.038569
0.060464 -0.062044 -0.039644 0.171291 0.172372 0.172667
0.017699 0.025684 -0.006143 0.180776 0.008347 -0.009856
-0.104377 -0.003002 0.070824 0.164176 0.013276 0.182942
0.000678 -0.013943 0.001820 0.008701 -0.186852 -0.167769
-0.045674 0.034671 0.069610 0.031867 0.040603 0.023599
0.045099 -0.060324 0.016983 0.290571 0.342174 -0.177616
-0.009698 0.034469 -0.085739 0.139864 0.087069 -0.055637
-0.049424 -0.028405 0.002527 -0.312685 -0.293560 0.162180
0.087682 -0.140209 0.079532 -0.178804 -0.144808 -0.183986
0.133677 -0.116287 -0.097592 -0.230639 0.177414 -0.339879
0.016645 -0.051497 0.015178 0.194643 -0.037241 0.212612
-0.132740 -0.011128 0.133464 -0.156525 0.115598 0.076378
0.130166 0.029496 0.076675 0.319782 0.249807 0.021373
0.035355 -0.031751 0.029065 0.352130 -0.325333 -0.143791
0.002648 -0.006517 0.003990 0.126299 0.164720 -0.215955
0.014834 -0.094810 -0.055624 -0.067159 0.147383 -0.161452
0.012729 0.015156 0.035082 0.046944 0.100079 -0.038154
0.077101 0.082561 0.037708 -0.022820 0.049551 0.080555
0.014793 0.000630 0.153199 -0.068581 -0.284242 -0.012027
0.004170 -0.048599 -0.035635 0.006091 0.036458 0.009670
-0.101057 -0.071838 0.100757 0.016452 -0.009340 -0.004536
-0.015536 -0.004468 -0.018815 0.060392 0.168096 0.089372
0.084495 -0.061572 0.149355 0.280493 0.081459 0.137311
