-0.047053 0.106991 0.066149 0.360905 0.251469 -0.313208
-0.039814 -0.075287 -0.081346 0.022569 -0.141620 -0.094096
-0.023074 -0.012905 -0.020246 0.154089 0.024372 0.335590
0.017963 0.019116 0.010118 0.281614 -0.364701 -0.345657
0.024289 -0.024950 -0.046595 -0.218719 -0.086583 0.156656
0.015391 -0.019268 -0.015464 0.043540 0.114525 0.118972
0.010051 0.011099 -0.073277 0.242148 0.127641 -0.121420
-0.011279 0.024041 0.000215 0.015816 0.015880 0.017215
-0.035935 -0.064101 0.073088 0.291978 0.312014 0.129435
-0.049742 -0.026182 -0.040430 -0.086526 0.044198 -0.340849
0.076267 0.000668 -0.040603 -0.092418 -0.076632 0.153040
0.029654 0.031272 0.028091 0.036653 0.261959 -0.244989
-0.043146 0.005624 -0.024920 -0.012321 -0.035150 0.038540
-0.031842 0.032495 0.013403 -0.237534 -0.178065 0.084087
0.013965 -0.030885 -0.006613 0.184118 -0.099427 0.275978
-0.061200 -0.076625 -0.091641 -0.096958 -0.281473 -0.136201
-0.031654 -0.017463 0.077093 -0.023296 0.028934 -0.067293
0.077829 -0.068597 0.041696 -0.057061 0.306250 -0.098637
0.028374 -0.108408 0.058303 0.160986 0.000481 0.091093
0.086118 -0.072113 0.011979 -0.237844 0.076963 -0.024842
0.056132 -0.103665 -0.100475 -0.117338 0.128581 0.141046
-0.064744 0.019065 -0.024364 -0.132166 0.014370 -0.393516
0.059693 0.054738 -0.094171 0.072398 0.409156 0.245517
-0.013357 0.003535 0.001625 0.028733 0.070076 0.109311
-0.014772 0.031748 0.011551 0.169327 -0.164834 -0.086154
0.026036 0.008865 0.035764 0.129668 -0.121331 -0.336246
-0.005959 0.058495 0.034506 0.268442 -0.141044 0.075007
-0.103313 0.071544 -0.059513 -0.285827 -0.147726 0.066849
0.080432 0.134529 -0.116682 0.417739 0.073830 -0.134069
0.001826 -0.022391 0.080829 -0.108686 -0.128500 -0.028406
0.016916 0.006741 0.135109 0.110431 0.093213 -0.010920
0.017850 0.000159 -0.164939 0.098155 0.100078 -0.057609
0.057526 0.103731 0.100399 0.413558 -0.027150 0.026597
0.129298 -0.030238 -0.039444 0.134050 -0.052326 -0.043539
0.032517 0.039274 0.025557 0.185641 -0.324101 -0.247356
-0.079354 0.144849 0.069016 0.085752 0.143987 -0.032132
0.008106 0.020942 -0.003392 -0.039401 -0.006841 -0.017322
0.013673 -0.026277 -0.008375 -0.065320 0.181868 -0.148730
-0.090410 -0.060643 -0.081696 0.073822 -0.098186 0.021144
0.072438 -0.026290 -0.007074 -0.296867 0.001196 -0.071651
