-0.059983 0.051617 -0.073676 -0.005082 -0.002335 0.009415
0.008267 0.052065 -0.064877 -0.358012 -0.371905 0.450413
0.029301 -0.051441 -0.108197 0.137539 0.365252 0.070743
-0.006884 0.023425 -0.019080 -0.180456 -0.188378 -0.168533
-0.008246 0.024354 -0.029807 -0.361063 -0.381797 -0.436951
-0.072980 0.114019 0.038468 0.097300 -0.182583 0.046385
-0.007082 0.007237 -0.003695 0.068883 0.006352 0.007825
-0.006318 0.003251 -0.010969 -0.094148 0.056304 -0.035931
0.035429 0.027514 0.012801 -0.104899 -0.174534 0.221197
0.004121 0.005345 -0.023842 0.321234 0.202843 0.123970
0.029901 0.008161 0.074425 0.131537 -0.186778 0.263874
0.049478 -0.053405 0.053077 0.082060 -0.096363 -0.062430
-0.154869 0.035610 0.047716 -0.092836 -0.166085 0.015140
-0.045509 -0.071288 -0.029765 0.081585 -0.216607 0.215819
-0.010450 -0.008421 0.004328 -0.092897 0.023121 -0.055755
-0.138068 -0.038162 -0.035587 0.034998 -0.035565 0.062035
0.035525 0.046347 0.035901 0.130876 -0.072079 -0.020316
0.082721 0.055653 0.058137 -0.003618 0.002178 0.000187
-0.004988 0.007994 0.014468 -0.166523 0.244384 -0.193312
0.041819 0.023340 0.064115 0.010441 0.010921 0.005747
-0.001980 -0.002855 -0.003354 -0.120965 0.106499 0.074425
-0.036503 -0.092471 -0.056844 -0.066652 -0.090523 0.079625
-0.093350 -0.066496 0.093190 -0.099785 -0.081244 0.032495
0.042225 -0.034552 0.035859 -0.117230 0.050108 0.112648
0.047999 -0.035699 0.019236 -0.112082 0.217389 0.118774
-0.047870 -0.027404 -0.030263 -0.125998 0.027218 0.019618
0.012251 0.092578 0.015648 -0.034419 -0.085143 0.098645
0.098523 0.100466 -0.086768 0.224065 0.356735 -0.388599
0.101236 -0.050367 0.078696 0.070008 -0.149272 -0.088910
0.009016 0.045749 0.018521 -0.156231 0.072704 -0.158587
0.071578 -0.100232 -0.072623 -0.050690 -0.086453 0.072997
0.030741 0.086617 0.046241 0.056152 -0.150546 -0.059661
0.096497 -0.017559 0.107394 -0.115821 0.045383 -0.207458
-0.132137 -0.086479 0.051884 -0.197011 0.259126 -0.242379
0.007584 0.090960 -0.067188 0.078196 0.042355 0.083824
-0.045951 0.053031 0.065671 -0.007069 0.098322 0.072205
-0.042589 0.069912 0.123493 0.377361 -0.060197 0.308586
-0.054094 0.004611 -0.026911 -0.018624 0.060459 -0.038427
-0.130859 0.084782 -0.015518 0.454839 0.294815 -0.387277
-0.015549 0.007008 0.010938 0.399499 0.136221 -0.094075
