0.094938 0.071580 -0.066971 -0.130997 0.008161 0.258829
0.054877 0.032273 0.093959 -0.056152 -0.010598 -0.017929
0.020790 0.007282 0.013475 -0.092512 -0.399843 0.309889
0.033467 -0.014148 -0.000267 -0.311515 -0.369178 -0.340563
0.083721 0.008702 0.103072 -0.031233 -0.079536 -0.086911
-0.000982 0.010497 0.167560 0.191879 -0.126959 -0.141323
-0.069239 0.025031 -0.006871 -0.033113 0.022683 0.007290
0.037896 -0.023363 -0.099967 0.107389 0.034120 -0.001924
-0.031961 -0.009703 0.003814 0.157023 0.265426 -0.425224
-0.047317 0.043416 -0.048972 -0.229044 -0.006430 -0.100246
-0.018873 -0.101313 -0.077242 -0.073323 -0.029822 0.016243
0.089738 0.097059 0.090049 0.286334 0.072680 -0.099920
0.124447 0.113898 0.099976 0.047472 0.195223 -0.414048
-0.043708 -0.031740 -0.020329 -0.149227 -0.221392 -0.090701
-0.047759 -0.018253 -0.052074 -0.092413 0.056157 0.029943
-0.000326 -0.000651 0.000125 -0.050244 0.134343 -0.166311
0.005754 0.030639 0.014174 -0.040125 0.045036 0.051573
-0.031224 0.054739 -0.033823 -0.282790 0.038212 -0.071546
-0.121749 -0.034142 0.106641 -0.041800 0.017669 0.001908
-0.012123 0.004567 -0.023119 -0.228033 0.294530 -0.256795
-0.043522 0.011828 0.012719 0.233470 -0.379598 -0.257014
0.096494 0.015382 -0.108518 0.039925 -0.131876 -0.151023
-0.084944 -0.094118 0.088419 -0.017281 0.220373 0.173944
-0.012776 0.041102 -0.040893 0.002887 -0.131741 -0.111663
-0.015773 0.014208 -0.008997 -0.203981 -0.218363 -0.052041
0.032205 0.101465 -0.048412 -0.115267 0.009407 -0.068580
0.048356 -0.012964 -0.041301 0.010013 0.006197 -0.004016
0.002780 -0.004483 0.010000 0.225191 0.092459 -0.090619
0.111058 0.092222 -0.048536 0.035205 -0.116590 0.017166
0.042251 0.129786 0.009053 -0.016773 -0.012637 0.010176
0.084337 0.141929 -0.138823 0.004752 0.093893 -0.072927
0.000843 -0.005148 0.002537 -0.000641 -0.000473 0.000263
0.043520 -0.051878 -0.028444 0.277176 0.020295 0.145885
0.003159 -0.001408 0.002228 -0.090236 0.169390 -0.002736
0.026805 -0.051204 -0.041924 -0.084593 0.051466 -0.021616
-0.023331 -0.005665 -0.026364 0.050002 -0.317921 0.030784
-0.009168 0.033687 0.066491 0.006557 -0.010532 0.012621
0.000137 0.054095 0.015433 -0.185571 0.069075 0.088468
0.072861 -0.067147 0.045019 0.140751 0.047868 -0.098565
0.000974 0.063739 -0.143640 0.018955 -0.040907 0.016369
