-0.043044 -0.027021 0.048060 0.063646 -0.066528 0.059544
0.094421 0.058491 -0.074181 -0.259517 -0.204645 0.201092
-0.043071 -0.076640 0.007905 0.180849 0.256169 -0.250684
-0.002117 0.069396 0.054668 -0.060249 0.067915 -0.060467
0.114941 -0.010391 0.146033 -0.021708 -0.016310 0.012126
-0.020371 0.029925 0.026719 -0.157426 -0.127738 -0.007772
-0.113791 0.085526 0.001767 0.012648 0.012914 0.000826
0.005167 -0.001283 -0.020495 0.123848 -0.123051 -0.006371
0.075684 0.021395 -0.115176 -0.105158 -0.053946 -0.274166
-0.013103 -0.001531 -0.015356 0.135385 0.026793 0.112616
-0.023645 0.132653 0.150250 -0.107945 -0.269126 0.117283
-0.078452 0.159887 -0.082254 0.012103 0.019838 0.010167
-0.047361 0.024300 0.090393 -0.065818 -0.130373 0.092481
-0.081132 0.028242 0.140723 0.227863 0.415437 -0.359774
0.032193 0.011168 0.015239 -0.194171 -0.389068 0.075527
0.000452 -0.015817 0.068746 -0.019753 0.092032 -0.068419
0.003790 0.004677 -0.001520 0.003539 -0.019190 -0.005800
0.161362 0.002796 0.084345 -0.035198 0.020132 0.044901
-0.031171 0.028804 -0.032576 -0.038917 0.060147 -0.058915
-0.037541 0.031217 -0.031569 0.007971 -0.096598 0.127926
-0.128567 0.089188 0.025515 0.013566 0.040045 0.032966
0.007999 0.003094 0.003177 0.078184 -0.133228 -0.105903
-0.009930 -0.016245 0.011492 -0.095957 -0.030323 0.008179
-0.012351 -0.057875 -0.099690 0.334248 -0.283098 0.090445
-0.011368 -0.041124 0.069626 -0.031529 0.050034 0.087201
-0.023156 -0.024051 0.001905 0.006882 -0.001237 -0.002238
-0.002794 -0.007241 0.005940 0.004382 -0.026365 0.021876
0.013309 -0.020476 0.014996 0.048864 -0.051094 -0.003198
-0.013203 -0.000816 -0.040445 -0.367902 -0.315590 0.335677
0.092382 0.048138 -0.072841 0.008181 0.008374 0.000813
-0.010861 -0.018985 -0.023519 0.003201 0.022633 -0.009837
-0.013027 0.018643 -0.016313 0.093218 0.232545 0.174190
-0.029147 0.006016 0.002252 -0.030116 -0.048670 -0.031167
0.126541 -0.104080 0.132134 -0.180698 -0.118562 -0.144516
-0.022530 -0.017526 0.025778 -0.242391 0.006258 0.305630
0.068276 -0.054040 -0.081761 -0.018890 -0.145744 0.183871
-0.041298 -0.051537 -0.040916 -0.054243 -0.119214 0.080092
0.104943 -0.074144 -0.089948 -0.102788 -0.360742 -0.089835
0.017972 -0.012842 0.020920 -0.047717 0.008110 0.015854
-0.094514 0.070169 -0.086228 0.088279 0.179641 -0.147051
-0.120447 -0.053432 0.026543 0.022130 0.000511 -0.003375
