0.038255 -0.011657 -0.021570 -0.034035 0.084853 -0.136367
-0.069446 0.099362 0.080897 -0.025930 0.025064 0.024866
0.069317 -0.018637 -0.066319 -0.045298 -0.043627 -0.023396
0.029394 0.077251 -0.013979 0.064004 0.062620 -0.039033
0.104296 0.091189 0.045404 0.057519 -0.334833 -0.200299
-0.031561 -0.039134 -0.020432 -0.040418 -0.136113 -0.197266
-0.000998 -0.002738 -0.012957 0.031913 0.019608 0.002969
-0.036879 -0.017051 0.041317 -0.019237 0.000384 0.055149
0.058350 -0.128617 -0.101104 -0.066293 0.029618 0.124139
-0.025122 0.040605 0.010600 0.118777 0.120795 -0.088047
0.123972 -0.124979 0.144581 0.197096 0.066156 0.052390
0.057384 0.004892 -0.032979 -0.418781 0.440530 0.199044
0.066972 -0.091805 -0.070828 0.007739 0.031922 -0.022385
0.013493 -0.027626 0.008753 -0.290562 -0.105005 -0.350909
-0.007945 0.001387 0.006827 0.007712 0.003776 0.002357
0.011749 -0.029125 0.020056 -0.236507 -0.224835 0.204770
-0.139754 0.062671 -0.121058 -0.090532 0.009900 0.078763
0.130354 0.032574 0.037521 -0.210087 0.165825 -0.219651
0.032519 0.023781 -0.046810 -0.108018 0.343848 0.358683
-0.109760 0.067460 0.068315 0.274926 0.240531 -0.251936
-0.025504 0.006988 -0.008960 0.019613 -0.104082 0.064571
-0.011851 0.035807 -0.031377 0.102058 0.282325 0.089176
-0.055251 -0.009775 -0.034474 0.143126 -0.002068 -0.169394
-0.073292 -0.031889 -0.004270 -0.318765 0.008208 -0.421084
0.016664 0.014276 0.020651 0.053480 -0.038797 -0.047132
0.069190 0.027806 -0.000603 0.203366 -0.136097 -0.085168
-0.003949 -0.093876 0.011791 0.000076 0.012767 -0.014321
-0.001867 -0.002199 0.006711 0.057704 -0.069477 0.020878
0.037885 0.051804 0.053331 -0.181620 -0.154481 0.061645
-0.053389 0.026611 -0.011567 0.040715 -0.038540 0.029378
0.007008 0.011807 -0.005041 -0.021001 0.044491 0.008422
0.116894 0.006512 -0.029638 -0.041424 0.024629 -0.180412
0.059756 0.070669 -0.025738 0.055540 0.102565 0.090511
0.002961 -0.001147 -0.000157 -0.056776 -0.039735 -0.043072
-0.040512 -0.024304 0.007504 0.036954 -0.180634 -0.202062
-0.023774 -0.010331 0.024777 -0.023449 0.054585 0.017169
-0.059788 0.079520 0.147544 -0.356805 -0.147950 -0.331483
0.047078 0.052008 -0.016392 -0.046091 0.006209 -0.278532
0.005269 -0.054876 -0.079703 -0.369559 -0.109418 0.038500
