0.013760 -0.097160 -0.077738 -0.041538 -0.060782 0.096285
0.053535 -0.138000 -0.024510 -0.046938 0.290573 0.345591
-0.000855 -0.015632 0.014040 0.053128 0.088310 -0.028724
0.009009 0.098134 -0.012414 0.051452 -0.068500 0.033309
-0.048031 0.053770 0.010628 -0.040499 0.115491 0.000546
-0.000352 -0.000809 0.000288 -0.092772 -0.027073 0.135406
-0.089484 0.024711 0.046390 -0.233200 -0.199926 -0.086044
-0.101283 -0.075590 -0.083008 -0.170216 0.165761 0.340745
0.051346 0.051934 0.003824 -0.030461 0.302240 -0.143771
0.110427 -0.039323 -0.114193 -0.105788 -0.099860 -0.125965
0.004417 0.004480 0.012397 -0.334293 -0.421680 -0.420382
-0.000043 0.113230 0.090561 0.036394 0.092672 0.147612
0.117007 -0.160424 0.133124 0.152709 -0.018533 0.023003
-0.115414 0.121380 -0.005611 -0.144479 0.117643 -0.259233
-0.090445 0.028381 -0.020773 0.027746 0.010384 0.019206
-0.104197 -0.042057 0.011961 0.105652 -0.140122 0.228851
0.018790 -0.007417 0.014329 0.038779 0.052624 0.009978
0.008198 0.002207 0.012526 0.174162 0.184975 0.124391
-0.051803 -0.065611 -0.024802 0.215133 -0.051669 0.171911
-0.036066 -0.018050 0.001781 0.068233 0.166173 0.279663
-0.015023 -0.009461 -0.004099 0.008882 -0.014493 -0.004049
-0.016815 -0.080574 0.007014 0.003402 0.002134 -0.003552
-0.020561 0.041895 0.006617 0.291426 0.220663 -0.218450
-0.004001 -0.002758 -0.000092 -0.038239 -0.043999 -0.291090
-0.071781 0.009006 -0.008122 0.004207 -0.008102 -0.014821
0.047631 0.029055 0.091877 -0.120344 -0.109118 0.328900
-0.005610 -0.125737 0.076066 0.028868 0.063864 0.016603
-0.093100 -0.018935 -0.044605 0.058173 0.108351 0.050107
-0.063555 -0.061970 0.153913 -0.403436 -0.251892 -0.113642
0.033601 0.016267 0.055113 0.009828 0.168242 0.166553
-0.134471 0.023945 0.094994 0.054225 0.012643 -0.021400
0.105123 -0.125943 0.056319 -0.327178 -0.299670 -0.206401
-0.002768 -0.000190 -0.001014 0.114712 0.205214 0.333247
-0.014376 -0.016424 -0.011327 -0.079453 -0.019607 -0.073619
0.047614 0.047999 -0.091264 -0.008713 0.157516 -0.014671
-0.050667 0.002204 -0.116647 0.005821 0.018051 0.056608
0.024742 0.039772 0.007766 -0.059544 -0.113594 0.045501
-0.071981 0.022591 0.035168 -0.016213 -0.057591 0.049720
0.069001 -0.046364 -0.078069 0.001080 -0.046279 -0.136994
0.048045 0.006808 -0.035631 -0.037069 -0.267806 0.078246
