0.002030 -0.002036 -0.000617 0.287095 -0.241764 0.290315
-0.013223 0.017425 0.006707 0.023242 0.020989 -0.228485
-0.013116 0.014394 -0.015764 0.013471 -0.077994 -0.089428
0.108864 0.017337 -0.011045 0.160221 -0.000543 -0.071947
-0.003693 0.012399 0.002374 -0.038169 0.191800 -0.004225
0.095383 0.087556 0.108684 -0.023558 0.040738 -0.026357
0.028041 0.000979 -0.017881 0.334368 0.393740 0.080010
-0.033194 0.054242 -0.007078 -0.091684 -0.029592 -0.089760
-0.061041 0.002138 -0.016048 -0.178643 -0.149785 -0.113811
-0.053941 -0.056535 -0.006807 -0.109493 -0.061650 -0.090359
0.057104 0.086096 -0.114295 -0.212212 -0.221316 -0.297476
-0.104831 -0.094623 -0.004968 0.000717 0.007909 -0.015509
-0.003515 0.020095 -0.035021 0.450919 0.232392 0.297019
0.120480 -0.039624 -0.125415 0.102730 -0.087928 0.050417
-0.019601 0.007541 -0.006440 0.153532 -0.359313 0.418875
0.111805 -0.000727 0.093971 -0.150790 -0.037602 -0.243301
0.008452 -0.003874 0.000838 -0.164071 0.167633 -0.154194
-0.000170 -0.001018 -0.002027 0.023124 0.013317 0.023749
-0.083952 0.088319 -0.033239 -0.199892 -0.336120 0.316380
-0.118922 0.035726 0.049258 -0.106538 -0.040555 0.227630
0.016596 0.073304 -0.069225 -0.023656 -0.018157 0.028611
-0.007805 -0.001146 -0.013054 0.334888 0.018849 0.003595
0.047550 -0.035421 0.131463 0.200826 -0.124982 0.229670
-0.017154 -0.036655 0.039804 0.066078 0.014395 -0.060733
0.109812 0.082291 -0.086427 0.091070 -0.025227 -0.045040
-0.050692 0.048263 0.094143 -0.036126 0.038035 -0.197825
0.097725 -0.122575 -0.048260 0.093510 -0.046576 0.108198
-0.003853 0.032725 -0.046167 -0.004622 -0.174243 -0.079336
0.068967 -0.040842 0.053902 -0.027125 0.078851 -0.086718
-0.003823 0.023181 -0.002520 0.021110 0.067666 0.023517
-0.018416 -0.007752 -0.023564 -0.244664 0.130538 0.186609
-0.143239 0.111873 -0.105052 0.141351 0.050265 -0.251847
-0.004463 -0.005285 -0.000105 0.083814 -0.078571 0.197538
0.034084 -0.016360 0.000354 0.012896 -0.005151 0.000227
-0.040657 0.089656 -0.016873 0.299555 -0.061697 0.067894
0.087267 -0.033227 -0.034604 -0.186325 0.105408 -0.194626
-0.032842 -0.039728 0.032277 -0.213739 -0.210621 0.107119
-0.017708 0.003743 0.015649 -0.067953 0.076867 0.304244
-0.119580 0.066188 0.039352 0.065411 0.261247 0.110757
0.001926 0.019269 -0.013947 -0.235454 0.162605 -0.235185
