0.003145 0.000080 0.004036 -0.005299 0.035860 -0.013814
0.003273 -0.031492 -0.010809 0.169922 0.275073 -0.279315
0.047898 -0.014902 -0.050364 -0.053112 -0.024078 0.006197
-0.021129 -0.055082 0.038256 -0.001647 0.004222 0.004577
0.039659 -0.057130 0.033199 0.075375 -0.364092 -0.251518
0.113860 0.125647 0.024762 0.138490 -0.104763 -0.157521
0.025109 -0.028656 -0.049449 -0.064247 0.207304 0.066726
0.015670 0.010816 0.029081 -0.156492 0.334657 -0.071215
-0.000323 0.020029 0.019877 0.182088 0.210132 -0.163029
0.000723 -0.014278 -0.020316 -0.051646 0.173930 -0.218016
0.098286 -0.138101 0.064021 0.164901 0.171836 0.173972
-0.068497 -0.015521 0.087390 -0.129330 0.320420 0.102194
-0.108119 0.076750 0.005541 0.164229 0.080166 0.017056
0.067623 0.026152 0.055127 -0.268001 -0.148559 0.220871
-0.031982 -0.052289 0.052201 0.033692 -0.026429 0.077972
-0.135473 -0.105439 0.000987 -0.095792 0.086192 0.149332
0.119508 0.033255 -0.059815 -0.015943 0.012419 0.024612
0.083618 0.067028 0.056015 -0.104477 0.103576 0.200178
0.111342 0.091787 0.042606 -0.143818 -0.250093 0.149995
-0.098010 0.043695 0.054566 -0.312568 -0.299637 -0.016231
-0.037819 0.038017 0.064037 -0.165776 0.102845 0.067180
0.044659 0.096795 0.082985 -0.117011 -0.069284 0.125905
-0.018828 -0.099801 -0.046068 -0.029848 -0.044660 -0.149143
0.079700 -0.108186 0.122413 0.147252 0.130330 0.124502
0.032201 -0.059169 0.129521 -0.150186 0.259908 0.312996
-0.126748 -0.010815 -0.151610 0.046596 -0.041706 0.013945
0.079761 0.022207 0.110749 -0.036486 -0.029074 -0.072009
-0.078269 0.113059 -0.152477 0.047077 -0.093833 -0.074854
0.054912 0.027911 0.018778 -0.020844 0.170984 0.194720
-0.041656 -0.028804 -0.009100 0.155000 -0.240540 -0.125727
0.055982 0.076664 0.097784 0.068796 -0.330789 -0.231481
0.031551 -0.034992 -0.121405 -0.067412 0.075689 0.068804
0.000006 0.002051 -0.005892 -0.081114 -0.108484 0.042830
0.046329 -0.078341 0.017906 0.094881 0.261543 0.196910
-0.001246 -0.091387 -0.117423 -0.044589 -0.017537 0.101531
-0.036419 0.043280 -0.016448 0.087838 0.207602 0.412770
0.010851 -0.013732 0.008169 0.144544 -0.031966 -0.418736
-0.039360 0.021876 0.037934 -0.023183 0.022999 0.045760
-0.008690 0.010748 -0.142686 0.053673 -0.091836 -0.111058
-0.050400 -0.064954 0.076364 0.389733 -0.137770 -0.121592
