0.069379 0.027766 -0.034587 -0.059526 -0.024600 0.048969
0.093945 0.095079 -0.058590 0.109862 0.038403 0.044003
-0.081067 0.058557 0.079734 -0.138452 -0.228566 0.228145
0.004893 0.035056 -0.010178 0.001912 -0.001849 -0.000508
-0.009540 -0.018027 0.033552 0.065635 0.100678 -0.251813
-0.033331 0.037304 -0.045406 -0.220348 0.183711 -0.199498
0.141225 0.054972 -0.118773 0.037539 0.016102 -0.181265
-0.062300 0.028689 0.125576 -0.148409 -0.160722 0.110968
-0.000103 -0.000800 -0.000798 0.080488 0.232439 0.087678
-0.047374 0.041217 0.055946 0.021000 -0.109901 -0.047472
-0.034207 0.030748 0.017673 -0.040513 0.077252 -0.116508
0.091239 -0.095850 -0.086700 0.042116 -0.252723 -0.257131
-0.050720 -0.034164 0.019568 -0.261288 -0.338073 -0.345060
0.005753 -0.004639 -0.011099 0.015620 -0.406978 -0.171372
0.010729 0.005752 0.006013 -0.059009 0.075306 0.061384
-0.019683 0.049438 0.008810 0.025427 -0.020062 0.033953
-0.002802 -0.001543 0.000270 0.029455 -0.040248 0.077345
0.005915 0.000308 -0.001408 -0.068524 -0.082333 0.082874
-0.000159 -0.002155 0.002394 0.032963 -0.013733 -0.010710
-0.032489 0.017050 0.038674 0.139838 -0.284472 0.251665
-0.051544 -0.001644 -0.012917 0.304333 0.266330 -0.049677
-0.008986 0.045166 -0.077683 0.163353 -0.189643 -0.161712
-0.007625 -0.098954 0.074736 -0.055051 0.073059 -0.298501
-0.056003 0.054343 0.028623 0.010142 -0.095411 -0.079102
0.010603 -0.010307 -0.016420 0.123948 0.208830 -0.064124
0.041930 -0.094568 -0.004228 -0.032693 0.416507 0.189652
-0.034454 -0.036688 -0.011038 -0.074108 0.122276 -0.132632
-0.077822 0.011437 -0.012950 0.198265 0.216418 -0.382770
-0.034944 -0.058974 0.040207 -0.003213 -0.275472 -0.264402
-0.007810 -0.007078 0.012364 0.264797 0.098723 0.081573
0.060948 -0.050704 0.126686 0.337443 0.072382 -0.093552
0.033558 -0.005694 -0.039660 -0.069003 0.088293 0.078227
0.027087 0.014008 -0.031518 -0.289557 0.209885 -0.285179
-0.011561 0.042036 0.021765 0.118324 -0.044454 0.052338
0.002749 -0.001991 0.000970 0.148851 0.055761 -0.096638
-0.053064 -0.032158 0.047538 0.450026 0.301931 0.244015
-0.005784 -0.020753 -0.018005 -0.171479 0.030230 0.236556
0.012565 -0.061606 0.069817 -0.008007 0.006181 0.002732
-0.001713 0.000655 -0.002817 -0.143437 0.095049 0.006509
-0.012649 0.006310 -0.018728 -0.046524 0.143381 -0.083317
