0.032961 0.033467 -0.131383 0.018729 0.086511 0.170306
-0.004021 -0.016178 0.043680 -0.053078 -0.086379 -0.165561
-0.006208 -0.001673 -0.003363 -0.305853 0.020585 -0.148106
-0.097405 0.051680 -0.092770 0.062097 0.056328 0.202075
0.014292 0.003629 -0.016007 -0.051114 -0.000115 0.286010
-0.013685 0.010429 -0.053594 0.057512 0.167393 -0.192599
-0.039213 -0.034393 0.014725 -0.168009 0.179626 0.176419
-0.128512 0.091836 0.095784 -0.127060 0.093112 -0.345628
0.077192 0.071025 -0.047179 0.016889 -0.214611 0.143139
-0.020626 0.034790 -0.006149 -0.208851 -0.052672 0.189475
-0.018925 -0.012313 0.018043 -0.051636 -0.089261 0.137097
-0.082972 0.051320 -0.121828 -0.024522 0.007647 0.025517
0.021568 0.008984 0.022530 0.117842 -0.313863 0.420381
0.003820 0.056855 0.091785 0.042710 -0.059682 -0.050916
-0.019427 -0.116389 -0.108665 -0.002640 0.003705 0.004607
0.010065 -0.010947 -0.015028 0.017820 0.091238 0.136597
-0.011874 -0.006211 0.002602 0.062507 0.116607 0.171397
-0.087140 -0.044562 0.092073 0.050089 0.002962 0.203788
-0.009016 -0.017889 0.025072 0.252863 0.235098 -0.142746
-0.019096 -0.018120 0.003318 -0.191342 -0.209768 -0.329611
0.045828 -0.142863 0.127373 -0.021907 0.227193 0.055455
-0.002369 0.000930 0.004326 -0.014233 -0.005500 -0.030853
0.018173 0.014742 -0.043318 -0.225196 0.025645 -0.206412
-0.013789 0.005496 0.000549 0.045883 0.307557 0.097960
0.067748 0.055213 -0.088514 0.088150 -0.066553 0.007620
0.017447 -0.074365 -0.052400 -0.253516 -0.006373 -0.175790
0.033985 -0.006913 -0.078979 0.279688 -0.233280 0.101430
0.041980 0.085914 -0.121671 -0.172637 0.067453 -0.010327
0.081530 0.047983 -0.007326 -0.054566 -0.139143 0.251726
-0.059211 -0.025848 0.018635 -0.084849 0.044284 -0.137005
-0.070056 -0.054050 -0.067905 -0.338018 -0.231597 0.441444
0.078151 0.076925 -0.070896 0.294761 -0.130376 0.047149
-0.033332 0.097862 -0.006223 0.060372 0.348742 0.064196
-0.007502 0.001863 0.012192 0.015910 -0.104195 0.074891
-0.000221 -0.001639 -0.000581 -0.114234 -0.114521 -0.013220
0.022218 -0.006596 0.031541 -0.294146 -0.285931 -0.066651
0.014286 0.000364 0.015867 0.129771 0.113336 -0.081481
-0.015192 -0.096484 -0.096456 -0.036876 0.324815 0.080023
-0.038133 -0.007721 -0.035053 0.057479 -0.032380 -0.076107
0.014125 0.011051 0.073334 -0.206505 0.046400 -0.110437
