0.020087 -0.013001 -0.013620 -0.220348 -0.105112 -0.094944
-0.001066 -0.049064 -0.030251 -0.030789 0.194729 -0.175123
-0.044706 0.060913 -0.046851 -0.181935 -0.106992 -0.194510
-0.000498 -0.000596 -0.000080 0.088094 -0.180036 -0.197537
-0.067639 -0.100762 0.109986 0.103586 -0.031810 -0.098941
-0.037790 -0.007337 0.013045 0.245114 -0.088322 -0.198826
0.004553 0.024757 0.038106 0.060750 -0.027395 -0.035512
-0.050500 -0.052955 -0.015569 0.063100 -0.047726 0.151062
-0.031951 -0.018056 0.014676 0.040248 -0.002658 -0.015880
-0.000876 -0.049213 -0.047440 0.100454 0.105845 -0.122064
-0.038600 0.109386 0.072064 0.021628 0.022737 0.091392
-0.079742 0.048945 -0.083528 -0.012895 -0.017897 -0.007491
0.116009 0.017189 -0.011786 -0.095467 0.000048 0.047930
0.048064 -0.006885 -0.055032 -0.079554 0.138950 0.080883
0.041342 0.005660 -0.051529 0.028827 -0.027192 0.027810
0.008210 0.046819 0.037550 0.292137 0.253137 -0.315782
-0.012350 -0.007458 0.013666 0.192554 0.103380 0.038800
0.113052 0.024098 -0.029497 0.232416 -0.002688 -0.090404
0.010801 0.001030 0.007746 -0.140488 -0.151206 -0.070851
-0.155901 -0.108520 0.012661 0.057707 0.036646 0.032749
-0.002636 -0.003894 -0.037374 0.208854 0.105226 -0.142954
0.035137 -0.096284 -0.019040 0.112673 -0.079574 0.118152
-0.148624 -0.045330 0.068358 0.107335 -0.158409 -0.189962
-0.018703 -0.074075 -0.075487 -0.184293 0.037002 -0.060752
0.053219 -0.032554 0.034766 -0.056903 0.062175 0.080238
0.059800 -0.038591 -0.093605 -0.357248 -0.064871 -0.067266
0.029673 0.047618 -0.030803 -0.093493 -0.495665 -0.333476
-0.045314 -0.025253 0.010222 -0.104195 0.104156 0.334953
0.011498 0.019958 0.052756 -0.023020 0.000730 0.032637
-0.106904 0.101466 0.156212 -0.008451 0.010818 0.017502
-0.019922 -0.027364 0.038131 -0.024483 -0.052380 0.043493
0.052555 0.011372 -0.025427 0.013190 -0.017479 -0.031379
-0.024734 -0.075157 -0.009104 -0.012649 0.000538 0.101935
-0.030006 0.052670 -0.004888 -0.126181 0.031634 0.032240
0.011912 0.018831 0.014148 0.041584 -0.139753 -0.051978
0.037150 -0.004362 -0.011986 -0.339187 0.107598 -0.192714
-0.113033 -0.074970 0.004466 -0.149501 0.145013 -0.099718
0.052060 -0.001148 0.022220 0.116940 0.230644 0.147625
0.026533 -0.053373 0.057109 -0.287006 -0.181296 -0.285617
0.008401 -0.003803 -0.013942 -0.008064 0.159968 -0.315572
