0.066660 0.079471 -0.085992 0.027579 0.121215 -0.183470
0.075012 -0.076782 0.044031 -0.245876 -0.176875 0.007660
-0.129693 0.049061 0.067766 0.022412 -0.008638 -0.159261
0.036313 -0.042418 -0.000605 0.212241 -0.121453 0.014628
-0.019225 -0.025162 0.038366 -0.029036 -0.035164 -0.074569
0.084558 0.083907 0.038535 -0.037310 -0.067628 0.373722
0.004017 -0.017084 -0.034989 -0.089735 -0.055889 -0.074250
0.041632 -0.012623 -0.035803 0.058842 -0.056137 0.313824
0.003020 0.031152 -0.052258 0.107553 0.004903 0.035116
-0.043122 0.026156 0.031487 0.040851 0.020707 0.019497
-0.008848 -0.026215 0.045229 -0.275312 -0.361106 0.258172
0.020226 0.036291 0.096125 -0.005480 -0.005757 -0.004342
0.044941 -0.013977 0.018411 -0.095194 -0.050892 0.127348
0.051216 0.017476 -0.055114 -0.366477 0.377303 0.333623
0.005758 0.067674 -0.091927 0.215240 0.461194 -0.198611
-0.003562 0.034957 -0.089384 -0.187893 -0.270882 0.135164
0.071683 0.050342 -0.038507 -0.070931 -0.001961 -0.212428
-0.006686 0.008458 0.033759 0.181194 0.008003 -0.032525
-0.017714 -0.041123 -0.064158 0.247840 0.351473 -0.338987
-0.064673 0.027064 -0.125492 0.029892 -0.250953 -0.228880
-0.008506 -0.093578 -0.066375 0.002531 0.013391 -0.015852
-0.084221 0.076487 0.119790 0.125431 0.092064 0.268054
0.112762 -0.054075 0.053638 0.104075 0.158528 0.018749
0.071332 0.026773 0.020189 -0.012896 -0.005451 -0.000852
0.007299 0.005598 -0.001914 -0.146677 -0.123102 -0.121925
0.036432 0.049369 -0.074720 0.065337 0.081594 -0.107344
0.010559 0.067960 -0.077542 -0.129671 0.143705 -0.030707
0.055023 -0.030602 0.075078 0.175987 0.219657 0.003439
0.000076 0.000413 0.011769 0.065400 -0.079903 -0.059186
0.056092 0.082159 0.049310 -0.052349 0.083808 -0.087013
0.011459 -0.011957 0.074141 0.120903 0.085366 -0.072313
-0.038938 0.038773 0.066358 -0.361120 0.287250 0.073625
-0.086880 0.056330 0.008476 -0.148868 -0.387335 0.036384
-0.058192 -0.033577 -0.036954 -0.018380 -0.069610 -0.016076
-0.052859 0.157729 0.101577 -0.408001 -0.056459 0.132150
-0.011209 -0.010911 -0.001830 -0.007515 0.057292 0.020382
-0.001562 -0.049565 0.001285 0.002862 0.040105 0.005333
0.060279 0.040035 -0.091535 0.223722 0.082394 0.069062
-0.009792 0.011923 0.011311 -0.110028 0.081153 0.116128
-0.006222 -0.024083 -0.001461 0.257911 0.108107 -0.248275
