-0.027025 -0.013249 0.000604 0.376317 -0.026434 0.145059
-0.016353 0.023816 -0.018578 -0.098334 -0.061151 -0.015992
0.019893 -0.096549 -0.015615 0.005096 0.022666 0.037973
-0.009315 -0.017294 0.022599 0.076952 -0.053932 0.111067
-0.053036 0.006230 -0.005556 0.122286 0.065191 0.021911
-0.069667 0.104173 0.084093 -0.025933 -0.025150 -0.001996
0.051722 0.003330 0.094866 -0.206771 0.103242 -0.261682
-0.072506 -0.134318 0.158395 -0.274222 -0.123755 0.191671
-0.045527 0.024396 0.002429 0.043527 -0.045583 -0.035329
0.076077 0.089886 -0.060798 0.052151 -0.040670 -0.158233
-0.001630 -0.123922 0.098725 0.007076 -0.024930 0.001340
0.156988 -0.062850 0.029800 0.196244 0.422701 -0.467321
-0.027841 -0.030632 0.100401 0.304821 0.035509 0.342493
-0.104916 -0.015463 -0.000463 0.153070 -0.037467 -0.027447
-0.095525 0.044536 0.072228 -0.094647 0.378879 -0.186019
-0.076375 0.037201 -0.006221 0.059995 0.035263 0.090503
0.135723 -0.136517 0.122989 0.321173 0.326838 -0.424871
-0.041590 0.094373 -0.057107 -0.081301 -0.112977 0.070239
0.002318 0.003193 0.008492 0.066047 0.122994 0.121211
0.016741 0.019961 -0.007519 0.019626 0.159842 -0.230930
-0.006343 0.000093 0.007313 0.236906 -0.315236 -0.337653
0.052799 -0.035915 0.041990 0.109465 0.286254 -0.123194
0.041255 -0.016598 0.050069 0.204905 -0.087165 -0.168111
-0.002096 0.006121 -0.032939 -0.041046 0.138761 -0.131061
-0.000863 0.006862 0.004342 0.434881 -0.208118 -0.203743
-0.024659 -0.001728 0.019436 -0.071207 -0.129429 0.155469
-0.053238 -0.015582 0.062054 -0.098132 -0.071622 -0.052406
0.068177 0.073598 -0.058602 0.229514 0.141999 0.107847
-0.068443 0.051333 -0.005626 -0.034636 0.064131 0.024687
0.091544 0.071971 -0.039584 0.119004 0.042203 0.116821
0.019720 0.023158 -0.024637 0.188418 0.046862 -0.256588
0.035677 0.003258 -0.012978 0.091138 -0.328525 0.081286
-0.043132 0.037792 -0.046824 -0.038869 0.267986 -0.232950
0.039349 -0.018106 -0.009464 -0.079491 0.043438 0.062949
0.000754 0.005488 -0.003675 -0.088348 0.108483 0.321509
-0.004820 0.004080 -0.003296 0.015596 -0.044335 0.091241
-0.019947 0.031334 -0.022468 0.280654 -0.052347 0.217268
0.071485 -0.046807 0.092315 0.018971 -0.057209 -0.021593
0.171952 0.023875 -0.057463 -0.418748 0.172898 -0.254992
0.047761 0.023732 0.000369 -0.164420 -0.028788 -0.080408
