0.030046 -0.033404 -0.115928 -0.098819 -0.141205 -0.024984
0.089749 -0.048797 0.111786 0.133362 0.098740 -0.035302
-0.072438 0.113506 0.032834 0.212550 -0.276682 -0.247547
-0.044238 -0.053027 0.160782 0.142735 0.287593 -0.193933
0.082316 -0.101368 -0.039953 -0.289939 0.161716 0.013310
-0.037247 0.036254 -0.099412 -0.113429 -0.130783 -0.139808
-0.112439 0.021361 0.003886 -0.112750 0.006601 -0.070930
-0.082877 0.067240 0.111868 -0.023047 -0.061558 0.050391
-0.048064 0.119927 0.034448 0.057377 0.004910 0.025628
0.010399 -0.027122 0.067421 0.104811 -0.079239 0.005739
0.016071 -0.019895 0.006510 -0.170705 -0.248670 -0.016134
-0.077806 -0.058383 -0.061964 -0.022231 -0.083545 0.068355
0.000179 -0.006589 -0.005713 -0.143783 0.098758 0.023261
0.062453 0.011862 -0.065631 0.097274 0.318445 0.204681
-0.002634 -0.004439 -0.002447 0.081865 0.026198 -0.034517
0.001768 0.000958 -0.000931 0.016678 -0.154918 -0.213053
0.024990 0.002092 0.039020 -0.000808 -0.022360 0.002238
-0.000429 -0.000989 -0.000375 -0.076102 -0.252219 0.049160
-0.015292 0.125964 0.027162 -0.254605 -0.142086 -0.253365
-0.046613 0.062165 0.097404 0.289654 -0.150895 -0.239041
-0.035018 -0.010465 0.062657 -0.061585 0.223798 0.089033
0.149658 -0.009043 0.099624 0.338627 -0.043101 0.118491
0.073412 -0.004231 -0.055110 -0.224346 0.018680 0.125616
-0.001605 0.008239 0.131392 -0.105064 -0.039586 -0.010556
0.014347 -0.014845 0.027051 -0.175260 -0.097810 -0.254560
-0.005810 -0.005904 0.009563 -0.051063 -0.005334 -0.023451
0.030624 0.033987 0.000377 -0.054111 -0.055751 -0.005296
-0.127197 0.142737 0.024672 0.044412 -0.004301 0.045354
0.006470 0.010881 0.004286 -0.001296 0.001561 0.000566
0.020612 0.001751 0.021459 0.026951 -0.165213 0.127587
0.079297 0.082884 0.030548 0.022836 -0.093199 -0.100657
0.057996 -0.016776 -0.034179 -0.043712 -0.085417 -0.123424
-0.073355 0.080005 -0.037142 -0.006335 -0.189727 -0.259120
0.070142 0.009100 -0.026019 0.154400 0.091205 0.171996
-0.033001 -0.012806 -0.043025 0.353916 -0.353040 0.421057
-0.012795 -0.015807 -0.035699 0.020196 0.038448 -0.095070
0.077739 -0.029483 0.073098 0.002204 0.013399 -0.003319
0.127712 0.072127 0.128445 0.034976 -0.166327 0.191018
0.006308 -0.014149 -0.009069 -0.119897 0.099482 -0.191152
0.001232 0.001091 0.001479 0.020574 0.299963 -0.140476
