-0.047898 0.118098 0.076214 0.049781 0.028545 0.016600
0.024027 0.011442 0.008649 -0.175880 0.102468 -0.104858
0.110140 -0.000396 0.064158 0.000586 0.004896 -0.000681
0.066874 -0.157397 0.111728 -0.108592 0.198832 0.189712
-0.008768 -0.060375 0.060256 0.003482 -0.034619 -0.028978
-0.057510 0.033294 -0.058409 -0.064782 -0.039959 -0.068948
-0.011471 -0.037521 0.028601 -0.027007 -0.219223 0.174556
0.020007 0.066034 0.024699 -0.397548 -0.341986 -0.317143
-0.075831 0.022996 0.103496 -0.115075 0.172942 0.335251
-0.048418 -0.041778 -0.015930 0.421109 -0.099557 0.087833
-0.046286 -0.013459 0.070159 0.017455 0.101177 0.090687
0.072068 -0.105079 -0.069936 0.146996 0.177529 0.188153
0.043185 -0.004127 -0.022659 0.001061 0.017384 -0.014573
0.009179 -0.007454 0.015819 -0.089184 -0.116671 -0.124308
0.001879 0.057999 0.056151 0.015036 -0.300127 -0.179627
0.052820 0.046602 -0.038636 -0.052777 0.100673 0.323872
-0.089382 -0.009298 -0.073348 -0.004820 0.001377 0.003304
-0.066995 -0.073748 -0.020929 -0.104801 0.034342 -0.094209
-0.013270 0.003034 0.007749 -0.002524 -0.048726 -0.025232
0.082802 -0.134524 0.117271 -0.019257 0.052633 0.013507
0.027151 0.074049 0.044214 -0.100042 0.015748 0.051429
0.008881 -0.009377 0.040870 -0.147568 -0.194063 -0.063048
-0.006827 0.008182 0.009149 -0.368539 -0.153340 0.049093
0.007490 -0.019668 -0.037049 -0.266436 -0.350479 -0.211802
-0.001426 0.022040 0.001199 -0.120718 0.004857 0.058085
-0.026464 -0.052286 0.007856 0.233327 0.356619 0.187070
0.083625 0.029458 0.026073 -0.221177 -0.073671 -0.255255
-0.048451 0.033884 0.007277 0.155845 0.083887 0.125619
-0.137978 0.116767 0.089277 -0.093555 0.139019 -0.137959
0.000539 -0.013574 0.061724 0.025252 -0.046668 0.040107
0.045403 0.007453 0.042454 -0.260762 -0.321766 0.220014
0.003130 0.003533 -0.000439 0.170859 -0.013863 0.081042
-0.002103 0.018411 -0.012609 0.049351 -0.043483 0.022309
-0.109128 0.095390 -0.036668 0.083956 -0.235526 0.226079
0.103110 -0.024266 -0.088970 0.254142 0.230889 -0.230541
-0.002901 -0.019769 0.039357 0.134844 0.122716 0.055563
-0.060533 -0.066432 0.004057 -0.000615 0.003094 -0.002430
0.105391 -0.073811 -0.058738 -0.168634 0.159595 0.185717
0.007306 0.057332 0.058670 -0.015655 0.162657 0.091577
-0.036257 -0.009103 -0.136711 0.090482 0.170500 0.206054
