0.009218 0.008690 0.007643 -0.215981 0.042191 -0.079274
0.002930 -0.037250 -0.022222 0.120350 0.386461 0.146636
0.021318 0.004629 -0.052728 0.046516 0.005732 0.148007
-0.029874 -0.007266 -0.017641 -0.109126 0.122179 0.133469
0.062438 0.039121 -0.009249 0.011435 -0.077530 -0.023691
0.006381 0.015239 -0.039588 0.058191 0.022979 0.054003
-0.041374 -0.004599 0.043800 0.351668 0.155634 0.055246
-0.010566 0.010607 -0.007472 -0.113313 0.077683 -0.026831
0.114050 -0.088064 0.097364 0.011880 0.074811 0.051924
-0.035568 -0.063093 0.027141 0.269829 0.201893 -0.037470
0.069399 -0.035406 0.133016 -0.116151 -0.021545 0.147328
-0.152971 0.133276 -0.140732 -0.012883 0.014041 -0.033132
0.031246 0.028214 0.015209 0.088544 -0.069287 0.200233
-0.023625 0.023547 -0.017798 -0.115164 0.066801 -0.083006
-0.086760 0.012088 0.094835 0.058811 0.245419 0.130807
0.040971 0.045171 -0.035295 0.103701 0.286233 0.011796
0.001286 -0.001550 -0.000449 0.047006 0.076254 -0.134301
-0.025987 0.059452 0.015785 0.264826 -0.188476 -0.138611
-0.000245 0.000123 0.000290 -0.026210 -0.171070 0.087246
-0.066654 0.146610 0.057492 -0.163701 0.106160 0.032792
-0.061930 0.069402 0.024493 0.204498 0.380265 -0.391528
-0.061393 -0.038372 -0.048309 -0.167916 0.092118 -0.039651
0.101233 0.015373 -0.106501 -0.048156 0.037780 0.023983
-0.005218 -0.088903 0.042145 -0.143690 0.125487 0.072398
0.046200 -0.009478 -0.050705 0.103249 0.020178 0.042488
0.035573 -0.019049 0.006656 0.393386 0.033570 0.195127
-0.066938 -0.101640 0.112437 -0.041837 0.000135 0.041710
0.037004 0.032676 0.042587 -0.289424 -0.146050 0.265458
0.071774 0.015676 0.007134 0.029354 -0.039590 0.006040
-0.065875 -0.038747 0.052048 0.220040 -0.002998 0.264514
-0.003347 0.013178 0.005490 0.025057 -0.004432 0.018565
0.003977 0.000916 -0.003732 -0.298048 0.122679 -0.301811
-0.002008 0.006364 0.000950 -0.227136 0.334507 0.050573
-0.005714 0.007378 -0.007751 0.024553 0.052976 0.078760
-0.003167 -0.018032 0.005678 -0.126139 -0.128593 -0.048547
0.052726 0.036960 0.084177 -0.053685 -0.059583 0.161816
0.105209 0.077446 0.024466 0.246016 0.259869 0.169935
0.000942 -0.002859 -0.003062 0.030912 -0.150035 -0.131575
0.018442 0.002141 -0.026812 -0.093967 0.256433 -0.064857
-0.008718 0.076907 0.095998 0.101434 0.055117 -0.031326
0.012643 0.020662 -0.086666 0.282107 0.343345 0.097239
