-0.115329 0.064595 0.078134 -0.225619 0.252183 -0.311611
-0.006234 0.008803 -0.002369 -0.025392 0.009409 -0.073208
0.121417 0.044967 -0.002173 -0.120595 -0.139855 -0.101788
-0.109816 -0.079649 0.077139 -0.108700 0.056493 -0.246730
-0.078656 0.016919 0.051661 0.297826 -0.152485 -0.250639
-0.012306 -0.003738 0.001163 0.091559 0.183487 -0.151291
-0.027524 0.019873 0.001593 -0.021334 -0.000552 -0.003466
-0.015471 -0.018539 0.009374 0.173711 0.168737 -0.298346
-0.101149 0.136803 0.116074 0.399331 -0.126492 -0.026938
0.053890 0.034484 -0.077071 0.167884 -0.138289 0.134736
-0.048654 0.067424 -0.046466 -0.232884 -0.110521 -0.043783
-0.103348 -0.090011 0.126994 -0.246867 0.067817 0.366613
-0.012168 -0.008885 0.011190 -0.086244 -0.079702 -0.045754
-0.088722 -0.056757 -0.001059 0.109260 -0.378693 0.203672
0.080797 -0.086413 0.058988 -0.000895 0.001474 -0.033240
-0.056809 0.041573 -0.036597 -0.013809 -0.015667 -0.007010
0.000444 0.003287 -0.000969 0.045758 -0.038023 0.043599
-0.033764 -0.006329 -0.125985 -0.000074 0.009337 -0.002410
-0.059271 -0.059568 0.044935 0.000074 0.003911 -0.001846
0.009711 0.054911 -0.003115 0.053571 -0.153782 0.197188
0.012042 0.004672 0.004030 0.065226 -0.022799 -0.028202
0.027703 -0.034208 0.082145 -0.249698 0.125092 -0.174835
0.096848 -0.042057 0.059326 -0.020141 0.010690 0.001270
0.050110 0.028985 0.059842 0.434320 0.172823 0.293450
0.058972 -0.051697 0.054286 -0.034147 -0.092568 -0.228359
-0.044773 -0.000921 -0.046480 -0.313389 0.079649 -0.034059
-0.030317 0.054983 0.096052 0.442060 -0.114695 -0.381891
-0.004967 0.003343 0.005246 0.046404 -0.240834 -0.233332
0.122640 0.086167 0.072653 0.119207 0.112253 -0.039274
-0.036321 -0.024238 0.021257 0.057237 0.077960 0.008387
0.001924 -0.001622 0.007832 0.049933 0.124705 -0.052243
-0.005536 -0.038336 -0.019939 -0.007733 0.029821 0.061550
0.057697 -0.053599 -0.019651 0.217432 -0.104066 0.174536
0.022574 0.049921 0.051381 0.046077 -0.329200 -0.174690
0.021202 -0.022835 0.040227 -0.053764 -0.374187 0.101260
-0.020553 0.014808 0.001704 -0.028104 -0.026956 0.019103
-0.004903 0.005047 0.000177 -0.070786 0.226781 0.033034
0.005034 0.067841 0.130007 -0.050853 0.306369 -0.164403
-0.042217 0.059779 0.102112 0.104338 -0.009803 0.089488
0.073373 -0.003721 0.048164 0.282467 -0.206917 -0.087301
