-0.038068 0.002891 -0.019399 -0.034092 0.004667 -0.028554
0.068999 0.010080 -0.100049 -0.006173 -0.000996 -0.009154
0.001367 0.017883 -0.013426 0.085206 -0.004821 0.061210
-0.004021 -0.030224 0.036622 0.029256 0.154910 0.100366
-0.158836 -0.097112 -0.129453 -0.019934 -0.011977 0.009848
-0.043517 -0.053244 0.030876 -0.142884 -0.288758 0.340632
0.150737 0.007582 0.039918 0.188909 -0.141382 0.077461
0.011112 -0.014688 0.000979 0.074545 -0.062554 -0.017175
0.025088 0.010171 -0.023196 -0.222531 -0.248765 0.218169
-0.004416 -0.006903 0.013054 0.011722 -0.022123 -0.002607
-0.069279 -0.026897 0.002981 -0.154014 -0.057251 -0.071088
-0.097332 -0.084898 -0.087490 0.067586 0.053033 -0.164767
0.018487 -0.055399 -0.071957 0.111362 0.019950 -0.123602
-0.096592 -0.058527 -0.046090 -0.154057 -0.014177 0.098246
-0.016702 0.007643 -0.003361 -0.124932 -0.030955 -0.098825
-0.016929 0.010915 0.005403 -0.388592 0.225769 -0.143505
0.026799 0.165364 -0.028759 -0.061448 -0.021082 -0.042671
0.040646 -0.032629 -0.031514 0.131279 -0.039618 -0.150611
0.034967 -0.075135 0.062080 -0.176330 -0.089113 0.357868
-0.121718 -0.047348 0.128791 0.010187 -0.235854 -0.093401
-0.005618 0.060278 0.100032 0.062238 -0.062932 -0.024496
-0.009277 -0.007567 -0.004659 0.435937 -0.201710 0.376965
-0.029104 -0.001761 0.027841 -0.065527 0.076987 0.068439
0.140775 0.112835 0.160630 -0.035014 -0.134181 -0.040864
-0.061439 -0.083864 -0.119953 0.095227 -0.119213 -0.330200
0.037655 0.028353 -0.015306 -0.089480 0.048128 0.069703
0.095466 -0.083108 -0.018682 -0.105109 0.001456 -0.155312
-0.001716 0.026375 0.054698 0.193954 -0.230099 -0.191703
-0.045773 0.080303 0.076680 -0.162668 -0.066255 0.040000
0.027264 -0.067447 0.033789 -0.091895 -0.033914 -0.037886
0.030860 -0.053696 0.142568 -0.100398 -0.020335 0.025957
-0.137150 -0.060653 -0.064047 0.230565 -0.241120 -0.014196
-0.046275 0.123571 -0.008297 0.143463 0.022409 -0.102778
0.009576 -0.061378 -0.046550 0.180393 -0.218631 0.097910
0.059233 -0.028822 0.033733 0.136024 0.020629 0.084548
-0.002556 -0.001883 0.001596 0.096144 0.055290 -0.036416
0.055396 0.004889 -0.071234 0.087711 0.383934 0.099164
-0.058088 -0.033593 0.042974 -0.331089 0.374165 0.439085
-0.025582 -0.020203 -0.031262 0.181835 0.171768 0.177263
-0.116674 0.119726 -0.061706 -0.295500 -0.162996 0.179115
